3.000000000000000415e-05 4.489988864128728607e-02 -1.671790781186699437e-02 4.167147175699359440e-02 0.000000000000000000e+00
2.000000000000000164e-05 9.430891969073445028e-03 -5.979722194021042103e-03 7.292780389855858109e-03 0.000000000000000000e+00
1.000000000000000082e-05 0.000000000000000000e+00 0.000000000000000000e+00 0.000000000000000000e+00 0.000000000000000000e+00
8.000000000000000654e-05 2.687739355661305368e-02 -2.059202745326202399e-02 1.727317833408686595e-02 0.000000000000000000e+00
1.100000000000000039e-04 1.624123581181362991e-02 -1.624008852349892451e-02 -1.930425959627535791e-04 0.000000000000000000e+00
7.000000000000000742e-05 1.410024171294131483e-02 -1.404930847797056237e-02 1.197392021935448931e-03 0.000000000000000000e+00
7.000000000000000742e-05 1.410024171294131483e-02 -1.404930847797056237e-02 1.197392021935449365e-03 0.000000000000000000e+00
9.000000000000000567e-05 1.410024171294131483e-02 -1.404930847797056237e-02 1.197392021935449365e-03 0.000000000000000000e+00
2.000000000000000164e-05 0.000000000000000000e+00 0.000000000000000000e+00 0.000000000000000000e+00 0.000000000000000000e+00
4.000000000000000327e-05 1.974033839811786817e-01 -1.966903186915882062e-01 1.676348830709628590e-02 0.000000000000000000e+00
3.000000000000000415e-05 9.041070402090373159e-03 8.251631721230057170e-03 3.694797417010092788e-03 0.000000000000000000e+00
1.100000000000000039e-04 0.000000000000000000e+00 0.000000000000000000e+00 0.000000000000000000e+00 0.000000000000000000e+00
2.000000000000000096e-04 1.743511025612439619e-02 -1.686721137747765331e-02 -4.413643618452041395e-03 0.000000000000000000e+00
2.000000000000000164e-05 1.174002781280328311e-01 -3.118637729975087813e-02 -2.658742836146172142e-02 0.000000000000000000e+00
7.000000000000000742e-05 6.403651534256336875e-02 6.237275459950175627e-02 -1.450223365170639350e-02 0.000000000000000000e+00
1.200000000000000030e-04 3.563883288022280833e-03 1.040085686373481977e-03 3.408736694971541137e-03 0.000000000000000000e+00
4.000000000000000327e-05 2.633198310049715551e-02 2.601351027712361930e-02 4.082966699209267247e-03 0.000000000000000000e+00
1.000000000000000082e-05 6.989086117634189972e-03 -3.972084140434650745e-03 -5.750641037398741134e-03 0.000000000000000000e+00
3.000000000000000415e-05 0.000000000000000000e+00 0.000000000000000000e+00 0.000000000000000000e+00 0.000000000000000000e+00
2.000000000000000164e-05 4.507572745757458012e-03 3.803031320959104900e-03 -2.419744786149868876e-03 0.000000000000000000e+00
1.000000000000000048e-04 4.611048090260902454e-02 -1.492211319423580873e-02 -3.809305510015147112e-02 0.000000000000000000e+00
5.000000000000000240e-05 1.113825327356929122e-02 1.107245639893311706e-02 -1.208881830412761316e-03 0.000000000000000000e+00
6.000000000000000152e-05 5.952505097998649075e-02 5.565243962198290761e-02 -2.468624950010669949e-03 0.000000000000000000e+00
8.000000000000000654e-05 2.592628200951681630e-02 -2.432789511125132975e-02 -8.962456041339827983e-03 0.000000000000000000e+00
4.000000000000000327e-05 2.592628200951681110e-03 -2.432789511125132975e-03 -8.962456041339827983e-04 0.000000000000000000e+00
1.600000000000000131e-04 3.111153841142018026e-02 -2.919347413350159570e-02 -1.075494724960779358e-02 0.000000000000000000e+00
8.000000000000000654e-05 3.370416661237186223e-02 -3.162626364462672868e-02 -1.165119285374177638e-02 0.000000000000000000e+00
6.000000000000000152e-05 2.592628200951681110e-03 -2.432789511125132975e-03 -8.962456041339827983e-04 0.000000000000000000e+00
1.600000000000000131e-04 2.368259599815072253e-02 -7.465617518555012211e-03 -1.479724568788254313e-03 0.000000000000000000e+00
3.000000000000000415e-05 8.248557429114308781e-02 6.507644434876208583e-02 4.576916070922176782e-02 0.000000000000000000e+00
1.300000000000000157e-04 5.636086000120273110e-02 1.820759679191952252e-02 5.333882225113388553e-02 0.000000000000000000e+00
9.000000000000000567e-05 1.409021500030068277e-02 4.551899197979880629e-03 1.333470556278347138e-02 0.000000000000000000e+00
1.200000000000000030e-04 1.409021500030068277e-02 4.551899197979880629e-03 1.333470556278347138e-02 0.000000000000000000e+00
1.000000000000000048e-04 1.409021500030068277e-02 4.551899197979880629e-03 1.333470556278347138e-02 0.000000000000000000e+00
7.000000000000000742e-05 1.409021500030067757e-02 4.551899197979880629e-03 1.333470556278346791e-02 0.000000000000000000e+00
8.000000000000000654e-05 1.233012329269820954e-02 2.398869516364365850e-03 1.209451799190842947e-02 0.000000000000000000e+00
9.000000000000000567e-05 1.254354490695350037e-02 2.676787633595190119e-03 1.225460431011099471e-02 0.000000000000000000e+00
4.000000000000000327e-05 1.254354490695350037e-02 2.676787633595190119e-03 1.225460431011099471e-02 0.000000000000000000e+00
1.000000000000000048e-04 8.780481434867450086e-02 1.873751343516633083e-02 8.578223017077696300e-02 0.000000000000000000e+00
1.000000000000000082e-05 1.128919041625814773e-01 2.409108870235671107e-02 1.102914387909989247e-01 0.000000000000000000e+00
3.000000000000000415e-05 5.480350967244227572e-03 -4.048276626729407912e-03 3.694009079259430450e-03 0.000000000000000000e+00
1.000000000000000048e-04 3.865097239497161663e-02 -2.668912265598727407e-02 2.795690252747118354e-02 0.000000000000000000e+00
1.100000000000000039e-04 5.521567484995945109e-03 -3.812731807998182010e-03 3.993843218210169077e-03 0.000000000000000000e+00
5.000000000000000240e-05 3.851348479568616340e-02 -2.760225033780050463e-02 2.654270430388172564e-02 0.000000000000000000e+00
4.000000000000000327e-05 2.500125369216401050e-01 -1.192196184407867121e-01 1.014498290478951237e-01 0.000000000000000000e+00
1.000000000000000082e-05 5.435055150470441930e-03 4.967484101699448651e-03 2.205431066258589645e-03 0.000000000000000000e+00
1.300000000000000157e-04 2.500125369216401050e-01 2.285042686781746379e-01 -4.410862132517234802e-03 0.000000000000000000e+00
1.200000000000000030e-04 5.435055150470441930e-03 4.967484101699448651e-03 -2.205431066258589645e-03 0.000000000000000000e+00
1.700000000000000122e-04 2.010970405674061823e-01 1.837969117628794335e-01 -8.160094945156781687e-02 0.000000000000000000e+00
1.700000000000000122e-04 5.435055150470432389e-03 4.967484101699438243e-03 -2.205431066258589645e-03 0.000000000000000000e+00
3.000000000000000415e-05 1.195712133103495611e-01 1.092846502373876066e-01 -4.851948345768897219e-02 0.000000000000000000e+00
6.000000000000000152e-05 1.076610544902956677e-02 1.057250716979127314e-02 2.032515358942277306e-03 0.000000000000000000e+00
5.000000000000000240e-05 9.807321648933999339e-03 9.709722020930983133e-03 1.380165280644829462e-03 0.000000000000000000e+00
5.000000000000000240e-05 3.922928659573599736e-02 3.883888808372393253e-02 5.520661122579317848e-03 0.000000000000000000e+00
1.600000000000000131e-04 0.000000000000000000e+00 0.000000000000000000e+00 0.000000000000000000e+00 0.000000000000000000e+00
3.000000000000000415e-05 1.075056668463593261e-02 1.074650927584763771e-02 2.953344289524650890e-04 0.000000000000000000e+00
1.300000000000000157e-04 0.000000000000000000e+00 0.000000000000000000e+00 0.000000000000000000e+00 0.000000000000000000e+00
5.000000000000000240e-05 1.059446140769069837e-02 1.058424676674449283e-02 4.651160067191129066e-04 0.000000000000000000e+00
3.000000000000000415e-05 9.535015266921623156e-02 9.525822090070037995e-02 4.186044060472016159e-03 0.000000000000000000e+00
5.000000000000000240e-05 1.059446140769067062e-02 1.058424676674446507e-02 4.651160067191129066e-04 0.000000000000000000e+00
1.000000000000000048e-04 1.016479707651574832e-01 1.006802634292461307e-01 9.823013135888403191e-04 0.000000000000000000e+00
5.000000000000000240e-05 8.123307628725427720e-02 5.532157628390488302e-02 -5.948391278787035219e-02 0.000000000000000000e+00
5.000000000000000240e-05 8.006480458786727206e-03 -1.582061479130592030e-03 7.848618401552265311e-03 0.000000000000000000e+00
5.000000000000000240e-05 7.749345284961217661e-02 -1.286648475417562221e-02 7.641785658225197508e-02 0.000000000000000000e+00
5.000000000000000240e-05 7.044859349964743486e-03 -1.169680432197783837e-03 6.947077871113815917e-03 0.000000000000000000e+00
9.000000000000000567e-05 7.044859349964743486e-03 -1.169680432197783837e-03 6.947077871113815917e-03 0.000000000000000000e+00
4.000000000000000327e-05 4.226915609978846439e-02 -7.018082593186703022e-03 4.168246722668289550e-02 0.000000000000000000e+00
1.000000000000000082e-05 7.044859349964743486e-03 -1.169680432197783837e-03 6.947077871113815917e-03 0.000000000000000000e+00
1.100000000000000039e-04 3.522429674982371917e-02 -5.848402160988919185e-03 3.473538935556907958e-02 0.000000000000000000e+00
8.000000000000000654e-05 1.081694798949745656e-02 1.081200820768002391e-02 -3.268674418672734561e-04 0.000000000000000000e+00
4.000000000000000327e-05 7.042533824811717316e-03 6.700057184859997683e-03 2.169450712328602204e-03 0.000000000000000000e+00
8.000000000000000654e-05 6.338280442330544717e-02 6.030051466373997915e-02 1.952505641095741984e-02 0.000000000000000000e+00
1.700000000000000122e-04 7.042533824811717316e-03 6.700057184859997683e-03 2.169450712328602204e-03 0.000000000000000000e+00
2.300000000000000070e-04 7.042533824811717316e-03 6.700057184859997683e-03 2.169450712328602204e-03 0.000000000000000000e+00
1.600000000000000131e-04 7.042533824811717316e-03 6.700057184859997683e-03 2.169450712328602204e-03 0.000000000000000000e+00
1.600000000000000131e-04 4.225520294887030043e-02 -2.680022873943999073e-02 1.301670427397161323e-02 0.000000000000000000e+00
1.900000000000000105e-04 7.042533824811717316e-03 -6.700057184859997683e-03 2.169450712328602204e-03 0.000000000000000000e+00
3.000000000000000415e-05 2.957864206420922626e-01 -2.814024017641201247e-01 -7.810022564382962384e-02 0.000000000000000000e+00
5.000000000000000240e-05 9.276620717875386918e-03 -2.489297716243010772e-04 9.273280213177748088e-03 0.000000000000000000e+00
1.100000000000000039e-04 1.236321396669023617e-02 -4.451328272555177268e-03 1.153406850144889084e-02 0.000000000000000000e+00
8.000000000000000654e-05 6.181606983345118086e-03 -2.225664136277588634e-03 5.767034250724445421e-03 0.000000000000000000e+00
9.000000000000000567e-05 5.784514624055679677e-03 -5.587346775825979828e-03 -1.497386203549722072e-03 0.000000000000000000e+00
7.000000000000000742e-05 4.477504214833021370e-03 -3.794372974277704369e-03 2.377136455048056707e-03 0.000000000000000000e+00
8.000000000000000654e-05 5.820755479282926220e-02 -4.932684866561015680e-02 3.090277391562473719e-02 0.000000000000000000e+00
6.000000000000000152e-05 4.477504214833021370e-03 -3.794372974277704369e-03 2.377136455048056707e-03 0.000000000000000000e+00
3.000000000000000415e-05 4.477504214833021370e-03 -3.794372974277704369e-03 2.377136455048056707e-03 0.000000000000000000e+00
3.000000000000000415e-05 4.477504214833021370e-03 -3.794372974277704369e-03 2.377136455048056707e-03 0.000000000000000000e+00
1.500000000000000140e-04 1.074601011559926100e-01 -9.106495138266496037e-02 -1.901709164038450917e-02 0.000000000000000000e+00
1.200000000000000030e-04 4.477504214833027442e-03 -3.794372974277711308e-03 -2.377136455048056707e-03 0.000000000000000000e+00
1.200000000000000030e-04 4.477504214833027442e-03 -3.794372974277711308e-03 -2.377136455048056707e-03 0.000000000000000000e+00
1.300000000000000157e-04 1.281330345742061512e-02 -1.245544987496372685e-02 3.007077302666694152e-03 0.000000000000000000e+00
1.300000000000000157e-04 1.523276814067439644e-01 -1.502646144562781727e-01 -2.498535901404169701e-02 0.000000000000000000e+00
1.100000000000000039e-04 6.093107256269756668e-03 -6.010584578251126908e-03 -9.994143605616678805e-04 0.000000000000000000e+00
1.200000000000000030e-04 6.093107256269756668e-03 -6.010584578251126908e-03 -9.994143605616678805e-04 0.000000000000000000e+00
1.700000000000000122e-04 6.093107256269756668e-03 -6.010584578251126908e-03 -9.994143605616678805e-04 0.000000000000000000e+00
1.300000000000000157e-04 8.530350158777662284e-02 -8.414818409551580447e-02 -1.399180104786335033e-02 0.000000000000000000e+00
9.000000000000000567e-05 6.808983870891624664e-03 -1.761478344556977049e-03 -6.577192060121028749e-03 0.000000000000000000e+00
2.000000000000000164e-05 5.965716132925174588e-03 -2.731754038136857687e-03 -5.303516649711459419e-03 0.000000000000000000e+00
3.000000000000000415e-05 5.965716132925174588e-03 -2.731754038136857687e-03 -5.303516649711459419e-03 0.000000000000000000e+00
9.000000000000000567e-05 2.386286453170069835e-02 -1.092701615254743075e-02 -2.121406659884583767e-02 0.000000000000000000e+00
1.000000000000000048e-04 5.965716132925174588e-03 -2.731754038136857687e-03 -5.303516649711459419e-03 0.000000000000000000e+00
1.000000000000000048e-04 5.965716132925174588e-03 -2.731754038136857687e-03 -5.303516649711459419e-03 0.000000000000000000e+00
1.400000000000000148e-04 8.352002586095245984e-02 -3.824455653391600762e-02 -7.424923309596043186e-02 0.000000000000000000e+00
1.500000000000000140e-04 5.965716132925174588e-03 -2.731754038136857687e-03 -5.303516649711459419e-03 0.000000000000000000e+00
4.000000000000000327e-05 8.948574199387744621e-02 -4.097631057205286531e-02 -7.955274974567166923e-02 0.000000000000000000e+00
4.000000000000000327e-05 9.964737805775478879e-03 9.889225456317984886e-03 1.224426156190505655e-03 0.000000000000000000e+00
1.800000000000000113e-04 1.939338290941695908e-02 1.556090909581375747e-02 -7.938802798705180130e-03 0.000000000000000000e+00
1.400000000000000148e-04 6.006070444769182060e-02 3.528376107231945280e-02 -4.860395481176879584e-02 0.000000000000000000e+00
3.000000000000000415e-05 5.160805937592219395e-02 2.014829064499867872e-02 -4.470043760704756064e-02 0.000000000000000000e+00
1.000000000000000048e-04 4.685561683687610168e-01 -1.456642202015189791e-01 -4.453389920829951554e-01 0.000000000000000000e+00
5.000000000000000240e-05 2.037200732038093112e-02 -6.333226965283433874e-03 -1.936256487317372654e-02 0.000000000000000000e+00
9.000000000000000567e-05 1.629760585630473935e-01 -5.066581572226747099e-02 -1.549005189853897568e-01 0.000000000000000000e+00
8.000000000000000654e-05 2.037200732038093112e-02 -6.333226965283433874e-03 1.936256487317372654e-02 0.000000000000000000e+00
9.000000000000000567e-05 2.037200732038093112e-02 -6.333226965283433874e-03 1.936256487317372654e-02 0.000000000000000000e+00
1.100000000000000039e-04 1.088786882586542520e-01 1.798614987960872602e-02 1.037579108273830042e-01 0.000000000000000000e+00
1.000000000000000082e-05 9.206008077207197132e-03 -6.241227702065144101e-03 6.767396950717374793e-03 0.000000000000000000e+00
1.600000000000000131e-04 0.000000000000000000e+00 0.000000000000000000e+00 0.000000000000000000e+00 0.000000000000000000e+00
1.500000000000000140e-04 4.960009710395752239e-03 3.439216163838743068e-03 3.574001749525379523e-03 0.000000000000000000e+00
1.200000000000000030e-04 3.500624655455604212e-03 3.398572782958853011e-04 3.484088117251482597e-03 0.000000000000000000e+00
2.000000000000000164e-05 3.500624655455604212e-03 3.398572782958853011e-04 3.484088117251482597e-03 0.000000000000000000e+00
2.000000000000000164e-05 1.719086654890767535e-02 1.561810070819580343e-02 -7.183371281717698675e-03 0.000000000000000000e+00
4.000000000000000327e-05 1.611148408633771567e-01 1.496059289691078487e-01 -5.980015019815265731e-02 0.000000000000000000e+00
2.000000000000000164e-05 1.342623673861476595e-02 1.246716074742565405e-02 -4.983345849846054776e-03 0.000000000000000000e+00
4.000000000000000327e-05 0.000000000000000000e+00 0.000000000000000000e+00 0.000000000000000000e+00 0.000000000000000000e+00
3.000000000000000415e-05 1.342623673861476595e-02 1.246716074742565405e-02 -4.983345849846054776e-03 0.000000000000000000e+00
2.000000000000000164e-05 9.398365717030324196e-02 8.727012523197946736e-02 -3.488342094892238343e-02 0.000000000000000000e+00
8.000000000000000654e-05 1.173854824312267758e-01 1.076811942427050861e-01 -3.383297132073859181e-02 0.000000000000000000e+00
6.000000000000000152e-05 2.230265928851996732e-02 8.827267642258496139e-03 1.443517889468548532e-02 0.000000000000000000e+00
3.000000000000000415e-05 0.000000000000000000e+00 0.000000000000000000e+00 0.000000000000000000e+00 0.000000000000000000e+00
8.000000000000000654e-05 5.013772291453508570e-03 -4.869286814596140989e-03 1.194972178649833516e-03 0.000000000000000000e+00
4.000000000000000327e-05 5.013772291453508570e-03 -4.869286814596140989e-03 1.194972178649833516e-03 0.000000000000000000e+00
5.000000000000000240e-05 1.453993964521517468e-01 -1.412093176232880887e-01 3.465419318084517197e-02 0.000000000000000000e+00
3.000000000000000415e-05 0.000000000000000000e+00 0.000000000000000000e+00 0.000000000000000000e+00 0.000000000000000000e+00
1.600000000000000131e-04 3.008263374872102019e-02 -2.921572088757681818e-02 7.169833071899001098e-03 0.000000000000000000e+00
1.400000000000000148e-04 5.013772291453508570e-03 -4.869286814596140989e-03 1.194972178649833516e-03 0.000000000000000000e+00
4.000000000000000327e-05 5.449173592686791523e-02 -1.816082243004768504e-02 -2.707644561154465279e-03 0.000000000000000000e+00
1.600000000000000131e-04 0.000000000000000000e+00 0.000000000000000000e+00 0.000000000000000000e+00 0.000000000000000000e+00
5.000000000000000240e-05 6.212582634880832455e-02 5.337241373497725316e-02 -3.109050865309692657e-02 0.000000000000000000e+00
5.000000000000000240e-05 2.034693965344775909e-02 1.963398246777478540e-02 -5.338977965505864454e-03 0.000000000000000000e+00
4.000000000000000327e-05 2.034693965344775909e-02 1.963398246777478540e-02 -5.338977965505864454e-03 0.000000000000000000e+00
5.000000000000000240e-05 9.393995711869224108e-02 9.103249072072834569e-02 -2.253644319915881766e-02 0.000000000000000000e+00
1.000000000000000082e-05 0.000000000000000000e+00 0.000000000000000000e+00 0.000000000000000000e+00 0.000000000000000000e+00
5.000000000000000240e-05 1.036227252765092033e-01 8.119566643054822175e-02 5.267548935842014668e-02 0.000000000000000000e+00
3.000000000000000415e-05 3.081524113435213721e-02 -8.211512977251915479e-03 2.970101245400047496e-02 0.000000000000000000e+00
1.700000000000000122e-04 1.634304811614265274e-01 -3.685556099572771110e-02 1.592205696395587733e-01 0.000000000000000000e+00
1.700000000000000122e-04 1.840469091270174190e-02 -1.189886614534356457e-02 1.404099825679366864e-02 0.000000000000000000e+00
3.000000000000000415e-05 8.144834736677199205e-02 -4.842132108752474073e-02 6.462366048937176477e-02 0.000000000000000000e+00
2.100000000000000087e-04 8.812042681361290097e-02 8.150648541284422066e-02 3.349481239623708362e-02 0.000000000000000000e+00
2.300000000000000070e-04 1.936620382796394937e-02 -1.922991178074617141e-02 -2.293543897762817529e-03 0.000000000000000000e+00
2.000000000000000164e-05 1.746481733267380154e-01 -1.701287720903512934e-01 -2.353133865746040443e-02 0.000000000000000000e+00
4.000000000000000327e-05 1.811560817352290617e-02 3.199356560837696151e-03 -1.783085463720779362e-02 0.000000000000000000e+00
5.000000000000000240e-05 2.108294307033252782e-02 1.249518354393658326e-03 -2.104588302706530967e-02 0.000000000000000000e+00
4.000000000000000327e-05 1.748481156439022355e-01 1.353828114017935347e-02 -1.743232012326324243e-01 0.000000000000000000e+00
3.000000000000000415e-05 8.355184076151406236e-02 1.005268306610324069e-03 -8.260772138195165981e-02 0.000000000000000000e+00
1.200000000000000030e-04 1.105687020120222075e-01 -9.579393608937530891e-02 -1.380434640142380598e-02 0.000000000000000000e+00
1.200000000000000030e-04 2.451265904621740405e-02 -2.025674200347094001e-02 1.380343641709991243e-02 0.000000000000000000e+00
3.000000000000000415e-05 9.940692761799960198e-02 -8.339085806360474473e-02 5.410824382537232635e-02 0.000000000000000000e+00
4.000000000000000327e-05 4.771532525663980673e-01 2.334944025780932297e-01 2.597195703617871665e-01 0.000000000000000000e+00
3.000000000000000415e-05 1.087791857435216336e-02 1.086506675167511760e-02 5.286180018498343181e-04 0.000000000000000000e+00
1.000000000000000082e-05 0.000000000000000000e+00 0.000000000000000000e+00 0.000000000000000000e+00 0.000000000000000000e+00
3.000000000000000415e-05 9.203744918029383229e-03 8.129210935674119343e-03 -4.315651756046590126e-03 0.000000000000000000e+00
3.000000000000000415e-05 3.835270488069448137e-03 -1.106052091957743233e-03 -3.672321947560203137e-03 0.000000000000000000e+00
1.000000000000000082e-05 0.000000000000000000e+00 0.000000000000000000e+00 0.000000000000000000e+00 0.000000000000000000e+00
9.000000000000000567e-05 0.000000000000000000e+00 0.000000000000000000e+00 0.000000000000000000e+00 0.000000000000000000e+00
3.000000000000000415e-05 4.199284255998004221e-03 -2.164258533740831547e-03 -3.598607128015324230e-03 0.000000000000000000e+00
2.000000000000000164e-05 4.199284255998004221e-03 -2.164258533740831547e-03 -3.598607128015324230e-03 0.000000000000000000e+00
8.000000000000000654e-05 1.142222796846986341e-02 5.032318056933632322e-03 -4.215211740464075429e-03 0.000000000000000000e+00
2.000000000000000096e-04 1.164864205051356766e-01 1.160931601718639961e-01 -9.563698207765369830e-03 0.000000000000000000e+00
2.100000000000000087e-04 7.280401281570977184e-03 7.255822510741499753e-03 -5.977311379853356144e-04 0.000000000000000000e+00
6.000000000000000152e-05 1.310472230682776518e-01 1.306048051933470233e-01 -1.075916048373604106e-02 0.000000000000000000e+00
5.000000000000000240e-05 7.422575916864627456e-03 -1.242829703693895671e-03 7.317787067770892273e-03 0.000000000000000000e+00
1.600000000000000131e-04 1.902065595906794401e-02 7.859109579104461840e-03 1.732107819210038091e-02 0.000000000000000000e+00
1.900000000000000105e-04 4.755163989766986003e-03 1.964777394776115460e-03 4.330269548025095228e-03 0.000000000000000000e+00
1.000000000000000082e-05 3.328614792836890462e-02 1.375344176343280822e-02 3.031188683617566659e-02 0.000000000000000000e+00
4.000000000000000327e-05 1.425822309315967137e-02 -1.237212211487453972e-02 -7.087137655566178029e-03 0.000000000000000000e+00
1.400000000000000148e-04 1.462350372828288003e-01 -1.353873638807765456e-01 -5.527158248616129144e-02 0.000000000000000000e+00
1.000000000000000048e-04 7.696580909622568849e-03 -7.125650730567187341e-03 -2.909030657166383760e-03 0.000000000000000000e+00
5.000000000000000240e-05 4.859864073392006767e-01 -4.502611936008480420e-01 -1.720812039692264928e-01 0.000000000000000000e+00
3.000000000000000415e-05 6.392645684003883666e-02 1.931371621366290148e-02 2.700768739237452420e-02 0.000000000000000000e+00
3.000000000000000415e-05 2.130881894667962725e-02 1.931371621366284597e-02 9.002562464124841402e-03 0.000000000000000000e+00
3.000000000000000415e-05 1.491617326267573873e-01 1.351960134956399218e-01 6.301793724887388981e-02 0.000000000000000000e+00
2.000000000000000164e-05 2.130881894667962725e-02 1.931371621366284597e-02 9.002562464124841402e-03 0.000000000000000000e+00
8.000000000000000654e-05 6.392645684003887829e-02 5.794114864098851014e-02 2.700768739237457972e-02 0.000000000000000000e+00
9.000000000000000567e-05 0.000000000000000000e+00 0.000000000000000000e+00 0.000000000000000000e+00 0.000000000000000000e+00
1.000000000000000048e-04 2.130881894667961338e-02 1.931371621366281821e-02 9.002562464124869157e-03 0.000000000000000000e+00
6.000000000000000152e-05 0.000000000000000000e+00 0.000000000000000000e+00 0.000000000000000000e+00 0.000000000000000000e+00
1.900000000000000105e-04 2.130881894667961338e-02 1.931371621366281821e-02 9.002562464124869157e-03 0.000000000000000000e+00
7.000000000000000742e-05 8.523527578671845351e-02 7.725486485465127284e-02 3.601024985649947663e-02 0.000000000000000000e+00
4.000000000000000327e-05 4.261763789335924757e-02 3.862743242732566418e-02 1.800512492824973831e-02 0.000000000000000000e+00
4.000000000000000327e-05 2.130881894667962378e-02 1.931371621366283209e-02 9.002562464124869157e-03 0.000000000000000000e+00
