$SPEC_ID:
No sample description was entered.
$SPEC_REM:
DET# 2
DETDESC# PHY-0040-AA Easy-MCA-8k SN 21098639
AP# Maestro Version 7.01
$DATE_MEA:
02/24/2025 10:07:56
$MEAS_TIM:
174 174
$DATA:
0 4095
       0
       0
       0
       0
       0
       0
       0
       0
       0
       0
       0
       0
       0
       0
       0
       0
       0
       0
       0
       0
       0
       0
       0
       0
       0
       0
       0
       0
       0
       0
      10
      12
      13
      19
      17
      16
       7
      15
      13
      14
      15
      14
       9
      15
       8
      13
       9
      14
       7
      10
      12
      11
      23
      13
      19
      17
      17
      16
      20
      20
      16
      19
      23
      17
      26
      24
      23
      24
      30
      20
      30
      20
      24
      30
      27
      28
      31
      15
      27
      24
      23
      17
      22
      22
      19
      21
      28
      23
      29
      21
      24
      19
      30
      32
      15
      24
      29
      28
      21
      17
      15
      17
      24
      20
      24
      16
      18
      16
      19
      22
      15
      27
      20
      24
      18
      15
      15
      18
      22
      23
      18
      18
      16
      12
      10
      19
      19
      23
      17
      13
      18
      19
      20
      22
      28
      28
      23
      20
      29
      27
      21
      24
      27
      24
      23
      21
      33
      26
      24
      26
      34
      27
      28
      23
      21
      33
      29
      35
      31
      32
      30
      36
      37
      25
      32
      30
      44
      23
      37
      28
      25
      28
      32
      34
      34
      32
      55
      29
      26
      45
      31
      35
      48
      49
      40
      37
      44
      48
      45
      57
      44
      37
      59
      59
      67
      51
      57
      60
      44
      52
      50
      54
      57
      58
      55
      85
      69
      63
      54
      71
      57
      87
      76
      95
      91
      95
     103
      87
      96
     110
     119
     103
     115
     111
     106
     107
     140
     129
     124
     121
     144
     133
     114
     108
     135
     160
     139
     138
     153
     149
     128
     143
     142
     133
     147
     124
     127
     155
     121
     127
     127
     125
     106
     110
     135
     121
     127
     126
     103
     124
      98
      98
      99
     113
     118
     100
     107
      84
      95
      96
      97
      99
     111
     108
     103
      96
      91
     111
     108
     132
     127
     131
     130
     136
     154
     142
     154
     201
     203
     231
     239
     217
     261
     299
     318
     317
     322
     396
     403
     432
     443
     524
     536
     536
     564
     631
     689
     675
     690
     789
     715
     860
     870
     842
     875
     896
     954
     997
     930
     981
     947
     962
     948
     937
     983
     868
     913
     859
     912
     849
     788
     817
     772
     746
     696
     718
     667
     610
     570
     533
     541
     493
     453
     471
     413
     374
     366
     336
     339
     361
     269
     282
     301
     257
     247
     247
     221
     212
     198
     176
     184
     183
     139
     150
     137
     165
     130
     131
     118
      99
     104
     104
      99
     110
     107
      87
      95
      83
      79
      70
      60
      57
      59
      66
      68
      47
      54
      62
      46
      49
      44
      41
      43
      38
      37
      34
      36
      42
      36
      38
      34
      21
      33
      29
      37
      30
      29
      30
      20
      30
      31
      26
      32
      21
      38
      39
      28
      27
      31
      33
      32
      36
      21
      28
      37
      28
      34
      26
      19
      22
      30
      30
      26
      29
      36
      26
      19
      18
      33
      32
      24
      23
      29
      22
      25
      27
      29
      24
      27
      22
      26
      24
      26
      26
      30
      27
      27
      30
      24
      19
      22
      25
      22
      27
      26
      25
      30
      27
      24
      27
      24
      28
      18
      31
      34
      21
      19
      24
      22
      22
      24
      23
      29
      23
      19
      21
      29
      15
      19
      17
      21
      25
      19
      18
      22
      30
      27
      26
      24
      20
      20
      26
      24
      24
      21
      25
      25
      27
      20
      30
      26
      20
      22
      24
      14
      19
      23
      15
      25
      25
      21
      28
      14
      15
      20
      23
      14
      26
      20
      18
      18
      13
      16
      24
      26
      17
      19
      14
      15
      21
      17
      12
      18
      12
      17
      14
      21
      20
      17
      24
      18
      22
      24
      13
      22
      24
      19
      16
      16
      18
      21
      15
      11
      17
      24
      11
      18
      20
      23
      19
      17
      22
      24
      11
      21
      13
      31
      15
      18
      13
      14
      16
      17
      20
      20
      15
      15
      15
      17
      22
      17
      27
      17
      19
      19
      21
      26
      14
      16
      18
      19
      14
      20
      20
      20
      21
      17
      11
      20
      14
      14
      20
      24
      17
       9
      18
      12
      14
      18
      17
      10
      18
      17
       7
      12
      10
      13
      16
      19
      14
      16
      14
      19
      18
      15
      15
      13
      15
      10
      11
      15
      14
      15
      12
      13
      14
      20
      13
      23
      11
       9
      11
      10
      17
      11
      15
      16
      14
       7
      11
      11
      10
       9
      12
       8
      14
       7
      14
      12
      12
      11
      13
       8
      16
       7
       9
      16
      12
       9
      15
      16
      18
      12
      12
      17
      13
      16
      17
      11
      15
       9
      13
      11
       9
      10
       7
      11
      10
       8
       7
       9
       7
       8
      13
      17
       8
      12
      15
      14
       9
      13
       9
      12
       9
       6
       6
       8
      10
       9
       9
      12
      14
      13
      12
       8
      10
      10
       8
       4
      13
       7
      16
       4
       8
      13
      12
      11
      10
       8
      13
      12
       6
       9
      10
      14
      10
      13
      11
       5
       5
       7
      11
       8
       8
      11
       6
       9
       8
       6
      10
       9
       5
       8
       6
       9
       4
       6
       6
      14
       7
       8
       7
       8
      10
       7
      11
      14
       9
       4
      10
       4
      12
       4
      15
      10
       8
       6
       5
       8
       5
       8
      11
      11
      10
       6
       9
       9
       4
       6
       5
       6
      13
      10
       9
       8
      11
       7
      13
       6
       5
       6
       7
       8
       9
       5
       6
      11
      10
       3
       7
       8
      11
       6
      10
       6
      11
       7
       6
       7
       6
       3
      10
       9
      10
       8
       9
       3
       8
       9
       6
      10
       4
      13
       8
      11
       7
       8
       5
       8
       6
       7
       5
      10
       6
       2
       6
       9
       4
       6
       7
       9
       7
       6
       4
       9
       8
       7
       6
       7
      10
       5
       6
       4
       4
       7
       4
       5
       5
       3
       6
      11
      11
       5
       8
       4
       8
       2
       7
       8
      11
       7
       4
       6
       4
       5
       3
       3
       4
       7
       6
       4
       6
       5
       8
       6
       9
       8
       5
       9
       9
       8
       4
       7
       3
       7
       6
       4
       3
       4
       4
       6
       7
       6
       6
       4
       7
       6
       1
       8
       5
       3
       6
       8
       4
       4
       4
       8
       7
       8
       7
       6
       6
       7
       9
       3
       6
       3
       7
       6
       6
       2
       8
       2
       2
       4
       5
       6
       4
       7
       4
       3
       6
       6
       4
       2
       7
       6
       5
       4
       3
       7
       6
       5
       2
       5
       5
       4
       4
       2
       5
       3
       6
       6
       8
       6
       5
       5
       5
       7
       2
       2
       2
       7
       5
       4
       4
       1
       5
       0
       9
       2
      11
       4
      12
       1
       5
       7
       2
       5
       3
       5
       4
       5
       3
       3
       5
       2
       2
       2
       1
       5
       6
       3
       3
       2
       4
       5
       6
       3
       1
       1
       6
       5
       6
       0
       2
       6
       5
       4
       4
       1
       6
       3
       3
       2
       5
       3
       3
       3
       7
       2
       1
       7
       5
       5
       4
       3
       6
       2
       5
       1
       3
       1
       3
       5
       3
       2
       6
       0
       3
       4
       4
       1
       2
       5
       4
       3
       1
       5
       4
       4
       2
       7
       1
       5
       3
       5
       5
       6
       3
       2
       5
       6
       4
       3
       3
       2
       4
       0
       4
       4
       2
       6
       3
       2
       4
       3
       6
       4
       1
       4
       6
       2
       5
       3
       5
       7
       2
       1
       4
       3
       3
       2
       4
       1
       0
       3
       3
       3
      11
       1
       1
       3
       3
       3
       1
       1
       2
       3
       1
       5
       1
       2
       0
       3
       4
       2
       4
       4
       2
       2
       3
       3
       3
       2
       2
       5
       4
       4
       4
       4
       2
       1
       6
       3
       4
       6
       2
       5
       4
       3
       4
       4
       2
       4
       4
       1
       3
       2
       2
       4
       4
       2
       2
       3
       3
       3
       2
       5
       4
       2
       4
       7
       6
       5
       2
       2
       4
       4
       1
       1
       3
       3
       6
       0
       4
       2
       7
       1
       1
       4
       3
       3
       4
       1
       1
       5
       2
       5
       1
       2
       3
       4
       2
       4
       4
       4
       3
       4
       3
       2
       4
       5
       3
       4
       2
       3
       2
       4
       5
       1
       8
       5
       1
       6
       1
       0
       4
       5
       2
       5
       2
       2
       6
       2
       2
       3
       3
       1
       2
       4
       4
       2
       5
       1
       7
       2
       6
       4
       4
       3
       2
       1
       3
       1
       3
       3
       3
       2
       2
       1
       0
       4
       3
       6
       2
       3
       1
       1
       0
       3
       0
       8
       4
       1
       3
       0
       2
       3
       2
       6
       1
       4
       4
       0
       5
       1
       2
       4
       1
       2
       0
       1
       2
       0
       4
       1
       2
       2
       2
       0
       2
       0
       2
       3
       5
       4
       4
       4
       2
       2
       2
       6
       3
       7
       2
       2
       2
       3
       2
       1
       3
       1
       2
       4
       5
       4
       3
       3
       5
       4
       2
       2
       3
       2
       5
       2
       3
       2
       3
       1
       1
       5
       6
       2
       1
       1
       6
       2
       1
       1
       4
       5
       3
       2
       1
       5
       2
       1
       1
       4
       3
      11
       1
       1
       2
       4
       2
       1
       1
       1
       1
       2
       2
       7
       3
       3
       4
       6
       4
       2
       4
       0
       2
       3
       6
       4
       4
       4
       3
       3
       1
       3
       7
       0
       1
       2
       3
       2
       1
       4
       2
       5
       3
       3
       3
       4
       1
       5
       3
       2
       0
       1
       2
       7
       3
       5
       5
       4
       1
       6
       3
       1
       0
       3
       3
       5
       0
       4
       5
       2
       2
       3
       1
       2
       9
       2
       2
       3
       4
       4
       0
       1
       2
       2
       1
       0
       4
       2
       1
       2
       4
       2
       1
       2
       0
       2
       3
       1
       2
       4
       1
       2
       0
       1
       1
       2
       2
       1
       3
       1
       2
       3
       3
       5
       1
       2
       3
       4
       1
       5
       2
       5
       0
       3
       3
       3
       2
       2
       8
       1
       3
       5
       0
       4
       5
       1
       1
       2
       3
       2
       1
       0
       1
       3
       3
       6
       1
       7
       5
       1
       3
       3
       2
       2
       5
       3
       2
       1
       4
       2
       3
       1
       3
       3
       1
       1
       0
       4
       2
       2
       2
       2
       1
       2
       4
       2
       1
       2
       2
       3
       3
       3
       3
       4
       2
       1
       1
       0
       5
       3
       1
       4
       2
       4
       4
       4
       1
       5
       3
       0
       1
       1
       1
       1
       2
       1
       0
       4
       4
       1
       3
       1
       0
       2
       3
       1
       4
       3
       6
       2
       4
       0
       1
       2
       2
       2
       3
       3
       2
       3
       2
       1
       2
       1
       0
       2
       1
       1
       0
       0
       0
       1
       0
       3
       2
       3
       1
       0
       1
       1
       1
       1
       2
       4
       3
       0
       5
       1
       0
       2
       1
       2
       3
       1
       1
       1
       3
       0
       3
       1
       2
       4
       2
       2
       2
       1
       3
       2
       0
       3
       1
       3
       2
       2
       3
       0
       2
       1
       0
       0
       2
       2
       1
       1
       2
       1
       0
       2
       3
       3
       3
       1
       1
       0
       5
       0
       3
       3
       1
       1
       2
       1
       2
       3
       2
       2
       1
       1
       0
       3
       4
       0
       2
       1
       2
       1
       0
       3
       3
       2
       4
       2
       1
       2
       1
       0
       1
       3
       2
       3
       2
       0
       0
       1
       1
       2
       0
       4
       2
       1
       2
       1
       2
       1
       1
       0
       2
       1
       0
       0
       2
       1
       5
       0
       5
       3
       2
       1
       0
       1
       0
       0
       0
       2
       0
       1
       0
       1
       0
       3
       0
       2
       0
       1
       0
       2
       3
       1
       3
       0
       3
       4
       0
       0
       3
       0
       2
       2
       1
       2
       1
       1
       1
       2
       5
       0
       1
       2
       1
       3
       1
       2
       2
       1
       1
       0
       1
       0
       5
       0
       1
       1
       3
       2
       1
       1
       2
       2
       0
       1
       2
       2
       1
       2
       1
       0
       1
       1
       2
       1
       2
       1
       0
       1
       0
       0
       1
       2
       2
       1
       1
       2
       2
       1
       0
       1
       1
       0
       1
       1
       1
       1
       2
       3
       2
       3
       1
       2
       2
       3
       5
       0
       2
       0
       1
       1
       4
       2
       2
       1
       2
       0
       6
       0
       1
       1
       1
       3
       1
       0
       0
       0
       1
       0
       0
       0
       2
       0
       1
       1
       1
       1
       1
       0
       1
       1
       0
       1
       0
       1
       1
       2
       1
       0
       1
       3
       1
       1
       4
       3
       2
       0
       1
       0
       1
       3
       1
       1
       1
       1
       1
       2
       2
       2
       1
       0
       1
       3
       0
       0
       0
       1
       0
       0
       3
       3
       1
       0
       0
       0
       0
       1
       2
       0
       1
       1
       0
       0
       0
       0
       0
       1
       0
       0
       1
       2
       1
       2
       1
       1
       3
       1
       3
       0
       1
       3
       0
       0
       5
       5
       2
       0
       1
       2
       0
       1
       1
       0
       1
       1
       2
       1
       2
       1
       1
       4
       3
       3
       0
       4
       2
       1
       0
       2
       1
       1
       0
       1
       1
       1
       2
       2
       2
       2
       1
       2
       1
       2
       0
       0
       0
       3
       3
       4
       0
       1
       0
       4
       2
       0
       1
       0
       3
       0
       1
       0
       0
       0
       1
       2
       2
       0
       2
       1
       6
       1
       3
       1
       0
       2
       0
       1
       0
       2
       1
       1
       2
       1
       4
       1
       1
       1
       2
       1
       1
       1
       1
       0
       1
       1
       2
       1
       3
       1
       1
       2
       1
       1
       2
       1
       1
       1
       1
       0
       1
       0
       3
       2
       3
       0
       1
       1
       1
       0
       1
       2
       2
       2
       1
       3
       1
       0
       5
       3
       2
       1
       0
       0
       0
       2
       1
       0
       2
       1
       3
       2
       1
       0
       2
       1
       1
       1
       3
       1
       0
       0
       1
       1
       1
       0
       3
       6
       4
       1
       1
       2
       2
       0
       3
       0
       0
       1
       0
       1
       0
       2
       2
       1
       4
       1
       1
       4
       0
       4
       1
       1
       2
       1
       1
       0
       0
       0
       1
       2
       2
       0
       0
       1
       2
       0
       1
       0
       2
       0
       1
       1
       0
       3
       0
       3
       1
       3
       2
       3
       0
       1
       0
       1
       2
       4
       2
       1
       4
       2
       0
       0
       2
       1
       0
       0
       0
       0
       0
       1
       0
       1
       4
       0
       1
       3
       2
       2
       4
       0
       1
       2
       3
       2
       1
       3
       1
       0
       1
       0
       0
       2
       2
       3
       1
       3
       2
       2
       2
       0
       1
       2
       0
       4
       1
       0
       4
       1
       0
       0
       2
       1
       4
       0
       1
       0
       2
       1
       3
       2
       0
       1
       0
       2
       1
       0
       2
       0
       3
       0
       0
       1
       1
       1
       0
       2
       2
       2
       1
       0
       0
       2
       0
       3
       2
       1
       0
       1
       2
       2
       1
       1
       1
       1
       1
       3
       1
       1
       0
       3
       2
       1
       0
       1
       1
       0
       2
       2
       0
       1
       0
       4
       0
       2
       0
       1
       0
       3
       3
       0
       1
       0
       1
       0
       1
       3
       1
       0
       0
       1
       1
       0
       2
       0
       2
       0
       1
       0
       0
       2
       1
       2
       0
       1
       1
       3
       1
       0
       0
       0
       0
       1
       1
       0
       2
       3
       1
       1
       0
       0
       0
       2
       1
       0
       2
       0
       1
       1
       2
       4
       0
       0
       1
       1
       1
       2
       0
       1
       0
       2
       3
       2
       1
       0
       1
       0
       2
       1
       2
       1
       1
       0
       3
       0
       1
       2
       0
       0
       0
       1
       1
       0
       1
       2
       1
       1
       0
       0
       3
       0
       4
       1
       1
       2
       0
       1
       2
       0
       2
       0
       0
       1
       2
       2
       0
       1
       2
       1
       1
       1
       1
       2
       1
       0
       1
       4
       1
       0
       1
       0
       0
       0
       3
       2
       2
       2
       0
       1
       2
       3
       2
       1
       0
       0
       1
       0
       0
       2
       1
       1
       2
       0
       1
       2
       0
       2
       0
       0
       2
       2
       0
       0
       1
       1
       1
       0
       0
       0
       0
       0
       1
       0
       0
       1
       0
       0
       2
       2
       1
       0
       1
       0
       0
       0
       0
       0
       2
       2
       0
       1
       0
       2
       3
       0
       1
       1
       2
       0
       2
       0
       2
       1
       0
       2
       0
       1
       0
       1
       1
       0
       2
       0
       0
       4
       3
       1
       1
       0
       1
       2
       1
       1
       1
       1
       2
       2
       1
       2
       0
       3
       1
       0
       2
       0
       3
       1
       0
       0
       1
       0
       0
       0
       0
       0
       0
       1
       3
       0
       0
       0
       2
       1
       1
       1
       0
       2
       1
       1
       1
       0
       3
       0
       1
       1
       3
       2
       1
       0
       3
       1
       2
       0
       0
       0
       1
       1
       0
       1
       0
       2
       2
       3
       1
       0
       0
       0
       0
       2
       1
       0
       0
       0
       0
       1
       3
       2
       0
       1
       1
       1
       0
       1
       0
       0
       0
       2
       1
       2
       1
       1
       1
       1
       1
       0
       0
       1
       0
       1
       1
       2
       2
       1
       2
       1
       1
       0
       0
       2
       1
       0
       2
       2
       1
       0
       2
       0
       0
       2
       0
       0
       0
       2
       0
       0
       1
       0
       0
       0
       0
       1
       1
       0
       3
       0
       1
       0
       1
       0
       2
       0
       0
       0
       1
       2
       2
       2
       1
       0
       1
       0
       0
       0
       1
       3
       0
       0
       1
       1
       0
       0
       0
       1
       0
       1
       3
       0
       2
       1
       2
       1
       1
       2
       1
       0
       2
       1
       0
       2
       0
       0
       1
       1
       0
       0
       2
       0
       1
       0
       0
       0
       0
       1
       1
       3
       1
       0
       0
       2
       1
       0
       1
       1
       0
       0
       0
       0
       2
       1
       0
       0
       2
       1
       1
       1
       2
       0
       0
       0
       1
       1
       0
       1
       1
       1
       1
       0
       0
       0
       2
       0
       0
       3
       0
       0
       0
       4
       0
       2
       0
       1
       1
       3
       1
       1
       1
       0
       1
       1
       2
       0
       1
       2
       1
       1
       2
       0
       1
       0
       0
       0
       0
       2
       0
       0
       0
       1
       3
       0
       1
       2
       0
       2
       1
       0
       0
       1
       0
       2
       0
       5
       0
       0
       0
       0
       0
       1
       0
       1
       0
       2
       0
       2
       3
       1
       2
       0
       0
       0
       1
       0
       1
       0
       0
       0
       1
       0
       2
       2
       3
       1
       0
       0
       1
       1
       0
       1
       1
       1
       0
       1
       2
       2
       0
       0
       0
       1
       1
       1
       0
       0
       0
       2
       1
       0
       1
       1
       2
       0
       1
       0
       0
       0
       1
       0
       2
       3
       0
       0
       0
       1
       1
       0
       0
       0
       0
       0
       0
       1
       0
       0
       1
       0
       1
       1
       0
       0
       1
       0
       0
       1
       1
       0
       0
       0
       2
       0
       0
       1
       2
       0
       0
       1
       0
       3
       1
       0
       0
       0
       0
       0
       1
       0
       0
       1
       1
       0
       1
       1
       1
       1
       3
       0
       0
       1
       0
       1
       0
       0
       0
       1
       0
       1
       2
       0
       1
       1
       0
       1
       0
       1
       3
       2
       0
       1
       0
       0
       0
       0
       0
       1
       1
       1
       0
       2
       1
       0
       2
       0
       0
       0
       0
       0
       0
       0
       0
       0
       0
       0
       2
       1
       0
       0
       0
       0
       0
       2
       0
       0
       0
       1
       0
       1
       1
       1
       1
       0
       0
       1
       1
       0
       0
       0
       1
       0
       1
       0
       0
       1
       0
       0
       2
       1
       2
       0
       0
       1
       0
       0
       0
       0
       0
       1
       3
       1
       0
       1
       0
       1
       1
       0
       0
       2
       0
       1
       0
       0
       0
       0
       1
       0
       1
       1
       1
       0
       2
       0
       0
       0
       0
       1
       0
       0
       0
       0
       0
       0
       1
       2
       0
       0
       0
       1
       0
       0
       4
       0
       0
       0
       2
       0
       0
       0
       1
       0
       1
       0
       0
       0
       0
       1
       0
       1
       0
       1
       1
       1
       0
       0
       0
       0
       0
       0
       0
       0
       0
       0
       0
       1
       0
       0
       0
       1
       0
       0
       0
       1
       0
       0
       0
       0
       0
       0
       1
       0
       2
       0
       0
       2
       0
       1
       0
       0
       0
       0
       1
       0
       0
       0
       0
       1
       0
       0
       1
       1
       2
       0
       0
       0
       0
       2
       0
       0
       2
       0
       1
       0
       0
       1
       0
       0
       1
       0
       1
       1
       1
       0
       0
       2
       2
       1
       0
       1
       0
       1
       1
       1
       0
       0
       1
       0
       0
       0
       0
       0
       0
       0
       0
       1
       0
       2
       0
       0
       0
       0
       1
       0
       0
       2
       0
       0
       0
       0
       0
       0
       1
       0
       1
       1
       0
       0
       1
       0
       0
       1
       1
       0
       0
       0
       1
       0
       0
       2
       1
       1
       0
       0
       0
       1
       1
       0
       0
       3
       1
       0
       0
       0
       0
       0
       1
       0
       0
       1
       1
       0
       0
       2
       0
       0
       0
       1
       0
       0
       2
       1
       1
       0
       0
       0
       2
       1
       0
       0
       0
       0
       1
       0
       0
       1
       0
       0
       0
       0
       0
       1
       0
       0
       0
       0
       0
       3
       1
       1
       4
       2
       1
       1
       0
       1
       0
       0
       0
       0
       0
       0
       1
       0
       0
       0
       1
       0
       2
       0
       0
       2
       1
       0
       1
       0
       0
       2
       0
       0
       1
       0
       0
       1
       0
       2
       0
       0
       4
       0
       1
       1
       1
       2
       1
       0
       0
       1
       1
       0
       1
       2
       0
       0
       0
       1
       0
       1
       0
       0
       0
       1
       2
       2
       0
       0
       2
       1
       0
       0
       1
       1
       1
       0
       1
       1
       0
       1
       1
       0
       2
       0
       0
       1
       0
       0
       0
       2
       1
       2
       1
       1
       1
       2
       0
       2
       0
       1
       3
       1
       0
       3
       1
       3
       1
       3
       1
       1
       3
       2
       1
       1
       0
       1
       0
       2
       2
       0
       1
       2
       1
       2
       2
       2
       0
       2
       3
       1
       2
       2
       1
       1
       0
       1
       2
       1
       3
       2
       1
       0
       1
       0
       4
       0
       1
       1
       0
       2
       0
       2
       3
       3
       0
       1
       0
       1
       1
       0
       2
       0
       3
       5
       0
       1
       0
       0
       5
       1
       1
       3
       1
       1
       1
       1
       2
       0
       3
       2
       4
       2
       0
       0
       3
       1
       0
       1
       3
       0
       1
       2
       1
       2
       0
       0
       0
       1
       2
       1
       1
       0
       1
       1
       0
       1
       1
       0
       0
       1
       3
       0
       0
       2
       2
       1
       0
       1
       0
       1
       0
       1
       0
       2
       2
       0
       3
       0
       2
       2
       2
       0
       0
       2
       3
       0
       0
       0
       1
       1
       0
       1
       2
       0
       0
       2
       0
       1
       1
       0
       2
       0
       1
       0
       2
       1
       1
       0
       1
       0
       1
       0
       1
       1
       2
       0
       0
       0
       0
       0
       1
       0
       0
       0
       1
       2
       1
       0
       0
       1
       0
       1
       0
       0
       1
       0
       2
       0
       2
       0
       0
       0
       0
       0
       0
       1
       0
       1
       0
       1
       0
       1
       1
       0
       0
       0
       0
       0
       0
       0
       0
       1
       0
       0
       1
       1
       0
       0
       1
       1
       0
       0
       0
       1
       0
       0
       0
       0
       3
       0
       0
       1
       1
       1
       1
       0
       0
       0
       0
       0
       0
       0
       0
       0
       1
       0
       0
       0
       2
       0
       0
       0
       1
       2
       1
       1
       0
       0
       0
       0
       0
       0
       0
       1
       0
       0
       0
       0
       0
       1
       0
       0
       0
       0
       0
       0
       0
       0
       0
       0
       0
       0
       0
       1
       0
       0
       0
       1
       0
       2
       0
       0
       0
       0
       0
       0
       0
       0
       0
       0
       0
       0
       0
       0
       0
       0
       0
       0
       1
       0
       1
       0
       0
       1
       0
       1
       0
       0
       0
       0
       1
       1
       0
       0
       0
       0
       0
       0
       0
       0
       1
       0
       0
       0
       1
       0
       0
       0
       0
       1
       1
       0
       1
       0
       0
       1
       0
       0
       0
       0
       1
       0
       0
       0
       0
       0
       0
       0
       1
       0
       0
       0
       0
       1
       0
       0
       0
       1
       0
       0
       0
       0
       0
       0
       0
       0
       1
       0
       0
       1
       0
       0
       0
       0
       0
       0
       0
       0
       0
       0
       0
       0
       0
       0
       0
       0
       0
       0
       0
       0
       0
       0
       0
       0
       1
       0
       1
       0
       0
       0
       0
       0
       0
       0
       0
       0
       0
       0
       0
       0
       1
       0
       0
       0
       0
       0
       1
       0
       0
       0
       0
       0
       0
       0
       0
       0
       0
       0
       0
       0
       0
       1
       1
       1
       0
       0
       0
       1
       1
       0
       0
       0
       0
       0
       0
       0
       0
       0
       0
       1
       0
       0
       0
       0
       0
       0
       0
       0
       1
       0
       0
       0
       0
       0
       1
       0
       0
       0
       0
       0
       1
       0
       0
       0
       0
       0
       0
       0
       0
       0
       0
       0
       1
       0
       0
       0
       0
       0
       0
       0
       0
       0
       0
       0
       0
       0
       0
       0
       0
       0
       0
       0
       0
       0
       0
       1
       0
       0
       0
       0
       0
       0
       0
       0
       0
       0
       0
       0
       0
       0
       0
       0
       0
       0
       0
       0
       0
       0
       0
       0
       0
       0
       0
       0
       0
       0
       0
       0
       0
       1
       0
       1
       0
       0
       0
       0
       0
       0
       0
       0
       1
       0
       0
       0
       0
       0
       0
       0
       0
       1
       1
       0
       0
       0
       0
       0
       0
       0
       1
       0
       0
       0
       0
       0
       0
       0
       0
       0
       0
       0
       0
       0
       1
       0
       0
       0
       0
       0
       0
       0
       0
       0
       0
       0
       1
       0
       0
       0
       0
       2
       0
       0
       0
       1
       0
       0
       1
       0
       0
       0
       0
       0
       0
       0
       0
       0
       0
       0
       0
       0
       0
       1
       0
       1
       1
       0
       0
       0
       0
       0
       0
       0
       0
       1
       0
       0
       0
       0
       0
       0
       0
       0
       1
       0
       0
       2
       0
       0
       0
       0
       0
       0
       0
       0
       1
       0
       0
       0
       0
       0
       0
       1
       0
       0
       0
       0
       0
       0
       0
       0
       0
       0
       0
       0
       0
       0
       0
       0
       0
       0
       0
       0
       0
       0
       0
       0
       0
       0
       0
       0
       0
       0
       0
       0
       0
       0
       0
       0
       0
       0
       0
       0
       0
       0
       0
       0
       0
       0
       0
       0
       0
       0
       0
       0
       0
       0
       0
       0
       0
       0
       0
       0
       0
       0
       0
       0
       0
       0
       0
       0
       0
       0
       0
       0
       0
       0
       0
       0
       0
       0
       0
$ROI:
2
202 268
280 385
$PRESETS:
None
0
0
$ENER_FIT:
0.000000 0.000000
$MCA_CAL:
3
0.000000E+000 0.000000E+000 0.000000E+000 
$SHAPE_CAL:
3
0.000000E+000 0.000000E+000 0.000000E+000
