$SPEC_ID:
No sample description was entered.
$SPEC_REM:
DET# 2
DETDESC# PHY-0040-AA Easy-MCA-8k SN 21098639
AP# Maestro Version 7.01
$DATE_MEA:
02/24/2025 10:13:33
$MEAS_TIM:
254 272
$DATA:
0 4095
       0
       0
       0
       0
       0
       0
       0
       0
       0
       0
       0
       0
       0
       0
       0
       0
       0
       0
       0
       0
       0
       0
       0
       0
       0
       0
       0
       0
       0
       1
     196
     264
     296
     278
     294
     246
     276
     339
     281
     278
     294
     308
     269
     329
     286
     318
     300
     299
     320
     281
     292
     287
     321
     333
     312
     321
     321
     307
     313
     325
     310
     323
     304
     290
     301
     342
     351
     332
     331
     336
     335
     333
     336
     360
     345
     336
     351
     322
     344
     344
     333
     335
     356
     330
     347
     329
     314
     293
     339
     330
     355
     288
     338
     333
     324
     324
     339
     331
     276
     347
     327
     311
     293
     325
     322
     280
     286
     328
     321
     326
     340
     347
     323
     311
     287
     276
     333
     308
     311
     324
     281
     315
     330
     317
     384
     282
     329
     330
     317
     312
     299
     339
     343
     287
     333
     333
     318
     348
     321
     346
     335
     347
     323
     308
     361
     330
     316
     303
     325
     346
     344
     339
     321
     325
     331
     340
     321
     334
     315
     359
     339
     334
     329
     345
     333
     349
     310
     324
     348
     366
     346
     342
     335
     346
     374
     348
     357
     311
     345
     381
     334
     346
     303
     369
     361
     367
     365
     352
     348
     355
     382
     346
     337
     345
     359
     350
     383
     356
     357
     369
     365
     357
     358
     347
     381
     389
     375
     339
     374
     347
     384
     344
     344
     371
     362
     368
     409
     362
     371
     379
     362
     386
     348
     383
     363
     372
     376
     362
     360
     356
     355
     352
     351
     373
     342
     332
     357
     367
     339
     344
     377
     394
     353
     353
     330
     369
     395
     373
     346
     403
     397
     375
     349
     360
     365
     341
     341
     358
     356
     367
     358
     357
     369
     402
     393
     381
     373
     352
     363
     373
     370
     359
     345
     370
     387
     331
     342
     354
     366
     377
     345
     347
     373
     362
     349
     374
     377
     358
     348
     373
     363
     364
     337
     385
     366
     328
     356
     358
     393
     359
     363
     355
     367
     389
     329
     386
     371
     385
     354
     348
     384
     361
     343
     326
     351
     362
     362
     359
     359
     344
     354
     370
     361
     360
     367
     363
     371
     354
     344
     344
     352
     400
     380
     361
     371
     358
     374
     376
     340
     345
     367
     364
     324
     376
     356
     336
     340
     387
     339
     395
     405
     350
     339
     329
     371
     385
     314
     326
     349
     363
     380
     374
     340
     347
     367
     372
     341
     358
     356
     332
     379
     363
     354
     330
     343
     346
     365
     355
     353
     347
     374
     367
     391
     310
     357
     365
     351
     381
     354
     356
     361
     367
     340
     395
     341
     363
     390
     380
     340
     354
     362
     358
     381
     336
     404
     333
     334
     368
     344
     364
     324
     347
     378
     349
     345
     380
     346
     363
     357
     340
     353
     348
     353
     348
     333
     346
     357
     353
     371
     320
     333
     360
     316
     354
     377
     357
     317
     322
     318
     343
     366
     341
     358
     335
     302
     358
     345
     357
     359
     360
     379
     378
     381
     346
     353
     384
     358
     379
     375
     369
     347
     358
     363
     372
     363
     365
     337
     384
     335
     360
     322
     347
     326
     342
     369
     352
     376
     361
     377
     402
     365
     446
     380
     371
     365
     377
     406
     390
     375
     402
     403
     382
     417
     393
     348
     357
     389
     411
     387
     389
     394
     357
     387
     444
     422
     407
     431
     422
     415
     423
     418
     418
     456
     455
     448
     440
     436
     449
     446
     474
     487
     476
     468
     439
     481
     445
     477
     478
     471
     472
     515
     473
     502
     492
     478
     463
     501
     482
     479
     480
     477
     488
     540
     505
     505
     454
     466
     470
     474
     486
     498
     511
     480
     493
     502
     471
     505
     536
     551
     477
     491
     502
     504
     488
     492
     503
     491
     506
     454
     481
     475
     464
     460
     457
     484
     448
     455
     488
     483
     502
     496
     469
     456
     433
     492
     492
     451
     448
     463
     459
     431
     468
     464
     455
     461
     454
     443
     480
     436
     411
     459
     457
     442
     438
     452
     435
     420
     476
     414
     429
     428
     431
     427
     401
     435
     433
     460
     473
     441
     410
     421
     393
     436
     444
     463
     403
     416
     410
     374
     450
     408
     403
     410
     432
     410
     408
     365
     469
     401
     385
     379
     427
     368
     407
     414
     390
     359
     400
     383
     390
     380
     372
     404
     369
     381
     354
     415
     378
     389
     366
     395
     415
     372
     397
     410
     385
     384
     382
     389
     381
     370
     378
     359
     350
     354
     380
     387
     364
     389
     383
     403
     390
     366
     359
     409
     361
     338
     389
     379
     363
     361
     378
     364
     371
     373
     361
     360
     394
     379
     371
     336
     364
     363
     337
     353
     333
     381
     378
     371
     377
     337
     363
     380
     386
     371
     352
     365
     363
     342
     358
     358
     368
     369
     392
     369
     368
     340
     357
     365
     359
     358
     356
     365
     356
     332
     344
     363
     317
     378
     357
     326
     355
     344
     367
     331
     349
     373
     368
     346
     373
     331
     372
     335
     366
     378
     372
     373
     329
     383
     362
     326
     311
     388
     361
     361
     338
     343
     345
     345
     385
     349
     318
     360
     364
     322
     353
     326
     326
     313
     353
     334
     329
     346
     316
     354
     365
     317
     326
     353
     327
     360
     330
     337
     351
     356
     338
     337
     334
     352
     328
     331
     380
     330
     337
     325
     333
     330
     335
     343
     300
     322
     341
     318
     344
     328
     344
     309
     340
     350
     362
     338
     342
     323
     329
     318
     297
     338
     333
     320
     318
     312
     299
     316
     333
     326
     303
     347
     284
     310
     321
     333
     301
     324
     340
     309
     301
     319
     320
     304
     328
     300
     311
     358
     290
     297
     306
     308
     345
     322
     311
     316
     299
     346
     312
     333
     304
     293
     321
     313
     307
     331
     297
     321
     321
     315
     309
     291
     329
     319
     343
     314
     326
     306
     306
     328
     312
     311
     294
     304
     320
     288
     318
     277
     304
     278
     295
     328
     298
     300
     306
     314
     328
     307
     343
     277
     284
     307
     284
     285
     288
     283
     319
     290
     334
     322
     301
     292
     282
     299
     283
     293
     289
     302
     302
     319
     271
     288
     311
     294
     287
     281
     312
     291
     307
     280
     301
     312
     270
     304
     312
     327
     320
     300
     299
     318
     317
     259
     334
     328
     309
     318
     310
     297
     305
     301
     313
     296
     274
     297
     292
     302
     289
     320
     311
     274
     275
     268
     308
     266
     299
     302
     290
     295
     304
     288
     293
     280
     279
     302
     272
     273
     304
     298
     304
     287
     287
     297
     329
     317
     315
     303
     287
     300
     277
     289
     274
     294
     295
     303
     284
     291
     280
     281
     289
     287
     316
     299
     267
     299
     318
     297
     284
     304
     276
     306
     299
     291
     295
     276
     295
     306
     306
     303
     290
     284
     297
     295
     287
     282
     271
     309
     320
     294
     275
     303
     259
     270
     299
     283
     313
     273
     273
     280
     299
     298
     284
     272
     283
     287
     281
     272
     276
     263
     269
     273
     285
     316
     310
     288
     281
     280
     288
     309
     297
     264
     275
     283
     305
     286
     297
     285
     293
     290
     268
     261
     298
     296
     317
     286
     258
     294
     290
     310
     293
     282
     308
     300
     265
     292
     319
     311
     248
     254
     336
     302
     258
     275
     278
     268
     301
     321
     277
     248
     291
     271
     279
     263
     298
     299
     266
     262
     306
     282
     287
     297
     266
     276
     286
     256
     316
     269
     280
     278
     300
     289
     296
     271
     276
     285
     260
     301
     318
     268
     279
     281
     287
     329
     274
     278
     287
     291
     285
     288
     270
     269
     246
     281
     280
     270
     287
     298
     275
     281
     281
     283
     285
     282
     293
     279
     282
     283
     275
     305
     274
     271
     259
     238
     256
     293
     271
     285
     276
     293
     275
     271
     302
     273
     278
     286
     306
     268
     292
     276
     289
     289
     282
     305
     272
     282
     287
     280
     245
     280
     280
     274
     296
     283
     287
     295
     264
     337
     287
     273
     291
     284
     280
     276
     304
     269
     302
     293
     269
     263
     289
     296
     306
     291
     277
     298
     271
     301
     280
     290
     305
     287
     280
     289
     259
     281
     280
     277
     296
     274
     245
     311
     287
     282
     305
     315
     290
     289
     268
     268
     264
     299
     286
     289
     298
     280
     273
     304
     284
     286
     292
     273
     289
     293
     271
     289
     247
     253
     272
     281
     267
     285
     308
     263
     304
     290
     301
     271
     253
     281
     285
     284
     272
     284
     281
     273
     295
     271
     292
     258
     317
     295
     301
     274
     270
     284
     270
     293
     287
     287
     285
     286
     272
     293
     270
     269
     270
     270
     283
     272
     274
     280
     269
     314
     290
     261
     291
     281
     281
     303
     298
     296
     294
     305
     268
     279
     299
     292
     288
     273
     274
     267
     299
     304
     310
     277
     268
     278
     265
     273
     296
     281
     285
     311
     280
     270
     292
     281
     312
     273
     274
     233
     280
     320
     311
     277
     263
     288
     293
     296
     273
     265
     292
     267
     276
     304
     315
     309
     272
     300
     317
     287
     265
     266
     270
     274
     246
     306
     255
     283
     272
     263
     274
     264
     313
     309
     303
     289
     308
     294
     278
     274
     267
     292
     284
     278
     276
     314
     279
     291
     289
     296
     305
     302
     271
     284
     275
     265
     274
     292
     285
     257
     272
     283
     251
     290
     255
     301
     299
     300
     276
     287
     304
     308
     284
     280
     284
     270
     272
     287
     323
     262
     302
     278
     313
     282
     315
     274
     272
     287
     305
     298
     273
     279
     301
     281
     276
     314
     257
     286
     293
     298
     240
     258
     300
     320
     304
     292
     272
     306
     285
     289
     266
     286
     286
     264
     265
     276
     277
     277
     306
     273
     270
     266
     292
     312
     274
     271
     312
     277
     284
     293
     275
     276
     272
     304
     291
     296
     269
     275
     272
     278
     281
     282
     284
     319
     270
     292
     322
     289
     286
     271
     304
     264
     268
     322
     266
     314
     300
     281
     282
     281
     275
     284
     324
     299
     286
     301
     294
     280
     287
     321
     282
     260
     286
     300
     247
     288
     298
     294
     292
     278
     276
     274
     281
     278
     286
     284
     285
     303
     294
     311
     278
     287
     288
     298
     291
     287
     287
     274
     273
     320
     328
     310
     274
     283
     300
     297
     300
     264
     298
     279
     299
     303
     278
     306
     330
     282
     279
     315
     346
     309
     302
     298
     288
     299
     309
     261
     259
     259
     272
     287
     295
     272
     271
     303
     294
     307
     337
     310
     292
     304
     278
     294
     285
     260
     290
     281
     287
     290
     308
     293
     260
     316
     270
     317
     279
     280
     300
     291
     297
     298
     272
     295
     312
     313
     306
     298
     286
     258
     300
     270
     307
     260
     304
     296
     276
     311
     321
     297
     303
     295
     291
     276
     297
     273
     293
     327
     275
     293
     319
     312
     301
     278
     307
     275
     297
     312
     314
     296
     277
     322
     314
     316
     275
     329
     292
     280
     299
     317
     308
     270
     271
     288
     293
     271
     274
     318
     289
     292
     308
     307
     297
     285
     262
     305
     284
     292
     305
     309
     305
     321
     299
     282
     256
     310
     308
     293
     303
     292
     270
     307
     284
     287
     291
     300
     314
     275
     306
     293
     271
     314
     296
     319
     302
     279
     328
     325
     291
     307
     256
     304
     320
     301
     318
     260
     263
     286
     307
     343
     311
     300
     322
     318
     325
     269
     297
     321
     275
     295
     305
     282
     322
     315
     326
     273
     292
     306
     301
     322
     302
     318
     327
     258
     301
     284
     287
     297
     306
     325
     317
     256
     294
     310
     284
     310
     329
     277
     327
     311
     301
     304
     308
     307
     326
     297
     295
     316
     322
     291
     299
     292
     320
     318
     305
     313
     331
     324
     308
     315
     304
     290
     329
     306
     315
     311
     275
     324
     285
     341
     350
     335
     304
     321
     343
     282
     300
     300
     305
     320
     304
     318
     324
     316
     302
     311
     297
     309
     317
     334
     339
     319
     290
     314
     294
     326
     334
     332
     282
     350
     295
     317
     343
     329
     317
     339
     335
     324
     335
     295
     311
     334
     307
     319
     300
     288
     290
     308
     278
     337
     354
     358
     320
     330
     330
     308
     314
     304
     307
     300
     317
     301
     361
     328
     303
     288
     297
     317
     279
     326
     290
     307
     340
     341
     301
     293
     331
     298
     333
     298
     342
     329
     311
     320
     332
     335
     324
     328
     336
     295
     302
     300
     327
     333
     344
     355
     317
     304
     315
     346
     349
     320
     359
     330
     321
     320
     325
     341
     329
     339
     356
     370
     361
     325
     326
     366
     323
     353
     319
     334
     315
     338
     349
     339
     326
     342
     343
     341
     329
     348
     338
     318
     348
     309
     340
     329
     315
     315
     352
     333
     338
     333
     337
     338
     345
     339
     361
     347
     346
     357
     358
     367
     348
     337
     329
     342
     313
     361
     366
     375
     364
     357
     351
     357
     355
     397
     329
     302
     323
     329
     332
     324
     360
     356
     331
     338
     365
     365
     335
     359
     330
     356
     363
     367
     341
     303
     341
     351
     327
     377
     346
     377
     364
     365
     328
     331
     350
     360
     346
     332
     351
     348
     344
     339
     347
     348
     375
     388
     384
     368
     339
     369
     387
     326
     365
     355
     363
     329
     408
     333
     376
     331
     353
     407
     378
     337
     370
     349
     363
     348
     387
     343
     355
     388
     359
     348
     361
     355
     369
     324
     345
     331
     363
     352
     366
     326
     347
     371
     381
     366
     367
     338
     376
     389
     376
     352
     357
     365
     387
     353
     361
     355
     381
     383
     383
     362
     354
     377
     385
     402
     372
     355
     375
     363
     355
     372
     359
     358
     381
     322
     386
     350
     345
     387
     379
     404
     368
     345
     366
     345
     380
     337
     377
     377
     345
     351
     387
     332
     355
     354
     386
     367
     383
     367
     350
     365
     357
     389
     387
     367
     378
     348
     375
     369
     372
     346
     367
     380
     353
     387
     369
     355
     353
     391
     343
     380
     391
     387
     404
     362
     393
     402
     346
     408
     364
     342
     395
     385
     340
     385
     354
     372
     367
     353
     355
     387
     389
     386
     362
     394
     372
     331
     354
     387
     370
     372
     379
     384
     397
     374
     354
     343
     380
     381
     401
     349
     367
     349
     344
     365
     395
     351
     357
     350
     397
     356
     373
     380
     343
     362
     402
     366
     360
     363
     350
     375
     342
     369
     356
     369
     359
     377
     364
     366
     354
     368
     353
     357
     356
     358
     330
     354
     367
     348
     376
     413
     347
     352
     327
     340
     335
     339
     360
     333
     329
     336
     359
     375
     372
     339
     327
     336
     322
     380
     379
     386
     343
     358
     320
     365
     331
     375
     328
     341
     310
     348
     325
     332
     308
     355
     319
     306
     367
     340
     304
     302
     305
     344
     326
     324
     288
     315
     331
     320
     326
     316
     329
     332
     321
     283
     303
     335
     290
     312
     301
     362
     317
     291
     321
     344
     323
     292
     302
     307
     297
     335
     279
     325
     311
     294
     314
     310
     316
     298
     285
     296
     294
     257
     307
     291
     292
     266
     295
     292
     293
     293
     286
     291
     309
     273
     294
     277
     271
     285
     293
     291
     295
     299
     278
     269
     268
     248
     279
     264
     260
     280
     259
     250
     247
     277
     258
     272
     246
     272
     293
     268
     262
     252
     246
     286
     248
     280
     283
     290
     241
     259
     255
     255
     263
     269
     254
     245
     257
     266
     256
     273
     277
     242
     264
     240
     260
     246
     248
     250
     223
     249
     260
     249
     244
     241
     232
     266
     256
     246
     222
     220
     248
     257
     271
     241
     245
     235
     252
     228
     237
     235
     269
     253
     249
     247
     245
     228
     272
     221
     244
     235
     238
     207
     232
     243
     254
     234
     229
     220
     256
     243
     236
     209
     271
     227
     254
     240
     234
     222
     238
     215
     263
     256
     241
     249
     225
     230
     232
     210
     249
     223
     253
     262
     258
     238
     245
     237
     255
     230
     220
     254
     260
     228
     225
     240
     235
     223
     274
     240
     224
     229
     251
     218
     237
     237
     215
     240
     234
     221
     248
     244
     210
     235
     245
     252
     237
     253
     228
     195
     240
     254
     257
     251
     236
     209
     221
     214
     306
     261
     249
     239
     213
     245
     211
     234
     222
     230
     195
     230
     208
     240
     232
     230
     224
     224
     213
     218
     224
     257
     202
     217
     234
     199
     232
     232
     241
     254
     228
     225
     213
     207
     234
     218
     222
     241
     236
     244
     205
     214
     224
     219
     217
     208
     208
     176
     226
     222
     214
     225
     263
     220
     210
     221
     238
     222
     228
     211
     218
     227
     238
     248
     218
     220
     227
     226
     255
     263
     184
     239
     222
     227
     219
     210
     219
     229
     231
     231
     221
     214
     241
     239
     228
     228
     220
     214
     242
     221
     235
     209
     223
     195
     230
     225
     222
     239
     230
     258
     215
     221
     224
     199
     237
     234
     232
     256
     228
     215
     224
     257
     249
     220
     234
     222
     233
     216
     227
     236
     267
     207
     268
     250
     254
     257
     249
     246
     242
     261
     246
     276
     290
     241
     264
     274
     247
     231
     262
     253
     251
     272
     245
     243
     257
     283
     281
     262
     282
     260
     299
     276
     273
     276
     277
     282
     321
     301
     273
     265
     284
     312
     291
     327
     330
     311
     342
     322
     331
     357
     354
     323
     326
     317
     358
     351
     321
     343
     319
     334
     352
     388
     377
     354
     377
     414
     377
     420
     394
     396
     375
     399
     424
     421
     435
     426
     429
     455
     428
     442
     454
     433
     446
     490
     482
     444
     512
     446
     493
     482
     520
     514
     454
     514
     527
     517
     543
     529
     567
     561
     574
     594
     564
     579
     594
     582
     571
     602
     556
     611
     603
     599
     601
     591
     607
     634
     615
     574
     652
     669
     612
     652
     639
     669
     663
     647
     677
     629
     692
     636
     638
     663
     671
     657
     690
     683
     715
     720
     760
     703
     722
     783
     765
     741
     706
     717
     764
     757
     769
     753
     803
     743
     800
     785
     768
     737
     720
     771
     779
     860
     746
     764
     723
     804
     787
     770
     782
     759
     803
     801
     757
     770
     798
     778
     786
     783
     769
     723
     745
     813
     784
     789
     791
     775
     753
     743
     750
     767
     735
     745
     740
     728
     769
     730
     688
     785
     719
     753
     710
     729
     694
     687
     705
     725
     657
     742
     711
     722
     664
     687
     715
     643
     655
     621
     654
     633
     625
     598
     626
     609
     612
     612
     653
     566
     612
     577
     596
     537
     581
     591
     554
     566
     536
     581
     573
     507
     538
     553
     509
     518
     500
     481
     473
     502
     499
     486
     491
     447
     465
     464
     461
     469
     410
     436
     418
     453
     424
     423
     441
     368
     408
     372
     389
     378
     363
     347
     349
     378
     336
     336
     363
     376
     343
     319
     334
     321
     330
     311
     287
     308
     283
     319
     311
     312
     289
     269
     293
     272
     231
     270
     240
     249
     245
     264
     251
     206
     224
     241
     233
     217
     228
     223
     213
     196
     197
     223
     202
     189
     216
     182
     180
     192
     208
     189
     180
     196
     181
     169
     187
     168
     175
     168
     169
     178
     186
     167
     186
     166
     169
     162
     123
     164
     158
     160
     151
     130
     135
     148
     135
     169
     128
     160
     145
     153
     155
     124
     168
     142
     134
     141
     122
     135
     172
     150
     137
     152
     134
     136
     129
     143
     144
     158
     144
     133
     140
     137
     154
     154
     149
     147
     156
     135
     157
     171
     179
     132
     155
     139
     146
     170
     186
     145
     184
     179
     196
     168
     199
     185
     179
     176
     179
     188
     179
     191
     208
     178
     208
     201
     215
     192
     197
     202
     200
     178
     208
     205
     208
     214
     243
     233
     217
     224
     248
     242
     236
     253
     258
     269
     247
     245
     303
     255
     289
     261
     267
     296
     297
     266
     284
     282
     302
     312
     302
     298
     275
     327
     312
     328
     344
     335
     358
     319
     321
     360
     362
     345
     361
     380
     392
     406
     362
     378
     388
     412
     397
     408
     384
     413
     412
     391
     414
     429
     406
     441
     460
     435
     468
     448
     458
     476
     451
     467
     475
     447
     447
     498
     452
     501
     492
     515
     509
     515
     496
     529
     526
     521
     548
     541
     540
     504
     534
     506
     547
     564
     518
     515
     551
     550
     528
     579
     592
     522
     533
     580
     538
     594
     577
     578
     549
     597
     587
     611
     518
     577
     571
     570
     547
     613
     595
     564
     579
     543
     580
     626
     599
     626
     607
     616
     567
     594
     573
     577
     621
     592
     590
     606
     591
     559
     635
     587
     607
     582
     605
     602
     614
     585
     576
     586
     567
     597
     605
     609
     574
     567
     569
     533
     560
     527
     573
     512
     515
     563
     533
     575
     559
     563
     482
     524
     524
     498
     521
     465
     514
     518
     475
     499
     503
     463
     477
     493
     439
     496
     487
     468
     464
     473
     437
     457
     476
     456
     466
     424
     435
     444
     447
     440
     442
     450
     406
     365
     437
     423
     365
     359
     395
     385
     362
     395
     328
     354
     363
     339
     350
     347
     345
     360
     354
     362
     294
     307
     333
     335
     315
     337
     300
     344
     264
     286
     296
     298
     276
     286
     273
     260
     262
     266
     277
     280
     265
     253
     259
     224
     239
     229
     215
     231
     249
     253
     212
     226
     229
     184
     205
     219
     201
     198
     222
     191
     181
     193
     157
     178
     152
     161
     163
     178
     161
     160
     153
     157
     160
     150
     147
     150
     157
     145
     142
     149
     118
     116
     137
     105
     123
     138
     107
     124
     115
     133
     132
     108
     100
     132
     118
      95
      78
      91
     107
      89
      91
      99
      95
      75
      78
     103
     104
      81
      82
      81
      81
      73
      74
      75
      94
      96
      83
      79
      73
      78
      63
      81
      73
      59
      58
      65
      60
      66
      51
      70
      64
      59
      57
      53
      62
      48
      53
      48
      53
      51
      68
      59
      48
      47
      54
      46
      42
      41
      43
      51
      41
      40
      50
      52
      44
      36
      42
      49
      40
      38
      47
      44
      55
      38
      46
      32
      45
      40
      48
      38
      37
      46
      22
      42
      34
      29
      31
      44
      33
      33
      38
      35
      34
      29
      48
      31
      34
      36
      25
      28
      48
      34
      35
      25
      36
      38
      42
      37
      34
      32
      35
      34
      27
      29
      29
      33
      29
      34
      40
      31
      30
      23
      32
      34
      29
      31
      34
      36
      26
      30
      30
      37
      40
      23
      32
      31
      23
      26
      23
      29
      23
      25
      35
      32
      32
      32
      29
      23
      23
      30
      28
      30
      31
      21
      26
      14
      26
      20
      18
      29
      26
      23
      29
      32
      33
      26
      32
      25
      31
      24
      21
      25
      16
      29
      33
      19
      18
      22
      37
      24
      17
      25
      26
      15
      25
      13
      20
      25
      31
      28
      29
      26
      29
      35
      21
      28
      16
      19
      27
      18
      24
      22
      27
      23
      15
      24
      23
      23
      27
      25
      29
      23
      16
      29
      27
      34
      25
      31
      25
      23
      21
      27
      24
      33
      22
      19
      23
      22
      22
      29
      26
      26
      37
      16
      31
      18
      23
      20
      22
      16
      28
      16
      23
      21
      24
      24
      26
      22
      24
      30
      27
      25
      21
      23
      19
      15
      32
      29
      22
      23
      24
      17
      20
      17
      31
      18
      27
      20
      25
      22
      21
      26
      23
      25
      27
      21
      24
      23
      25
      15
      11
      34
      27
      33
      16
      30
      23
      18
      17
      17
      24
      25
      22
      21
      14
      13
      26
      28
      17
      22
      25
      29
      27
      34
      22
      34
      19
      22
      26
      24
      23
      23
      19
      23
      31
      23
      28
      21
      34
      25
      26
      27
      28
      24
      21
      20
      28
      13
      28
      25
      17
      16
      20
      26
      24
      25
      22
      26
      23
      22
      26
      24
      16
      19
      24
      23
      27
      26
      21
      22
      24
      14
      18
      26
      29
      15
      19
      23
      18
      20
      26
      20
      22
      21
      21
      29
      21
      22
      28
      26
      25
      20
      29
      28
      17
      30
      19
      20
      22
      22
      25
      26
      30
      24
      25
      29
      23
      25
      23
      26
      19
      22
      32
      21
      12
      27
      22
      24
      14
      28
      23
      19
      24
      27
      34
      20
      12
      25
      21
      28
      23
      18
      25
      25
      19
      21
      25
      25
      24
      19
      28
      22
      18
      18
      23
      19
      26
      26
      21
      27
      33
      18
      33
      24
      22
      26
      23
      15
      32
      17
      16
      20
      18
      18
      20
      29
      19
      24
      21
      19
      20
      30
      31
      30
      18
      21
      20
      18
      25
      18
      26
      16
      26
      20
      24
      26
      18
      16
      25
      25
      24
      25
      25
      23
      21
      18
      29
      16
      20
      19
      17
      17
      17
      20
      22
      22
      30
      22
      16
      17
      27
      30
      12
      22
      31
      12
      17
      24
      21
      18
      24
      20
      17
      20
      21
      22
      26
      14
      18
      20
      17
      21
      14
      25
      26
      21
      18
      20
      24
      19
      23
      25
      22
      21
      20
      27
      20
      22
      15
      18
      16
      23
      17
      25
      23
      21
      31
      19
      19
      20
      13
      11
      29
      25
      20
      15
      19
      22
      27
      20
      25
      20
      27
      28
      25
      20
      14
      31
      20
      22
      28
      20
      27
      20
      14
      22
      22
      15
      20
      20
      20
      10
      10
      15
      19
      17
      18
      11
      23
      25
      23
      19
      16
      13
      26
      24
      23
      25
      23
      12
      20
      17
      15
      19
      23
      15
      23
      25
      18
      11
      21
      16
      17
      22
      20
      19
      14
      28
      16
      22
      21
      22
      14
      14
      23
      18
      20
      22
      18
      20
      22
      22
      18
      17
      14
      16
      17
      18
      13
      15
      28
      24
      23
      30
      20
      18
      21
      20
      22
      24
      20
      28
      20
      21
      19
      20
      15
      14
      17
      19
      17
      16
      27
      15
      26
      17
      15
      22
      18
      21
      25
      16
      20
      12
      25
      18
       9
      17
      16
      20
      24
      18
      20
      24
      14
      17
      24
      19
      23
      24
      17
      15
      18
      17
      18
      19
      20
      14
      14
      15
      15
      19
      14
      11
      19
      24
      13
      17
      15
       9
      14
      20
      16
      16
      16
      24
      14
      20
      22
      19
      18
      20
      20
      20
      12
      21
      23
      22
      27
      18
      22
      18
      19
      19
      18
      18
      16
      23
      18
      23
      22
      19
      16
      22
      23
      15
      29
      15
      22
      14
      16
      16
      16
      14
      18
      12
      10
      14
      15
      15
      15
      13
      21
      16
      16
      24
       8
      11
      17
      23
      16
      11
      24
      20
      17
      18
      23
      13
      11
      19
      20
      13
      20
      18
      11
      16
      25
      19
      13
       0
       0
       0
       0
       0
       0
       0
       0
       0
       0
       0
       0
       0
       0
       0
       0
       0
       0
       0
       0
       0
       0
       0
       0
       0
       0
       0
       0
       0
       0
       0
       0
       0
       0
       0
       0
       0
       0
       0
       0
       0
       0
       0
       0
       0
       0
       0
       0
       0
       0
       0
       0
       0
       0
       0
       0
       0
       0
       0
       0
       0
       0
       0
       0
$ROI:
2
202 268
280 385
$PRESETS:
None
0
0
$ENER_FIT:
0.000000 0.000000
$MCA_CAL:
3
0.000000E+000 0.000000E+000 0.000000E+000 
$SHAPE_CAL:
3
0.000000E+000 0.000000E+000 0.000000E+000
