$SPEC_ID:
No sample description was entered.
$SPEC_REM:
DET# 2
DETDESC# PHY-0040-AA Easy-MCA-8k SN 21098639
AP# Maestro Version 7.01
$DATE_MEA:
02/24/2025 09:37:16
$MEAS_TIM:
228 241
$DATA:
0 4095
       0
       0
       0
       0
       0
       0
       0
       0
       0
       0
       0
       0
       0
       0
       0
       0
       0
       0
       0
       0
       0
       0
       0
       0
       0
       0
       0
       0
       0
       1
     138
     226
     221
     219
     228
     250
     229
     206
     210
     246
     232
     254
     221
     255
     242
     217
     243
     253
     251
     249
     254
     226
     233
     276
     244
     296
     276
     266
     279
     285
     311
     320
     328
     317
     347
     341
     386
     399
     396
     426
     483
     432
     433
     457
     454
     446
     451
     437
     450
     388
     452
     417
     422
     355
     317
     352
     346
     310
     319
     306
     274
     320
     292
     306
     265
     283
     263
     270
     287
     276
     267
     270
     260
     249
     270
     250
     263
     211
     248
     281
     255
     273
     281
     269
     234
     251
     236
     290
     251
     266
     251
     266
     262
     289
     268
     273
     253
     268
     255
     260
     294
     246
     272
     311
     285
     274
     283
     270
     302
     285
     284
     298
     284
     277
     279
     288
     291
     231
     285
     279
     305
     308
     300
     302
     268
     272
     255
     278
     277
     316
     305
     284
     280
     264
     265
     320
     296
     319
     307
     311
     304
     325
     310
     293
     345
     341
     276
     300
     292
     288
     325
     325
     331
     309
     311
     338
     319
     336
     307
     324
     334
     326
     348
     333
     328
     360
     357
     320
     379
     347
     378
     376
     348
     376
     358
     348
     338
     364
     335
     356
     347
     323
     376
     365
     392
     360
     345
     347
     335
     343
     361
     329
     310
     351
     339
     339
     347
     365
     327
     306
     322
     313
     298
     318
     310
     320
     284
     324
     319
     310
     285
     278
     277
     315
     291
     304
     303
     261
     296
     282
     299
     286
     287
     317
     304
     298
     319
     314
     302
     294
     308
     315
     290
     330
     303
     312
     300
     313
     289
     328
     297
     267
     313
     294
     326
     291
     320
     294
     272
     298
     297
     330
     284
     321
     300
     325
     319
     308
     329
     302
     295
     293
     312
     320
     306
     294
     276
     271
     287
     309
     290
     318
     301
     302
     305
     281
     297
     293
     304
     313
     286
     309
     311
     289
     344
     277
     288
     305
     311
     294
     323
     286
     276
     316
     305
     308
     284
     317
     281
     303
     313
     291
     293
     330
     262
     295
     326
     305
     305
     309
     303
     287
     316
     292
     291
     290
     290
     336
     310
     314
     326
     305
     295
     306
     258
     316
     312
     301
     300
     286
     292
     306
     338
     310
     315
     319
     314
     299
     307
     295
     326
     333
     336
     348
     315
     312
     298
     288
     293
     335
     286
     309
     300
     304
     340
     317
     313
     302
     265
     309
     301
     318
     293
     299
     276
     294
     327
     297
     305
     306
     258
     296
     299
     298
     290
     291
     304
     271
     291
     326
     291
     287
     296
     257
     320
     304
     302
     286
     291
     319
     288
     284
     299
     280
     299
     311
     302
     290
     291
     292
     284
     318
     301
     304
     287
     325
     285
     291
     269
     301
     318
     320
     280
     278
     328
     305
     312
     255
     299
     290
     324
     302
     298
     298
     295
     287
     297
     279
     289
     272
     332
     314
     249
     309
     284
     299
     302
     286
     256
     272
     280
     317
     285
     301
     314
     290
     305
     311
     305
     295
     328
     311
     279
     308
     318
     322
     306
     318
     313
     288
     292
     288
     316
     304
     306
     293
     313
     294
     333
     315
     329
     347
     354
     318
     350
     323
     337
     334
     335
     320
     354
     371
     326
     340
     351
     347
     386
     343
     360
     357
     363
     348
     380
     353
     346
     331
     320
     368
     370
     390
     369
     374
     355
     354
     348
     385
     395
     392
     382
     397
     351
     365
     376
     349
     414
     391
     361
     400
     408
     346
     356
     383
     389
     380
     388
     375
     386
     374
     389
     403
     364
     383
     379
     374
     384
     365
     339
     385
     363
     358
     374
     361
     364
     349
     362
     365
     352
     379
     313
     340
     319
     348
     336
     386
     323
     359
     367
     356
     355
     351
     325
     332
     395
     358
     325
     344
     334
     353
     337
     372
     337
     331
     317
     325
     333
     346
     303
     323
     328
     343
     356
     342
     337
     330
     311
     336
     311
     288
     322
     318
     328
     318
     324
     307
     332
     295
     296
     314
     330
     291
     327
     332
     335
     307
     324
     295
     301
     305
     295
     357
     314
     298
     306
     299
     279
     282
     273
     306
     288
     317
     306
     295
     267
     307
     264
     298
     316
     312
     286
     296
     278
     277
     283
     290
     314
     294
     281
     325
     311
     296
     294
     299
     263
     298
     286
     256
     299
     284
     316
     274
     289
     309
     309
     301
     335
     303
     269
     305
     324
     301
     306
     268
     350
     275
     301
     301
     314
     264
     307
     312
     299
     307
     282
     282
     310
     285
     282
     293
     328
     278
     288
     286
     304
     290
     278
     277
     275
     294
     269
     280
     268
     264
     269
     269
     291
     318
     308
     282
     299
     287
     284
     303
     286
     320
     256
     303
     253
     289
     293
     295
     294
     262
     264
     285
     291
     281
     295
     302
     278
     308
     237
     285
     272
     273
     275
     266
     275
     262
     246
     268
     309
     289
     282
     275
     284
     262
     251
     285
     285
     279
     284
     265
     269
     278
     267
     297
     290
     275
     283
     275
     274
     275
     274
     257
     277
     257
     290
     253
     257
     311
     289
     294
     289
     260
     287
     265
     262
     251
     271
     246
     271
     267
     256
     251
     235
     256
     262
     264
     265
     231
     244
     271
     273
     256
     259
     247
     244
     285
     268
     280
     285
     257
     258
     254
     273
     281
     250
     260
     259
     254
     255
     251
     249
     237
     268
     250
     277
     245
     280
     265
     271
     254
     241
     257
     262
     248
     282
     257
     288
     305
     288
     269
     271
     258
     267
     254
     269
     271
     264
     273
     283
     270
     250
     273
     269
     262
     284
     281
     259
     270
     251
     283
     237
     280
     258
     255
     286
     259
     264
     263
     284
     251
     273
     258
     250
     277
     263
     265
     265
     280
     251
     271
     255
     252
     248
     265
     258
     261
     294
     271
     255
     273
     259
     232
     241
     258
     266
     268
     269
     265
     257
     257
     237
     276
     251
     222
     277
     237
     247
     246
     255
     226
     247
     199
     241
     276
     243
     223
     236
     245
     231
     240
     279
     236
     235
     223
     261
     238
     229
     209
     240
     212
     218
     229
     232
     257
     228
     245
     252
     237
     237
     228
     224
     274
     264
     222
     261
     269
     241
     233
     263
     215
     253
     215
     200
     248
     227
     242
     215
     222
     240
     209
     215
     221
     232
     230
     211
     224
     227
     216
     249
     231
     218
     223
     228
     220
     190
     225
     252
     214
     230
     224
     208
     208
     228
     234
     236
     228
     231
     208
     226
     234
     219
     236
     226
     229
     218
     220
     245
     233
     221
     233
     232
     249
     214
     192
     216
     220
     226
     215
     201
     218
     191
     210
     220
     248
     218
     224
     235
     228
     222
     245
     247
     221
     195
     229
     235
     218
     213
     208
     222
     219
     213
     232
     227
     203
     219
     237
     224
     204
     239
     217
     258
     233
     209
     212
     207
     233
     193
     213
     220
     216
     199
     240
     225
     232
     206
     240
     207
     249
     214
     220
     213
     234
     241
     240
     230
     222
     227
     226
     241
     224
     229
     224
     205
     233
     230
     265
     208
     217
     213
     221
     202
     242
     229
     226
     229
     214
     232
     214
     199
     208
     232
     220
     220
     225
     220
     220
     231
     211
     233
     216
     219
     226
     199
     229
     213
     217
     232
     222
     209
     207
     216
     213
     225
     230
     223
     203
     219
     229
     247
     222
     203
     226
     213
     226
     224
     217
     230
     233
     239
     225
     245
     217
     227
     184
     214
     214
     209
     238
     196
     238
     210
     227
     222
     221
     245
     217
     242
     218
     222
     214
     235
     228
     214
     224
     213
     237
     235
     214
     226
     192
     228
     215
     186
     233
     237
     214
     212
     230
     225
     218
     262
     224
     216
     218
     236
     249
     230
     243
     212
     204
     230
     228
     247
     233
     226
     243
     243
     233
     243
     217
     193
     246
     246
     244
     240
     218
     215
     230
     216
     239
     212
     258
     235
     227
     249
     241
     266
     239
     215
     234
     233
     199
     225
     207
     229
     236
     221
     217
     220
     210
     247
     230
     241
     236
     208
     269
     223
     232
     222
     229
     238
     236
     206
     214
     213
     230
     228
     195
     217
     204
     221
     218
     217
     235
     211
     240
     206
     214
     205
     221
     225
     223
     247
     220
     226
     205
     205
     243
     196
     203
     191
     211
     227
     227
     222
     226
     220
     211
     198
     205
     227
     225
     216
     206
     217
     210
     232
     205
     221
     201
     236
     223
     209
     212
     193
     242
     215
     208
     217
     200
     205
     216
     209
     222
     220
     219
     211
     223
     210
     238
     227
     241
     229
     198
     207
     187
     232
     187
     218
     226
     217
     238
     213
     193
     224
     197
     222
     234
     196
     210
     243
     197
     195
     217
     228
     195
     222
     217
     209
     201
     218
     224
     215
     213
     196
     217
     246
     190
     209
     216
     199
     229
     207
     235
     218
     195
     208
     234
     215
     201
     201
     204
     207
     222
     227
     214
     204
     207
     198
     225
     211
     194
     211
     209
     212
     195
     183
     190
     234
     204
     197
     212
     197
     246
     210
     237
     230
     224
     213
     220
     247
     231
     211
     232
     190
     183
     209
     223
     210
     218
     218
     201
     217
     222
     199
     223
     224
     212
     216
     205
     217
     222
     205
     214
     215
     231
     221
     210
     201
     208
     239
     206
     217
     218
     216
     207
     193
     225
     246
     247
     239
     219
     203
     231
     212
     211
     211
     207
     194
     214
     210
     237
     209
     214
     222
     201
     234
     191
     222
     218
     225
     238
     224
     198
     215
     216
     248
     210
     212
     223
     192
     208
     206
     216
     226
     203
     203
     217
     225
     217
     221
     227
     225
     216
     209
     203
     220
     215
     214
     214
     194
     234
     210
     193
     196
     238
     212
     214
     215
     224
     219
     216
     221
     210
     164
     224
     208
     202
     226
     214
     231
     222
     217
     213
     227
     209
     218
     210
     189
     205
     220
     204
     217
     210
     209
     232
     224
     233
     196
     202
     202
     204
     231
     219
     217
     235
     215
     203
     217
     220
     223
     218
     206
     237
     213
     228
     222
     211
     203
     211
     219
     244
     234
     221
     220
     207
     237
     175
     204
     208
     226
     226
     236
     228
     241
     247
     200
     219
     214
     187
     238
     232
     203
     205
     228
     236
     201
     226
     230
     242
     226
     216
     228
     207
     255
     223
     221
     205
     209
     248
     225
     241
     219
     229
     198
     191
     226
     228
     204
     207
     209
     224
     213
     230
     190
     211
     202
     205
     232
     209
     211
     218
     246
     237
     246
     229
     221
     227
     221
     217
     215
     217
     209
     221
     228
     208
     225
     206
     237
     206
     210
     231
     199
     227
     222
     186
     217
     196
     210
     214
     230
     210
     239
     210
     215
     236
     220
     218
     214
     235
     216
     221
     220
     248
     193
     214
     224
     225
     236
     212
     241
     210
     221
     236
     230
     225
     208
     208
     245
     186
     223
     206
     222
     220
     222
     216
     250
     224
     212
     201
     222
     214
     207
     231
     211
     220
     235
     231
     230
     216
     221
     260
     230
     234
     236
     225
     213
     255
     216
     214
     222
     252
     238
     188
     237
     237
     217
     222
     217
     238
     218
     199
     246
     221
     236
     222
     220
     230
     222
     231
     259
     206
     257
     235
     219
     242
     213
     225
     231
     234
     216
     240
     226
     247
     216
     238
     232
     242
     242
     223
     242
     230
     216
     227
     227
     251
     243
     224
     211
     219
     247
     227
     261
     216
     230
     229
     228
     241
     256
     206
     223
     218
     228
     218
     238
     251
     246
     232
     246
     246
     245
     249
     220
     236
     234
     225
     212
     234
     229
     245
     202
     251
     250
     239
     222
     224
     252
     245
     225
     267
     219
     253
     227
     235
     218
     220
     218
     244
     226
     261
     271
     246
     221
     237
     234
     229
     248
     210
     237
     243
     250
     241
     229
     218
     232
     220
     236
     235
     216
     252
     261
     234
     242
     239
     243
     228
     239
     252
     254
     240
     246
     242
     237
     245
     255
     243
     240
     242
     215
     226
     238
     241
     222
     230
     222
     232
     270
     245
     238
     221
     240
     239
     233
     271
     242
     230
     237
     239
     242
     233
     273
     231
     221
     213
     227
     248
     197
     237
     244
     250
     223
     225
     250
     240
     252
     226
     245
     234
     250
     213
     235
     246
     258
     235
     228
     260
     242
     236
     233
     243
     217
     237
     243
     262
     251
     257
     239
     233
     258
     271
     219
     258
     265
     255
     243
     262
     249
     255
     234
     241
     259
     225
     268
     249
     241
     236
     259
     234
     264
     262
     225
     223
     220
     244
     276
     251
     250
     279
     264
     267
     275
     301
     265
     235
     296
     264
     259
     253
     284
     270
     259
     260
     254
     247
     253
     247
     263
     270
     258
     253
     265
     268
     251
     238
     234
     254
     270
     266
     254
     255
     235
     244
     222
     261
     224
     275
     250
     262
     265
     242
     274
     231
     221
     249
     264
     261
     262
     277
     238
     262
     271
     251
     239
     261
     240
     258
     259
     274
     254
     263
     271
     290
     240
     286
     267
     285
     296
     271
     271
     258
     270
     241
     241
     297
     260
     288
     277
     228
     269
     260
     244
     267
     292
     261
     284
     258
     261
     269
     262
     266
     260
     269
     262
     269
     256
     257
     260
     263
     273
     304
     264
     242
     270
     292
     252
     271
     278
     300
     270
     268
     289
     271
     257
     258
     271
     263
     263
     295
     282
     294
     253
     286
     263
     257
     304
     248
     280
     275
     270
     269
     271
     271
     269
     275
     284
     242
     250
     281
     261
     268
     289
     298
     278
     254
     282
     245
     251
     263
     241
     309
     247
     287
     282
     234
     274
     273
     266
     277
     280
     287
     285
     255
     273
     275
     290
     273
     259
     274
     276
     253
     257
     283
     288
     302
     291
     275
     247
     249
     287
     279
     276
     276
     257
     264
     275
     289
     280
     256
     274
     257
     271
     267
     247
     275
     252
     259
     290
     263
     277
     265
     267
     299
     278
     298
     276
     268
     281
     266
     298
     264
     300
     250
     273
     273
     262
     285
     244
     260
     292
     282
     284
     264
     259
     280
     282
     256
     292
     284
     284
     280
     274
     305
     273
     287
     274
     275
     271
     258
     290
     282
     270
     256
     287
     257
     273
     270
     290
     263
     295
     299
     243
     277
     276
     269
     267
     281
     297
     265
     274
     251
     290
     255
     249
     262
     275
     268
     280
     271
     258
     247
     248
     289
     263
     245
     288
     246
     250
     236
     260
     256
     252
     260
     252
     235
     272
     281
     234
     238
     251
     230
     268
     265
     239
     265
     285
     251
     263
     247
     236
     228
     245
     253
     222
     261
     285
     260
     250
     242
     225
     227
     233
     246
     239
     245
     247
     212
     243
     269
     249
     258
     255
     225
     245
     222
     232
     220
     247
     225
     233
     252
     257
     247
     231
     242
     231
     222
     264
     241
     267
     231
     227
     222
     199
     214
     250
     252
     222
     232
     209
     225
     233
     226
     180
     211
     220
     235
     215
     199
     220
     230
     207
     229
     196
     220
     186
     220
     198
     225
     190
     207
     191
     215
     204
     194
     212
     213
     209
     235
     197
     201
     199
     221
     233
     201
     180
     189
     176
     207
     183
     221
     158
     205
     186
     217
     171
     183
     196
     213
     202
     209
     199
     236
     173
     175
     199
     190
     197
     191
     163
     193
     211
     210
     195
     176
     178
     191
     175
     172
     163
     223
     183
     164
     209
     207
     164
     183
     186
     194
     173
     203
     195
     161
     184
     201
     207
     172
     175
     185
     183
     186
     195
     150
     214
     199
     190
     186
     183
     172
     182
     181
     185
     188
     189
     175
     179
     183
     162
     178
     178
     172
     174
     159
     195
     198
     179
     179
     169
     172
     203
     178
     184
     184
     180
     174
     184
     159
     176
     186
     184
     139
     189
     169
     165
     183
     172
     165
     185
     176
     150
     179
     158
     181
     173
     138
     198
     164
     190
     165
     180
     157
     172
     171
     171
     169
     158
     167
     136
     158
     175
     170
     159
     158
     168
     172
     163
     164
     154
     159
     171
     160
     177
     157
     171
     154
     186
     170
     184
     167
     186
     167
     169
     148
     178
     171
     152
     187
     170
     154
     167
     165
     188
     177
     173
     175
     153
     196
     136
     166
     189
     163
     155
     188
     194
     158
     154
     185
     164
     155
     174
     186
     180
     163
     147
     181
     158
     167
     163
     149
     151
     163
     164
     172
     158
     148
     169
     180
     183
     169
     160
     155
     147
     161
     164
     167
     137
     174
     159
     160
     165
     144
     153
     158
     172
     165
     146
     153
     160
     165
     169
     160
     164
     167
     149
     169
     177
     170
     168
     167
     142
     171
     162
     174
     153
     158
     165
     171
     185
     165
     172
     168
     193
     167
     174
     155
     163
     153
     171
     177
     159
     176
     164
     175
     149
     183
     187
     192
     173
     163
     185
     156
     169
     183
     162
     161
     181
     180
     180
     162
     167
     165
     179
     189
     190
     171
     186
     186
     178
     194
     176
     179
     174
     202
     189
     188
     171
     163
     205
     190
     198
     186
     160
     213
     196
     198
     217
     207
     200
     187
     185
     171
     197
     188
     215
     215
     219
     215
     199
     216
     206
     226
     241
     216
     231
     235
     217
     225
     202
     235
     213
     224
     263
     244
     237
     254
     237
     238
     257
     243
     249
     258
     253
     248
     243
     256
     293
     283
     289
     285
     299
     312
     286
     302
     285
     304
     294
     324
     319
     305
     297
     328
     334
     334
     313
     327
     304
     359
     345
     319
     380
     350
     359
     352
     356
     367
     387
     379
     355
     393
     402
     401
     368
     420
     400
     419
     380
     416
     418
     404
     404
     441
     438
     439
     465
     478
     485
     464
     452
     442
     457
     482
     451
     464
     422
     469
     455
     504
     527
     453
     485
     516
     495
     506
     494
     504
     507
     496
     507
     523
     519
     501
     532
     476
     534
     542
     561
     530
     527
     524
     554
     563
     508
     555
     573
     496
     550
     557
     563
     540
     561
     563
     547
     615
     565
     578
     583
     568
     545
     564
     608
     558
     554
     577
     525
     554
     564
     555
     596
     587
     593
     537
     541
     597
     619
     556
     574
     590
     538
     493
     573
     572
     554
     544
     568
     531
     559
     516
     519
     565
     522
     561
     554
     555
     519
     537
     509
     505
     513
     514
     448
     507
     477
     536
     485
     502
     486
     501
     512
     488
     493
     462
     456
     479
     462
     479
     476
     422
     455
     436
     437
     429
     413
     460
     456
     414
     435
     435
     392
     428
     380
     367
     372
     375
     384
     410
     385
     384
     399
     343
     366
     336
     364
     346
     364
     328
     315
     347
     338
     318
     298
     307
     312
     285
     314
     312
     279
     290
     289
     277
     260
     251
     255
     238
     265
     277
     269
     246
     252
     261
     242
     208
     199
     251
     224
     237
     223
     192
     202
     220
     229
     206
     230
     203
     208
     185
     210
     202
     185
     192
     198
     178
     178
     173
     162
     131
     166
     163
     171
     145
     149
     175
     163
     153
     138
     159
     161
     151
     148
     153
     129
     132
     133
     131
     126
     138
     130
     122
     111
     138
     109
     139
     136
     121
     112
     106
     110
     129
     110
     117
     110
     118
     105
     113
     115
     109
     111
     103
     102
     120
     127
     127
     120
     105
      94
     112
     110
     119
      89
     103
     120
      99
     107
      88
     102
      91
     109
     107
      99
     110
      96
     111
     103
     120
     103
     100
     110
     110
     119
     121
     110
     126
     103
     115
     128
     130
     130
     120
     125
     113
     131
     111
     134
     128
     158
     155
     144
     132
     160
     126
     152
     137
     141
     169
     132
     139
     148
     128
     150
     154
     182
     178
     157
     174
     165
     160
     200
     167
     172
     192
     179
     176
     212
     198
     179
     163
     222
     191
     190
     175
     193
     193
     221
     246
     216
     227
     252
     225
     229
     224
     215
     232
     232
     248
     257
     235
     237
     242
     248
     271
     265
     252
     291
     273
     295
     255
     296
     306
     266
     286
     272
     297
     303
     281
     306
     288
     258
     301
     360
     332
     326
     355
     325
     318
     352
     337
     351
     365
     331
     317
     362
     355
     370
     367
     367
     415
     342
     373
     349
     387
     382
     380
     381
     435
     363
     379
     373
     384
     396
     397
     433
     391
     409
     369
     390
     392
     401
     408
     435
     448
     467
     398
     416
     433
     423
     411
     412
     441
     446
     395
     465
     423
     419
     406
     412
     397
     424
     434
     406
     452
     435
     435
     441
     451
     435
     444
     451
     431
     470
     450
     439
     449
     437
     430
     445
     424
     424
     422
     452
     384
     431
     428
     418
     410
     406
     423
     388
     419
     478
     424
     426
     421
     434
     414
     436
     419
     394
     410
     389
     445
     392
     380
     396
     373
     376
     349
     382
     393
     377
     373
     387
     347
     364
     367
     368
     401
     349
     307
     350
     354
     360
     321
     332
     329
     308
     359
     338
     322
     304
     318
     332
     310
     292
     323
     320
     343
     313
     294
     306
     289
     283
     262
     288
     312
     260
     262
     240
     260
     257
     270
     242
     239
     235
     249
     234
     255
     201
     241
     229
     246
     231
     215
     241
     219
     220
     177
     210
     188
     223
     188
     198
     179
     192
     178
     206
     189
     212
     174
     189
     200
     173
     151
     161
     150
     169
     152
     156
     134
     181
     123
     144
     147
     134
     143
     118
     153
     127
     133
     136
     139
     119
     124
     130
     106
     120
     100
     109
     103
     127
      93
     120
     116
     118
     108
     108
      96
      87
     110
      92
      80
      96
     100
      80
      77
      80
      78
      67
      71
      69
      79
      69
      69
      73
      65
      73
      75
      72
      58
      79
      61
      59
      81
      60
      53
      60
      63
      65
      49
      57
      63
      58
      67
      41
      53
      54
      49
      55
      51
      48
      38
      51
      44
      41
      49
      43
      55
      46
      31
      38
      41
      40
      39
      36
      42
      39
      39
      36
      41
      43
      31
      28
      35
      47
      34
      38
      30
      31
      35
      33
      32
      34
      39
      27
      23
      24
      33
      30
      22
      17
      27
      27
      24
      23
      33
      21
      20
      29
      17
      27
      30
      20
      19
      24
      24
      18
      28
      17
      27
      13
      25
      26
      28
      37
      22
      20
      16
      25
      17
      25
      13
      16
      33
      22
      30
      23
      22
      20
      25
      23
      12
      21
      25
      24
      19
      15
      20
      19
      21
      10
      24
      17
      15
      16
      17
      20
      17
      13
      27
      16
      20
      22
      18
      24
      18
      18
      18
      18
      18
      15
      27
      24
      11
      17
      22
      23
      19
      23
      19
      13
      19
      19
      16
      15
      20
      19
      14
      13
      10
      16
      15
      16
      18
      16
      11
      21
      20
      16
      14
      15
      16
      17
      22
      14
      11
      13
      22
      25
      21
      19
      17
      22
      17
      17
      16
      14
      14
      14
      23
      12
      20
      12
      19
      17
      24
      22
      12
      17
      11
      10
      23
      16
      11
      18
      13
       9
      20
      22
      16
      14
      14
      16
      12
      23
       9
      15
      15
      17
      13
      14
      13
      13
      20
      13
      21
      17
      20
      25
      17
      10
      16
       9
      16
      13
      14
      11
      24
      14
      13
      16
      14
      10
      16
      17
      19
      19
      19
      13
      12
      15
      15
       9
      14
      17
      13
      15
      14
      18
      15
      11
      16
      18
       9
      18
      14
      16
      11
      22
      19
      17
      13
      11
      18
      14
      13
      16
      18
       8
      13
      13
      16
       8
      15
      15
      13
      14
       7
      19
      16
      17
      13
       9
      11
      11
      10
      10
      13
      17
      16
      15
      18
      12
      18
      17
      21
      13
      11
      14
      17
       9
      15
       8
      11
      11
      10
      11
      13
      15
      23
      13
      23
      16
      17
      18
      11
      17
      15
      12
       9
      15
      11
      11
       7
      16
      15
      15
      13
      21
      18
       9
       9
      13
      16
      12
      15
      19
      23
      15
       8
      17
      23
      21
      13
      19
      12
      19
      11
      11
      11
      18
      11
       5
      17
      21
      15
      14
      16
      15
      11
      16
      11
      11
      19
       9
      16
      17
      14
      12
      14
       9
      13
       9
      11
      15
       8
      20
      15
      10
      17
      10
      18
      24
      16
      21
      16
      12
      16
      18
      13
      19
      20
      10
      19
      11
      19
      16
      12
      17
      13
      16
      11
      15
      12
      12
      12
       9
      13
      15
      11
      19
      10
      14
      23
      17
      17
      16
      11
      14
      11
      11
      15
      13
      19
       4
      10
       7
      11
      15
      19
      10
      10
      13
      16
       7
       8
      20
      15
      15
      16
      11
      11
      16
      15
      10
       8
      15
      12
      11
      19
      13
       8
      11
      14
      12
      13
      11
       8
      13
      14
      20
      12
      16
      12
      13
      11
      15
      16
      10
      16
      14
      12
       7
      15
      16
      15
      13
      15
      10
      20
      12
      12
      16
      14
       9
       6
      16
      11
      12
      13
      11
      15
      12
      19
      12
      12
       7
      10
      16
      19
      11
      16
       9
      14
      17
       9
      18
      10
      17
      13
      17
      15
      11
      13
      17
      19
      16
      11
       7
      14
      12
      14
      12
       9
      16
       9
      13
      19
      16
      16
      19
      11
      10
      14
      11
       8
      14
      13
      13
      13
      13
      17
      16
       9
      14
       9
      16
      12
      10
      14
      14
      15
      11
      13
      18
      15
      11
      12
      10
       9
      13
       8
       8
      17
      13
      15
      17
      15
      13
       7
       8
      16
      13
      17
      14
       9
       8
       7
      14
      11
      11
      17
       8
      12
      14
      12
      11
      15
      12
      15
      13
      13
      16
      16
      12
      13
      15
       8
       7
      15
      13
      11
      11
      17
      16
       8
      16
      13
      13
      10
      13
      14
       9
      10
      12
      19
       8
      12
      13
       9
      17
      15
       8
      11
      13
      12
      13
      15
      10
      12
      15
       7
       9
       8
      19
      11
      16
      17
      13
       6
      13
      11
      11
       6
      11
      16
       8
      15
       7
       8
      15
      16
      10
       6
       9
       9
      12
      12
       9
      11
      13
       7
      16
       7
      11
      16
      14
       8
       7
      11
      11
       8
      12
      13
       7
       9
      14
       8
       9
       8
      11
      11
      15
       7
       8
      15
       8
      11
      10
      16
      10
      16
       9
      11
      10
       8
      10
      14
      13
      16
       9
       5
       8
      10
       8
      10
      21
       8
       7
      12
      14
       7
      13
      16
      13
      10
      13
      10
       9
      12
      10
       8
       4
       9
      11
      11
       7
      12
       6
      11
      11
       6
      15
      10
      13
      14
       8
      13
       9
      11
       9
      10
      11
      14
       8
      11
      11
       8
      22
       8
      11
      14
      18
      13
       0
       0
       0
       0
       0
       0
       0
       0
       0
       0
       0
       0
       0
       0
       0
       0
       0
       0
       0
       0
       0
       0
       0
       0
       0
       0
       0
       0
       0
       0
       0
       0
       0
       0
       0
       0
       0
       0
       0
       0
       0
       0
       0
       0
       0
       0
       0
       0
       0
       0
       0
       0
       0
       0
       0
       0
       0
       0
       0
       0
       0
       0
       0
       0
$ROI:
3
794 798
2583 2870
2957 3290
$PRESETS:
None
0
0
$ENER_FIT:
0.000000 0.000000
$MCA_CAL:
3
0.000000E+000 0.000000E+000 0.000000E+000 
$SHAPE_CAL:
3
0.000000E+000 0.000000E+000 0.000000E+000
