$SPEC_ID:
No sample description was entered.
$SPEC_REM:
DET# 2
DETDESC# PHY-0040-AA Easy-MCA-8k SN 21098639
AP# Maestro Version 7.01
$DATE_MEA:
02/24/2025 09:48:00
$MEAS_TIM:
130 132
$DATA:
0 4095
       0
       0
       0
       0
       0
       0
       0
       0
       0
       0
       0
       0
       0
       0
       0
       0
       0
       0
       0
       0
       0
       0
       0
       0
       0
       0
       0
       0
       0
       0
      37
      68
      70
      56
      60
      69
      66
      76
      70
      76
      60
      65
      67
      65
      65
      61
      70
      76
      66
      69
      70
      94
      75
      64
      83
      78
      82
      99
      93
      72
     111
      94
      92
     112
     128
     110
     132
     162
     163
     203
     231
     281
     310
     327
     411
     403
     457
     506
     546
     560
     607
     631
     626
     712
     655
     693
     615
     585
     560
     545
     488
     482
     457
     389
     365
     331
     314
     267
     275
     223
     246
     180
     203
     183
     152
     136
     147
     119
     134
     110
      97
     114
      96
     117
      96
     112
     112
      94
      88
      84
      75
      75
      90
      78
      81
      80
      88
      94
      80
      84
     105
      95
      77
      81
      88
      85
      87
      80
     104
      95
      85
      85
      90
      80
      89
      85
      89
      72
     102
      97
      91
      73
      90
      80
      90
      99
      92
      87
      96
     106
      87
      77
      89
      88
      97
      97
      89
      92
      87
      87
      88
      96
      87
      81
      96
      98
     110
      86
      99
     117
     101
      97
      98
      93
     104
      94
      95
      95
     103
      98
      84
     111
      97
     100
      99
      97
     108
      98
     114
      86
     107
      81
     108
      95
      99
      86
      79
      95
     101
      94
     102
     108
     108
      93
      88
      98
      99
     108
      77
     129
     103
      95
      97
      93
     115
      98
     103
     106
      85
      89
      96
     106
     115
      91
      97
      83
      98
      98
     109
      96
      95
     112
     116
     103
     100
     108
     110
      96
      90
      92
      95
      91
     101
      86
     107
     107
     100
     106
      87
      98
      98
      99
     113
      96
     103
     107
     110
      89
     121
      97
     109
      79
     108
     108
     111
      91
      97
     115
      97
     103
      99
      93
      90
     101
      94
      93
      89
     112
      83
      89
     109
      87
     117
      93
      85
     103
     102
      99
     127
     103
      76
     114
     103
     107
      86
     113
      86
     105
      76
     102
      99
      90
     106
     102
     127
      98
      93
      89
     101
     100
      98
     104
     102
      98
      96
     101
      95
      91
      85
      98
      96
     102
      95
      92
      90
      88
     103
      92
      99
     101
      86
     106
      93
      88
      97
     110
      91
      96
      92
     109
      99
      74
     112
      81
      98
      92
      94
      88
      86
      98
      88
      97
      99
      83
     107
      90
      93
      90
     108
      92
     114
      82
     101
      98
      89
      85
      96
      88
      93
      76
      98
      78
     101
     109
      75
      78
      95
      78
      85
      90
      94
      99
      85
      84
      83
      89
      95
      91
      81
     101
      82
      87
      99
      95
      96
      93
      90
      84
      87
     104
      83
      99
      96
      94
      94
     101
     103
      94
      93
     109
      99
      88
      77
      96
      86
      93
      93
      90
     111
     101
      91
      77
     105
      88
     101
      94
     106
      91
     107
      99
      98
      86
      86
     114
     118
      94
      96
     118
      99
     113
      98
      88
     122
     122
      96
     110
     109
     114
      93
     114
     128
     103
     118
     120
     102
     122
     120
     121
     121
     101
     116
     123
     123
     123
     115
     128
     128
      92
      93
     113
     138
     132
     114
     100
     140
     115
     116
     104
     126
     131
     115
     138
     125
     116
     141
     126
     128
     124
     119
     133
     119
     130
     124
     122
     129
     106
     138
     138
     109
     109
     117
     107
     122
     126
     108
     125
     139
     118
     105
     108
     107
     118
     109
     114
     120
     127
     108
      92
     121
     123
     100
      92
     119
     107
     146
     128
     110
      97
     109
     119
      96
      84
     108
     128
     116
     111
     115
      98
     104
     103
     113
      95
     108
      96
      91
      85
      92
     101
      85
     103
     108
      97
     102
      99
     108
     112
      98
     120
     103
     119
      93
      94
     101
     103
      87
      89
     107
      99
      97
      95
     103
     103
      96
      96
     108
      85
      87
      96
      90
      87
      95
      86
      93
      72
     101
     108
     104
      94
      98
      94
      84
      98
      80
     101
      88
      94
      89
      87
      91
      92
      87
      87
      94
      90
      84
     101
      92
     104
      75
      83
      94
      76
      94
      92
      87
      87
      98
      80
      83
      81
     100
      85
      89
      85
      71
      89
      78
      91
      80
      91
      72
      75
      85
      62
      73
      82
      82
      92
      95
      87
     102
      87
      81
      71
     101
      76
      74
      76
      76
      82
      82
      79
      80
      80
      83
      74
      76
      91
      67
      75
      81
      89
     101
      78
      77
      92
      68
      76
      61
      79
      80
      72
      85
      75
      57
      70
      65
      76
      80
      65
      95
      93
      77
      77
      97
      92
      68
      83
      84
      75
      91
      81
      79
      72
      66
      81
      84
      78
      84
      82
      62
      88
      87
      75
      78
      64
      70
      85
      68
      76
      79
      81
      72
      64
      75
      82
      86
      80
      66
      75
      70
      78
      66
      62
      71
      86
      88
      87
      71
      67
      82
      72
      72
      81
      66
      65
      71
      66
      78
      65
      70
      84
      88
      83
      85
      72
      70
      88
      60
      64
      77
      68
      60
      76
      72
      87
      70
      68
      59
      94
      59
      83
      65
      72
      65
      63
      81
      76
      74
      82
      81
      85
      75
      65
      67
      72
      62
      73
      62
      67
      63
      71
      64
      70
      62
      73
      50
      77
      67
      74
      67
      86
      70
      73
      66
      74
      73
      57
      63
      71
      63
      75
      84
      76
      57
      71
      76
      67
      70
      64
      79
      71
      79
      77
      70
      64
      71
      53
      79
      62
      87
      70
      73
      71
      75
      78
      75
      66
      67
      80
      83
      79
      80
      69
      79
      72
      86
      72
      57
      70
      58
      77
      73
      68
      75
      69
      86
      71
      61
      65
      77
      63
      82
      74
      66
      69
      70
      74
      83
      68
      72
      66
      74
      71
      65
      57
      70
      82
      75
      65
      80
      58
      61
      86
      49
      72
      65
      64
      75
      63
      71
      70
      79
      73
      59
      60
      68
      73
      64
      65
      67
      78
      79
      64
      57
      71
      99
      63
      77
      69
      66
      59
      71
      67
      63
      63
      68
      65
      74
      58
      61
      74
      63
      58
      66
      65
      85
      56
      86
      85
      81
      69
      69
      69
      61
      70
      48
      62
      66
      55
      68
      56
      72
      73
      71
      65
      52
      70
      67
      73
      71
      55
      73
      67
      66
      73
      79
      77
      58
      63
      61
      69
      51
      76
      71
      83
      82
      79
      65
      65
      57
      63
      67
      75
      84
      54
      95
      65
      71
      73
      59
      80
      85
      64
      66
      68
      65
      69
      76
      58
      62
      54
      80
      79
      63
      96
      69
      51
      60
      60
      68
      74
      85
      74
      73
      83
      63
      70
      85
      72
      67
      69
      64
      71
      84
      72
      67
      74
      73
      89
      67
      86
      75
      73
      74
      79
      78
      70
      71
      69
      82
      67
      57
      74
      65
      79
      73
      71
      83
      64
      77
      70
      69
      72
      73
      59
      80
      72
      64
      76
      75
      63
      72
      72
      81
      77
      72
      62
      76
      76
      80
      73
      60
      83
      77
      61
      69
      57
      59
      74
      71
      74
      76
      63
      72
      59
      63
      94
      73
      67
      61
      81
      77
      70
      61
      74
      67
      76
      76
      75
      56
      73
      57
      73
      71
      64
      73
      73
      60
      56
      70
      60
      83
      57
      66
      58
      80
      59
      58
      60
      64
      48
      56
      60
      61
      58
      54
      62
      54
      51
      75
      53
      60
      41
      45
      54
      54
      53
      62
      54
      51
      44
      65
      44
      54
      55
      56
      53
      56
      56
      58
      53
      43
      53
      42
      48
      44
      51
      44
      45
      48
      38
      42
      41
      37
      36
      45
      33
      58
      47
      48
      47
      32
      38
      44
      39
      42
      37
      43
      32
      44
      31
      32
      34
      29
      37
      35
      30
      24
      26
      35
      32
      37
      35
      27
      36
      32
      27
      31
      32
      23
      21
      24
      30
      20
      26
      31
      25
      24
      30
      26
      20
      20
      24
      16
      18
      25
      13
      28
      20
      22
      22
      23
      16
      18
      18
      14
      30
      17
      20
      19
      17
      31
      26
      20
      23
      15
      23
      17
      18
      20
      16
      18
      19
      18
      10
      15
      22
      13
      12
      20
      18
      16
       8
      14
      14
      23
      16
      14
      10
       9
      16
      23
      10
      14
      13
      16
      13
      14
      16
      15
      15
      12
      17
       9
      16
       9
      12
      11
      15
      10
      12
      14
      19
       8
      16
      18
      14
      11
      14
      10
      10
      11
      16
      12
       9
       8
      13
      10
      12
      10
       7
       9
       7
       8
      14
      16
       8
      13
      13
       9
       9
      13
      11
       5
      17
       8
      11
      14
       6
      11
       6
      13
       5
      10
       8
      10
       8
       5
      11
       7
      10
       6
       5
       5
      10
       7
      14
       8
      11
       5
      11
       9
       6
      14
       7
      12
      11
      15
       7
      13
      11
      16
       8
       6
       7
       8
      17
      12
      10
      17
      12
      13
      12
      11
      12
       6
       7
      17
      16
       6
       8
       5
       8
      11
       7
      13
      11
       8
       8
       7
      11
       9
      10
       9
      16
      13
      14
      10
      12
       9
      11
       8
      16
       7
      13
       9
      14
       4
       9
       8
      14
      10
      13
      16
      11
       8
      13
       8
       9
      11
      11
      11
      11
      13
      17
       7
      14
      12
       8
      10
      12
      11
      15
       8
      14
      14
      16
      13
      15
      15
      12
      15
      14
      24
      15
      14
      13
      16
      11
      19
      16
      13
      20
      14
      12
      19
      25
      20
      17
      24
      23
      16
      24
      23
      30
      21
      18
      25
      27
      17
      24
      18
      38
      20
      31
      23
      21
      33
      32
      43
      37
      24
      34
      34
      34
      30
      44
      52
      45
      33
      36
      37
      63
      62
      49
      48
      49
      53
      44
      60
      53
      78
      58
      68
      56
      60
      76
      75
      62
      74
      73
      88
      61
      79
      85
      89
      77
      85
      97
     102
      99
     108
     100
     109
     123
     132
     109
     119
     143
     120
     131
     139
     147
     158
     146
     146
     132
     170
     156
     196
     162
     161
     177
     184
     187
     186
     217
     210
     185
     210
     218
     219
     272
     247
     237
     230
     287
     233
     241
     259
     279
     245
     271
     284
     301
     273
     288
     306
     270
     300
     330
     316
     294
     322
     339
     320
     302
     357
     333
     340
     335
     349
     360
     401
     381
     361
     406
     375
     406
     391
     357
     393
     385
     411
     389
     379
     402
     379
     408
     424
     418
     402
     422
     424
     434
     363
     415
     394
     418
     412
     404
     425
     402
     394
     413
     429
     441
     444
     405
     415
     402
     386
     392
     409
     363
     414
     363
     377
     412
     400
     382
     355
     382
     359
     388
     358
     368
     332
     356
     377
     330
     351
     332
     320
     368
     331
     344
     336
     334
     302
     306
     278
     305
     292
     268
     259
     269
     275
     281
     256
     278
     254
     246
     253
     263
     235
     210
     218
     238
     199
     216
     191
     184
     188
     187
     177
     173
     183
     178
     181
     153
     166
     161
     160
     164
     134
     116
     144
     156
     137
     161
     118
     131
     121
     119
     104
     119
     101
      91
     105
      86
      92
      78
      85
      91
      71
      59
      74
      76
      71
      78
      73
      61
      71
      55
      47
      57
      51
      57
      40
      45
      41
      42
      40
      40
      51
      41
      47
      27
      42
      35
      30
      28
      26
      11
      30
      33
      25
      20
      16
      21
      14
      20
      14
      18
      16
      19
      14
      15
      17
      18
      13
      23
      14
      16
      11
      17
      12
      11
      10
      14
      13
      10
      12
      18
      15
       1
      11
       6
       9
      11
       7
       4
       8
       8
       4
      10
       7
       3
       2
       2
       6
       3
       5
       1
       2
       7
       7
       5
       3
       3
       7
       3
       0
       7
       5
      12
       2
       5
       2
       3
       2
       1
       2
       2
       1
       4
       2
       3
       2
       1
       4
       2
       2
       3
       1
       2
       1
       4
       2
       3
       1
       2
       2
       2
       2
       4
       2
       1
       5
       0
       3
       1
       2
       2
       0
       0
       0
       2
       5
       1
       2
       1
       0
       0
       3
       0
       3
       2
       1
       1
       0
       1
       0
       1
       1
       3
       0
       0
       2
       0
       2
       2
       0
       2
       2
       1
       1
       2
       2
       0
       1
       2
       2
       2
       0
       4
       1
       0
       0
       1
       2
       1
       2
       1
       1
       1
       0
       4
       1
       2
       1
       3
       3
       3
       0
       2
       0
       5
       3
       0
       1
       4
       0
       1
       0
       1
       2
       1
       1
       0
       3
       2
       1
       2
       0
       2
       3
       2
       2
       2
       2
       2
       1
       1
       2
       2
       1
       3
       1
       0
       2
       2
       0
       1
       1
       4
       3
       0
       2
       1
       1
       4
       1
       0
       0
       2
       1
       0
       0
       1
       0
       0
       2
       0
       1
       1
       0
       2
       2
       0
       2
       0
       0
       0
       4
       0
       2
       1
       2
       3
       0
       0
       2
       0
       0
       1
       0
       2
       4
       1
       4
       0
       1
       0
       2
       0
       0
       3
       3
       1
       1
       0
       1
       0
       0
       0
       4
       2
       1
       1
       4
       2
       1
       1
       0
       1
       0
       4
       3
       2
       0
       1
       1
       3
       1
       0
       0
       1
       0
       1
       1
       0
       1
       1
       0
       1
       2
       1
       2
       1
       0
       3
       0
       0
       1
       1
       0
       1
       0
       1
       0
       0
       1
       3
       1
       1
       2
       2
       0
       1
       2
       2
       2
       1
       3
       0
       4
       2
       3
       1
       0
       2
       0
       2
       2
       0
       1
       1
       0
       2
       0
       1
       2
       1
       2
       1
       0
       1
       1
       1
       0
       1
       2
       3
       1
       5
       2
       2
       3
       1
       0
       3
       1
       0
       0
       0
       0
       3
       0
       1
       0
       1
       1
       2
       2
       1
       0
       1
       0
       3
       1
       1
       3
       2
       0
       2
       1
       2
       1
       0
       2
       1
       3
       4
       0
       1
       1
       3
       0
       3
       1
       2
       6
       1
       3
       1
       2
       2
       0
       2
       0
       0
       0
       1
       1
       0
       2
       1
       2
       1
       3
       5
       0
       2
       0
       1
       1
       2
       4
       0
       2
       3
       0
       0
       0
       1
       0
       0
       0
       1
       2
       2
       0
       1
       3
       1
       1
       2
       1
       0
       1
       5
       0
       0
       1
       1
       0
       0
       3
       1
       0
       2
       2
       1
       1
       0
       1
       1
       1
       0
       2
       2
       1
       1
       1
       0
       2
       1
       2
       1
       0
       0
       0
       1
       1
       2
       1
       2
       0
       0
       1
       4
       2
       0
       0
       2
       0
       3
       0
       0
       4
       1
       1
       2
       2
       0
       0
       4
       2
       1
       1
       0
       1
       4
       2
       2
       0
       0
       2
       0
       1
       2
       0
       0
       1
       0
       1
       1
       2
       1
       1
       0
       1
       0
       1
       2
       0
       2
       1
       1
       0
       0
       0
       1
       1
       2
       2
       0
       1
       3
       1
       0
       1
       0
       3
       1
       2
       2
       1
       1
       2
       2
       1
       1
       1
       0
       1
       0
       3
       0
       1
       0
       1
       2
       1
       2
       4
       0
       0
       1
       2
       1
       1
       0
       0
       2
       4
       0
       1
       0
       1
       0
       1
       0
       0
       0
       0
       1
       1
       2
       2
       1
       1
       0
       0
       2
       0
       1
       5
       3
       1
       0
       1
       2
       0
       1
       0
       1
       1
       0
       4
       2
       2
       0
       0
       1
       1
       3
       1
       0
       4
       0
       3
       3
       1
       2
       1
       1
       0
       0
       0
       0
       1
       0
       0
       0
       3
       2
       3
       4
       1
       0
       0
       0
       0
       0
       2
       0
       1
       0
       0
       1
       2
       1
       1
       1
       1
       1
       4
       4
       2
       3
       1
       1
       1
       0
       0
       2
       0
       1
       0
       1
       1
       1
       2
       0
       1
       1
       0
       1
       1
       0
       0
       0
       2
       0
       2
       1
       0
       3
       1
       0
       2
       0
       0
       0
       0
       3
       0
       0
       0
       1
       1
       0
       0
       1
       0
       1
       1
       0
       0
       1
       3
       1
       3
       1
       1
       0
       2
       1
       2
       0
       0
       1
       0
       0
       0
       3
       1
       0
       0
       0
       1
       0
       0
       0
       0
       0
       0
       0
       0
       1
       1
       0
       0
       0
       0
       2
       1
       1
       1
       0
       1
       1
       0
       1
       1
       0
       1
       0
       2
       1
       0
       0
       1
       0
       1
       2
       1
       0
       1
       1
       0
       2
       1
       2
       1
       1
       2
       1
       1
       3
       0
       0
       0
       1
       0
       1
       0
       1
       3
       2
       1
       2
       1
       1
       0
       0
       1
       2
       0
       1
       2
       0
       0
       0
       1
       2
       1
       1
       0
       2
       0
       2
       1
       0
       0
       0
       1
       2
       1
       0
       0
       2
       2
       1
       2
       1
       2
       0
       1
       2
       1
       3
       1
       2
       0
       2
       1
       0
       0
       1
       2
       2
       1
       0
       0
       2
       1
       0
       1
       0
       0
       1
       0
       2
       0
       2
       1
       2
       0
       2
       0
       2
       2
       0
       1
       0
       0
       2
       1
       1
       0
       1
       0
       1
       0
       2
       2
       1
       0
       0
       0
       2
       1
       1
       1
       1
       0
       1
       1
       0
       1
       2
       2
       0
       0
       1
       1
       1
       1
       1
       1
       0
       0
       1
       0
       2
       0
       1
       1
       5
       0
       0
       0
       2
       0
       1
       1
       2
       1
       1
       0
       0
       0
       0
       1
       1
       0
       2
       0
       0
       2
       0
       0
       0
       0
       0
       1
       1
       2
       0
       1
       2
       0
       1
       0
       1
       0
       0
       0
       1
       1
       0
       1
       1
       2
       0
       0
       2
       1
       0
       0
       0
       1
       0
       0
       1
       0
       0
       0
       0
       0
       0
       0
       1
       1
       0
       0
       0
       1
       0
       1
       0
       0
       1
       1
       1
       0
       1
       3
       0
       0
       3
       0
       0
       0
       0
       0
       0
       2
       0
       0
       0
       0
       0
       1
       1
       0
       0
       0
       0
       3
       2
       0
       1
       0
       1
       1
       1
       1
       1
       0
       0
       5
       1
       0
       1
       1
       1
       1
       1
       2
       1
       3
       1
       0
       0
       1
       0
       0
       2
       1
       0
       1
       1
       1
       0
       0
       2
       0
       0
       1
       0
       2
       0
       0
       1
       1
       0
       1
       0
       3
       1
       0
       0
       1
       0
       2
       1
       0
       0
       2
       2
       0
       1
       0
       0
       2
       0
       0
       2
       1
       1
       1
       2
       0
       5
       1
       0
       0
       0
       1
       2
       0
       2
       1
       1
       0
       2
       0
       1
       1
       2
       0
       0
       2
       0
       1
       0
       1
       0
       0
       1
       0
       0
       1
       0
       1
       0
       0
       0
       0
       0
       2
       0
       1
       0
       1
       1
       1
       0
       0
       1
       0
       0
       1
       1
       0
       1
       1
       0
       0
       0
       2
       0
       2
       2
       0
       0
       1
       0
       0
       2
       2
       1
       2
       0
       0
       0
       1
       0
       0
       0
       0
       0
       1
       0
       1
       0
       0
       1
       1
       1
       0
       0
       1
       1
       0
       0
       2
       1
       0
       0
       1
       0
       0
       1
       0
       4
       0
       2
       0
       0
       0
       0
       1
       1
       1
       1
       0
       0
       1
       0
       0
       1
       1
       2
       0
       0
       1
       0
       0
       0
       0
       3
       0
       0
       1
       0
       3
       0
       1
       0
       1
       2
       0
       0
       0
       0
       0
       0
       0
       1
       1
       0
       1
       0
       1
       2
       0
       0
       1
       0
       0
       0
       1
       0
       0
       1
       0
       0
       2
       1
       0
       0
       0
       0
       0
       0
       0
       1
       0
       0
       1
       0
       0
       0
       0
       0
       0
       3
       1
       0
       0
       2
       2
       0
       0
       0
       0
       0
       0
       0
       0
       0
       0
       1
       0
       2
       0
       0
       0
       0
       0
       0
       1
       0
       0
       1
       0
       2
       1
       0
       1
       0
       0
       0
       1
       0
       1
       0
       1
       0
       0
       0
       1
       1
       0
       1
       1
       1
       0
       0
       0
       0
       0
       0
       0
       0
       1
       0
       1
       1
       0
       0
       1
       0
       0
       0
       1
       0
       1
       1
       1
       0
       1
       0
       1
       0
       0
       1
       0
       0
       0
       1
       0
       1
       1
       1
       0
       1
       1
       0
       0
       0
       1
       0
       1
       0
       0
       2
       0
       1
       0
       0
       0
       0
       1
       0
       0
       0
       1
       0
       0
       0
       0
       2
       0
       1
       2
       0
       0
       1
       1
       0
       1
       0
       1
       0
       0
       2
       1
       0
       1
       2
       1
       1
       0
       0
       1
       2
       1
       1
       0
       0
       0
       0
       3
       2
       0
       1
       0
       0
       1
       0
       0
       2
       0
       0
       0
       0
       2
       1
       0
       1
       0
       1
       1
       1
       0
       0
       1
       1
       0
       0
       2
       1
       0
       0
       0
       0
       0
       0
       0
       1
       0
       0
       0
       1
       0
       0
       1
       1
       0
       1
       1
       0
       0
       0
       0
       1
       0
       0
       0
       1
       0
       0
       0
       0
       1
       1
       0
       0
       1
       1
       1
       0
       0
       0
       0
       0
       0
       1
       0
       1
       0
       0
       1
       0
       1
       0
       1
       1
       1
       2
       3
       0
       0
       1
       0
       2
       0
       0
       0
       1
       1
       0
       1
       0
       1
       0
       0
       1
       0
       0
       0
       0
       0
       1
       0
       0
       0
       1
       0
       1
       0
       0
       0
       0
       0
       0
       0
       0
       0
       0
       0
       0
       1
       0
       0
       1
       0
       1
       0
       0
       0
       0
       0
       1
       2
       0
       1
       0
       1
       0
       0
       0
       0
       0
       1
       1
       2
       0
       1
       1
       0
       1
       0
       1
       0
       0
       0
       1
       2
       2
       1
       1
       0
       0
       0
       1
       0
       2
       0
       1
       2
       1
       1
       0
       0
       0
       1
       1
       1
       4
       1
       1
       2
       2
       4
       3
       0
       1
       3
       1
       0
       0
       1
       1
       0
       0
       2
       0
       1
       1
       4
       0
       0
       1
       7
       1
       0
       0
       1
       1
       1
       1
       1
       0
       0
       0
       0
       1
       1
       0
       0
       2
       0
       1
       0
       0
       0
       0
       0
       1
       0
       0
       0
       0
       0
       0
       0
       2
       2
       4
       1
       0
       0
       0
       1
       2
       1
       0
       1
       1
       0
       0
       0
       1
       0
       1
       0
       1
       2
       1
       0
       3
       1
       1
       3
       3
       0
       0
       4
       1
       1
       0
       2
       1
       0
       0
       0
       3
       1
       1
       1
       0
       1
       0
       0
       2
       2
       1
       1
       0
       1
       0
       1
       1
       2
       1
       1
       0
       1
       0
       1
       1
       1
       0
       0
       0
       0
       0
       1
       0
       0
       1
       0
       0
       1
       1
       0
       1
       0
       2
       0
       0
       1
       0
       1
       1
       1
       0
       0
       0
       2
       1
       0
       1
       0
       0
       0
       2
       0
       1
       2
       0
       1
       2
       0
       2
       0
       0
       0
       1
       1
       1
       0
       0
       0
       0
       0
       0
       0
       0
       0
       0
       0
       0
       0
       1
       0
       0
       0
       2
       0
       1
       0
       0
       0
       1
       0
       2
       0
       0
       0
       0
       1
       0
       0
       0
       0
       1
       1
       0
       0
       0
       0
       0
       0
       1
       2
       1
       0
       0
       0
       1
       1
       0
       0
       0
       0
       0
       1
       1
       0
       1
       0
       1
       0
       0
       1
       1
       0
       0
       0
       0
       0
       0
       2
       0
       1
       0
       0
       0
       0
       0
       0
       1
       2
       0
       1
       0
       1
       0
       1
       0
       0
       0
       0
       0
       0
       0
       0
       0
       1
       0
       1
       0
       0
       0
       0
       1
       0
       0
       2
       0
       0
       0
       0
       0
       0
       1
       0
       1
       0
       0
       0
       0
       0
       0
       0
       0
       0
       0
       0
       0
       1
       0
       0
       0
       0
       1
       0
       0
       0
       0
       0
       1
       0
       0
       0
       0
       0
       0
       1
       0
       0
       0
       0
       0
       0
       0
       0
       0
       0
       1
       0
       0
       0
       0
       0
       0
       0
       0
       0
       0
       1
       0
       0
       0
       0
       0
       0
       0
       0
       0
       0
       1
       0
       0
       0
       0
       0
       1
       0
       0
       0
       0
       1
       0
       0
       0
       0
       0
       0
       1
       0
       0
       0
       0
       0
       1
       0
       0
       0
       0
       0
       0
       0
       0
       1
       0
       0
       0
       1
       0
       0
       1
       0
       0
       0
       0
       0
       0
       0
       0
       0
       0
       0
       0
       1
       0
       0
       0
       0
       0
       0
       0
       0
       0
       0
       0
       0
       0
       0
       0
       0
       0
       0
       0
       1
       0
       0
       0
       1
       0
       0
       1
       0
       1
       1
       0
       0
       0
       0
       0
       0
       0
       0
       0
       0
       0
       0
       0
       0
       0
       0
       0
       1
       0
       0
       0
       0
       0
       0
       0
       0
       0
       0
       0
       1
       0
       0
       0
       0
       0
       0
       0
       0
       0
       0
       0
       0
       0
       0
       1
       1
       0
       0
       1
       0
       0
       1
       0
       0
       0
       0
       0
       0
       0
       0
       1
       0
       1
       0
       0
       0
       0
       0
       0
       0
       0
       1
       0
       0
       1
       0
       0
       0
       0
       0
       0
       0
       0
       1
       0
       0
       0
       0
       0
       0
       0
       0
       0
       0
       0
       0
       0
       0
       0
       0
       0
       0
       0
       0
       0
       0
       0
       0
       0
       0
       0
       0
       0
       0
       0
       0
       0
       0
       0
       0
       0
       0
       0
       0
       0
       0
       0
       0
       0
       0
       0
       0
       0
       0
       0
       0
       0
       0
       0
       0
       0
       0
       0
       0
       0
       0
       0
       0
       0
       0
       0
       0
       1
       0
       0
       0
       0
       0
       0
       0
       0
       0
       0
       0
       0
       0
       0
       1
       0
       0
       0
       2
       0
       0
       0
       1
       0
       0
       0
       0
       0
       0
       0
       0
       0
       0
       0
       0
       0
       0
       0
       1
       0
       0
       0
       0
       0
       0
       0
       0
       0
       0
       0
       0
       0
       0
       0
       0
       0
       0
       0
       0
       0
       0
       0
       0
       0
       0
       0
       0
       0
       0
       0
       0
       0
       0
       0
       0
       0
       0
       0
       0
       0
       0
       0
       0
       0
       0
       0
       0
       1
       0
       0
       0
       0
       0
       1
       0
       1
       0
       0
       0
       0
       0
       0
       0
       0
       0
       0
       0
       0
       0
       0
       0
       1
       0
       0
       0
       0
       0
       0
       0
       0
       0
       0
       0
       0
       0
       0
       0
       0
       0
       0
       0
       0
       0
       0
       0
       0
       0
       0
       0
       0
       0
       0
       0
       0
       0
       0
       0
       0
       0
       0
       0
       0
       0
       0
       0
       0
       0
       0
       0
       0
       0
       0
       0
       0
       0
       0
       0
       0
       0
       0
       0
       0
       0
       0
       0
       0
       0
       0
$ROI:
1
1423 1742
$PRESETS:
None
0
0
$ENER_FIT:
0.000000 0.000000
$MCA_CAL:
3
0.000000E+000 0.000000E+000 0.000000E+000 
$SHAPE_CAL:
3
0.000000E+000 0.000000E+000 0.000000E+000
