$SPEC_ID:
No sample description was entered.
$SPEC_REM:
DET# 2
DETDESC# PHY-0040-AA Easy-MCA-8k SN 21098639
AP# Maestro Version 7.01
$DATE_MEA:
02/24/2025 09:54:30
$MEAS_TIM:
199 211
$DATA:
0 4095
       0
       0
       0
       0
       0
       0
       0
       0
       0
       0
       0
       0
       0
       0
       0
       0
       0
       0
       0
       0
       0
       0
       0
       0
       0
       0
       0
       0
       0
       6
     243
     402
     400
     378
     418
     422
     415
     422
     405
     414
     399
     403
     414
     412
     422
     402
     391
     428
     419
     426
     406
     419
     439
     389
     416
     414
     431
     469
     452
     444
     462
     432
     454
     421
     436
     416
     469
     481
     431
     459
     431
     445
     415
     451
     493
     452
     507
     474
     499
     472
     476
     498
     445
     470
     499
     437
     447
     459
     478
     479
     473
     459
     489
     470
     462
     456
     490
     460
     440
     455
     458
     469
     442
     471
     439
     422
     449
     444
     451
     467
     464
     460
     476
     420
     455
     444
     450
     432
     474
     445
     444
     441
     481
     397
     473
     427
     419
     444
     415
     447
     460
     411
     401
     439
     466
     454
     464
     444
     430
     467
     451
     422
     441
     449
     402
     463
     457
     444
     471
     445
     460
     436
     501
     486
     471
     417
     443
     434
     459
     453
     472
     471
     462
     463
     446
     501
     449
     429
     437
     456
     463
     467
     452
     435
     466
     473
     467
     464
     445
     471
     434
     475
     442
     488
     473
     456
     449
     455
     474
     511
     456
     486
     470
     456
     489
     464
     496
     464
     496
     473
     456
     435
     451
     453
     449
     472
     446
     483
     496
     452
     434
     461
     531
     479
     456
     478
     463
     461
     514
     473
     472
     508
     476
     455
     483
     498
     456
     502
     477
     458
     462
     463
     462
     446
     468
     527
     476
     457
     444
     479
     443
     471
     465
     483
     462
     463
     490
     498
     429
     457
     480
     415
     417
     478
     448
     456
     456
     445
     498
     452
     452
     465
     486
     493
     474
     446
     472
     507
     503
     476
     461
     443
     406
     444
     501
     483
     454
     476
     470
     464
     501
     466
     454
     415
     499
     458
     457
     454
     449
     479
     497
     459
     477
     475
     454
     476
     495
     450
     462
     513
     468
     482
     458
     448
     457
     470
     443
     447
     488
     491
     523
     431
     508
     478
     450
     465
     484
     469
     439
     470
     450
     480
     438
     459
     473
     490
     471
     466
     460
     448
     479
     451
     477
     492
     514
     473
     473
     488
     474
     479
     423
     469
     473
     466
     489
     445
     513
     484
     500
     455
     480
     468
     474
     456
     430
     486
     511
     513
     464
     472
     483
     475
     467
     506
     470
     516
     475
     490
     458
     471
     458
     474
     491
     448
     508
     496
     460
     474
     460
     471
     449
     486
     505
     506
     460
     493
     486
     450
     482
     478
     460
     434
     486
     437
     513
     485
     439
     468
     459
     534
     499
     503
     458
     463
     536
     532
     514
     481
     478
     475
     456
     536
     545
     517
     492
     514
     549
     525
     509
     549
     508
     527
     539
     537
     562
     565
     538
     612
     610
     601
     584
     558
     570
     509
     542
     599
     581
     580
     572
     575
     603
     553
     644
     581
     570
     593
     551
     583
     621
     642
     602
     566
     592
     567
     590
     600
     608
     617
     593
     607
     603
     572
     561
     627
     596
     624
     640
     610
     594
     571
     595
     610
     602
     613
     578
     609
     576
     640
     587
     584
     563
     580
     595
     597
     603
     563
     541
     564
     558
     572
     562
     597
     510
     583
     586
     558
     559
     586
     582
     587
     544
     518
     567
     547
     530
     551
     523
     580
     553
     571
     563
     581
     578
     577
     602
     576
     576
     540
     539
     542
     519
     571
     580
     508
     537
     542
     551
     539
     537
     547
     549
     552
     548
     545
     537
     533
     592
     554
     536
     538
     523
     585
     532
     531
     530
     558
     557
     569
     545
     538
     550
     536
     571
     597
     535
     506
     549
     523
     503
     547
     543
     535
     573
     563
     491
     531
     523
     555
     539
     532
     526
     503
     554
     546
     473
     528
     539
     507
     475
     504
     527
     510
     491
     557
     534
     520
     524
     563
     484
     497
     484
     536
     494
     534
     478
     539
     513
     509
     509
     516
     476
     462
     510
     542
     477
     499
     462
     483
     492
     501
     477
     467
     500
     501
     492
     511
     464
     458
     522
     447
     482
     467
     513
     491
     483
     526
     489
     496
     507
     466
     477
     471
     507
     453
     479
     467
     456
     497
     459
     452
     473
     498
     488
     487
     508
     493
     497
     482
     470
     426
     446
     449
     500
     493
     478
     477
     504
     430
     462
     456
     455
     492
     473
     450
     473
     473
     428
     488
     464
     450
     480
     465
     462
     442
     462
     519
     462
     492
     477
     468
     482
     456
     495
     474
     485
     476
     486
     453
     478
     481
     465
     490
     445
     445
     472
     480
     465
     455
     468
     453
     456
     480
     506
     440
     442
     458
     483
     478
     477
     508
     504
     501
     489
     500
     440
     448
     493
     466
     454
     445
     450
     500
     451
     447
     462
     471
     456
     429
     436
     460
     463
     492
     466
     483
     461
     492
     485
     456
     485
     471
     431
     432
     432
     450
     460
     438
     489
     422
     458
     467
     443
     464
     438
     440
     485
     482
     478
     464
     445
     428
     421
     442
     458
     440
     443
     453
     463
     429
     417
     442
     404
     409
     432
     456
     462
     448
     426
     453
     442
     414
     406
     436
     408
     419
     414
     417
     414
     442
     432
     392
     426
     402
     474
     415
     383
     387
     408
     392
     383
     388
     387
     414
     416
     399
     353
     371
     359
     376
     356
     361
     329
     369
     304
     389
     343
     354
     374
     337
     338
     336
     316
     349
     316
     322
     291
     323
     325
     298
     347
     288
     275
     285
     303
     286
     292
     296
     290
     267
     263
     301
     276
     301
     262
     296
     269
     248
     284
     250
     268
     257
     239
     250
     244
     236
     246
     239
     237
     230
     243
     261
     207
     217
     224
     210
     217
     228
     209
     199
     233
     200
     213
     194
     205
     195
     209
     201
     188
     199
     200
     207
     187
     203
     187
     198
     190
     179
     181
     206
     194
     175
     188
     176
     196
     202
     168
     180
     168
     179
     177
     169
     180
     175
     166
     166
     154
     189
     200
     184
     178
     175
     179
     164
     181
     139
     156
     159
     159
     175
     146
     175
     163
     163
     149
     157
     160
     167
     167
     151
     180
     153
     145
     150
     138
     141
     157
     161
     143
     140
     154
     146
     134
     163
     131
     157
     143
     139
     154
     126
     134
     154
     136
     128
     130
     148
     134
     136
     163
     144
     155
     134
     164
     129
     142
     153
     150
     127
     152
     133
     132
     137
     124
     122
     135
     145
     137
     135
     157
     126
     128
     130
     119
     132
     146
     128
     120
     134
     139
     104
     143
     144
     139
     137
     143
     139
     129
     153
     123
     143
     124
     141
     121
     137
     138
     129
     118
     130
     119
     127
     143
     137
     133
     125
     116
     160
     119
     119
     124
     137
     115
     153
     118
     132
     126
     124
     109
     133
     149
     118
     130
     132
     133
     118
     108
     145
     139
     137
     143
     130
     132
     114
     133
     154
     141
     120
     138
     127
     146
     126
     140
     117
     136
     137
     123
     145
     127
     129
     121
     136
     120
     129
     105
     135
     152
     118
     139
     121
     121
     146
     114
     146
     136
     130
     136
     154
     138
     138
     144
     132
     146
     121
     146
     169
     157
     122
     152
     144
     143
     150
     152
     148
     178
     181
     152
     157
     150
     173
     182
     201
     191
     154
     183
     191
     204
     175
     195
     197
     195
     195
     193
     201
     202
     237
     203
     235
     250
     250
     231
     251
     263
     284
     246
     277
     314
     269
     312
     304
     327
     303
     336
     346
     338
     363
     377
     391
     370
     425
     417
     452
     462
     454
     499
     506
     494
     552
     539
     563
     543
     589
     589
     671
     657
     648
     631
     739
     788
     729
     761
     793
     871
     884
     896
     912
     930
    1016
     982
     968
     997
    1099
    1113
    1187
    1159
    1224
    1209
    1227
    1309
    1325
    1319
    1300
    1401
    1552
    1523
    1508
    1603
    1596
    1621
    1661
    1744
    1766
    1779
    1923
    1834
    1879
    1917
    1931
    2048
    2008
    2091
    2177
    2125
    2181
    2197
    2286
    2220
    2323
    2266
    2470
    2500
    2462
    2399
    2462
    2519
    2575
    2583
    2601
    2639
    2739
    2631
    2615
    2725
    2646
    2697
    2637
    2787
    2711
    2803
    2782
    2798
    2837
    2875
    2844
    2743
    2783
    2912
    2847
    2904
    2833
    2743
    2794
    2771
    2863
    2848
    2754
    2763
    2803
    2753
    2776
    2748
    2709
    2742
    2606
    2597
    2526
    2520
    2683
    2488
    2529
    2546
    2483
    2468
    2375
    2342
    2283
    2249
    2263
    2183
    2306
    2259
    2114
    2055
    1980
    1988
    1994
    1971
    1807
    1924
    1833
    1852
    1774
    1836
    1701
    1673
    1569
    1596
    1556
    1536
    1422
    1391
    1364
    1379
    1354
    1323
    1277
    1228
    1151
    1167
    1056
    1120
    1060
    1042
     997
     961
     957
     910
     894
     910
     782
     801
     808
     749
     789
     693
     652
     666
     643
     594
     636
     574
     537
     567
     533
     494
     461
     469
     473
     435
     440
     421
     430
     361
     370
     380
     304
     314
     302
     282
     293
     309
     288
     272
     247
     249
     249
     227
     240
     208
     219
     218
     197
     213
     194
     191
     191
     184
     146
     174
     175
     139
     165
     147
     153
     142
     139
     156
     132
     128
     151
     128
     124
     127
     124
     123
     115
     134
     117
     105
      98
     126
      94
     119
     102
     121
     120
      97
     102
     110
     125
     105
     103
     112
     107
     109
     103
      95
     104
     100
      93
      94
      88
     102
     116
     112
      89
      89
     105
      82
      87
      96
      80
      85
      93
      91
     107
     115
      92
      89
      96
      84
      97
      93
     103
      82
      81
      99
      86
     100
      99
      98
      96
     113
     102
     101
      79
      91
      83
      96
      99
      84
      95
      88
      89
      93
      89
      98
      71
      96
      97
      94
      81
      77
      77
      85
      82
      94
      95
     118
      92
      79
      91
      79
     100
     109
      84
      85
     107
      89
      80
      84
      93
      84
      92
      90
     104
      79
      89
      99
      95
      91
      85
      87
      78
     100
      98
      98
      93
      80
     103
      77
     102
      69
      80
      93
      93
     104
      98
      82
      84
      80
      94
      89
      91
      87
      89
      90
      95
      82
      96
      89
     102
      82
      65
      98
      96
      83
     110
      81
      98
     105
      83
     111
      86
      79
      79
      70
     103
     107
      80
      97
      84
      90
      82
      80
      81
      98
      99
      93
      83
      91
      79
      84
      86
      92
     103
      87
      88
      99
      91
      87
      83
      92
      77
     102
      82
      91
      90
      90
     100
      85
     101
      81
      85
      97
      97
      81
     100
      86
      88
      95
      90
     105
      85
      92
     102
      98
     101
     109
      92
      92
      94
      93
     108
      97
      74
      97
     103
      91
      88
     110
      82
      97
      93
      94
     113
     102
     104
      85
      99
      96
      93
     107
      77
      88
      80
     106
      88
      97
      86
     105
      94
      89
     101
      84
      90
     107
      86
      92
     111
     100
     105
      92
     121
      85
     100
     107
      98
     102
     106
      94
     101
     107
     113
      95
     102
      89
      98
     108
     106
     106
     100
     111
     102
     116
      91
      93
     104
     110
     100
     104
      85
      98
     103
     108
     112
     110
     107
     110
      95
     106
     109
     111
     116
      87
      91
      96
     105
     113
     123
     109
      96
      97
     112
     115
     104
     110
     100
     110
     137
     105
     108
     119
      89
     119
     107
     117
     124
      96
     111
     113
     113
     107
     114
     109
     126
     123
     100
     115
      99
      96
     120
     107
      98
      95
     123
     106
     106
     102
     105
     110
     114
     114
     115
     116
     108
     132
     109
     106
      95
     116
     108
     116
     113
     109
      92
     101
     103
      85
      93
     119
      90
     111
      96
     122
     105
     105
     107
      95
      99
     117
      91
     102
     130
     105
     108
     112
      84
     100
     120
      95
      98
      97
     106
     106
      85
      94
     108
     113
     108
     101
      96
     103
      76
      98
      96
     110
      98
      83
      93
     117
     106
      93
     107
      80
     111
     109
     112
     109
     120
      96
     102
     109
      98
      95
      81
      98
      84
      84
     105
     101
     118
      91
      99
      99
      91
     103
      95
      99
     101
     106
      78
     113
      83
      78
      97
      98
     105
      97
      99
      83
      97
     103
      95
      90
      87
     100
     110
      87
     101
      95
      92
     104
      94
      98
      99
      91
      91
      89
      90
      94
      87
     108
      92
      99
     112
      96
      76
      81
      87
      86
      76
      88
      85
      88
      98
     105
      97
      83
      89
     100
      86
     105
      82
     107
      76
      74
      95
     111
      89
      94
      92
      88
      88
      84
      81
      78
     101
      74
     107
     111
      93
     102
     102
      85
      90
      96
      97
     102
      86
      78
     104
     101
     103
      85
      93
     109
      84
      90
      85
      92
      93
      95
     105
     102
      77
     108
      97
      75
      90
      92
      73
      83
     100
     101
      92
      87
     104
      73
     107
      82
      88
      97
      81
      90
     110
     104
      85
      93
      89
      87
      90
     104
     101
      85
      92
      88
      87
      81
      92
      92
      97
     105
      92
      94
      91
     118
      84
      86
      88
     107
     122
      83
      98
      82
      88
      95
      84
      93
      76
      81
      85
      81
     105
     116
      90
     102
      84
     100
      98
      88
     100
      77
      85
      93
      74
      96
      81
      91
      81
      93
     101
      95
      95
      89
      98
      98
      96
      92
      77
     108
      74
      97
     101
     102
      83
      86
     105
      77
      82
      90
      82
      88
      93
      94
      97
      84
      87
      95
      87
     100
      92
      79
      92
      86
     102
      84
      99
      98
      81
     105
      84
      86
      92
      94
      81
      96
      88
      90
     102
     103
      99
      84
      77
      97
      96
     105
      90
      88
      83
      91
      83
      79
     118
     109
      93
     102
      99
      87
      91
      94
      91
      73
      96
      96
      93
     114
      93
      88
      90
      86
      67
      88
      92
     103
      86
      90
     110
      97
      98
      94
      96
     101
      98
     100
      92
      87
     111
     109
     111
     106
      88
      95
      97
      97
      92
      81
      95
      93
      90
      74
      93
      99
      96
      98
      98
      96
     102
      80
     103
      88
      96
     101
      94
      95
      83
      86
     103
      91
      97
      93
     104
      97
      84
     101
      94
     100
     105
      88
      84
     102
     100
      99
     104
     105
      98
     100
     100
      86
      93
      91
     107
      91
      82
     105
     117
      88
     102
      95
     116
     127
      94
     101
     101
      89
      91
      83
      90
      85
     104
     109
      95
      98
      86
     112
      92
      93
      91
      98
     101
     102
      87
      90
      96
     101
     115
      95
      91
      91
      72
     107
     100
      99
     105
      98
      76
      92
      95
      97
      85
      94
      85
     108
      94
      92
      90
     107
      97
      83
      85
      92
     107
     113
     106
      84
     104
      88
      91
      96
     105
      87
      93
      90
     105
      98
      92
      92
     125
      88
     114
      91
      83
     103
      98
      96
     122
     109
     100
      84
      91
      84
      91
     100
      91
      89
     101
      95
      98
     104
      91
      81
      86
      70
      91
     100
      93
      84
     106
     106
     107
     100
      90
      89
      99
     124
     107
     118
     113
     111
      80
      99
     103
      93
      86
      93
     103
     115
      96
     107
      94
     110
      99
     100
      93
     103
     106
     101
      97
      84
     112
     102
     107
      85
     114
     105
     101
     115
      84
      99
      85
     122
     102
      89
     111
     102
     113
     109
      99
     108
      91
      95
     113
      97
     111
     106
     115
     107
      97
     111
      91
     105
      98
     100
     105
     118
     129
     104
      93
      90
     112
     116
     101
     105
     112
     102
      98
      91
     101
      93
     115
      88
      93
     121
      85
     105
      94
     122
      86
     111
     106
      96
     100
     114
      89
     117
     101
      92
     115
     105
      86
     110
     101
     121
     115
      89
      88
     100
     106
     118
     108
     118
     113
     115
      94
     109
     110
     106
      94
     105
      96
     102
      98
     119
     100
     100
     107
     103
     105
      99
     104
     108
     104
      98
      96
      96
     100
     121
      91
      81
      96
      90
     109
     102
     114
      99
     113
      96
      97
     109
      94
     119
     122
     115
      97
     105
     103
     101
     102
      89
      99
      92
      93
      94
      92
      97
     100
     102
     107
     106
     102
     113
     109
      96
      98
      91
      93
      89
     109
     109
     101
      93
      95
      97
      94
      94
      93
     112
      81
     101
      97
      89
      92
     101
     108
      81
      93
      86
      92
      90
      90
      92
      86
     101
      88
      95
     103
      75
      95
      84
      97
     100
      97
      82
      97
      98
     104
      87
      98
      88
      81
      71
      80
      97
      77
      94
      81
      71
      98
      92
      81
      88
      93
      97
      90
      78
      72
      80
      83
      87
      71
      88
      71
      74
      86
      70
      71
      73
      69
      85
      76
      87
      63
      72
      83
      78
      67
      93
      84
      68
      79
      74
      86
      81
      78
      70
      66
      78
      72
      57
      65
      72
      73
      63
      71
      79
      70
      64
      79
      73
      74
      58
      53
      71
      69
      73
      80
      52
      63
      83
      80
      68
      72
      50
      74
      59
      69
      54
      59
      64
      57
      56
      49
      67
      72
      43
      65
      59
      59
      48
      50
      58
      41
      59
      62
      62
      64
      52
      45
      51
      47
      67
      47
      38
      59
      35
      47
      56
      55
      64
      39
      56
      39
      56
      44
      44
      57
      48
      40
      43
      58
      51
      40
      41
      53
      42
      46
      53
      52
      46
      40
      42
      36
      49
      38
      41
      43
      38
      50
      36
      45
      37
      44
      48
      44
      45
      50
      47
      37
      26
      42
      32
      38
      44
      49
      41
      46
      45
      47
      37
      33
      42
      45
      34
      27
      51
      44
      38
      36
      42
      37
      56
      35
      38
      39
      40
      46
      55
      37
      35
      39
      35
      31
      40
      34
      38
      50
      39
      36
      34
      46
      39
      41
      35
      55
      34
      38
      35
      32
      33
      38
      44
      37
      28
      37
      38
      45
      38
      41
      38
      34
      43
      35
      36
      30
      27
      34
      31
      31
      39
      36
      38
      37
      30
      34
      32
      37
      34
      40
      37
      37
      36
      42
      36
      41
      27
      46
      44
      37
      36
      39
      33
      36
      37
      39
      36
      36
      27
      46
      32
      34
      41
      37
      52
      32
      36
      32
      34
      51
      45
      37
      36
      39
      36
      51
      37
      41
      31
      36
      29
      37
      43
      29
      44
      29
      36
      33
      42
      40
      36
      35
      44
      31
      31
      39
      39
      34
      38
      38
      39
      37
      42
      42
      30
      42
      45
      48
      40
      28
      40
      35
      38
      32
      39
      39
      50
      38
      36
      35
      32
      37
      45
      41
      37
      41
      35
      41
      37
      42
      37
      35
      41
      44
      31
      40
      43
      33
      38
      45
      41
      39
      44
      43
      47
      48
      48
      61
      46
      43
      44
      54
      62
      53
      64
      47
      48
      47
      42
      57
      55
      50
      56
      66
      55
      48
      65
      68
      58
      48
      59
      55
      59
      61
      54
      62
      78
      69
      60
      61
      63
      66
      69
      70
      64
      63
      72
      69
      82
      65
      73
      75
      85
      77
      79
      81
      74
      85
      82
      65
      82
     105
      96
      90
      84
      99
      86
      88
      99
      90
      85
      85
      96
     109
     107
     122
     115
      88
     100
     112
     114
     117
     101
     117
      99
     103
     113
     123
     106
     122
     119
     135
     125
     117
     128
     137
     122
     136
     139
     143
     154
     152
     147
     136
     142
     129
     156
     173
     166
     151
     170
     152
     147
     151
     177
     193
     189
     166
     176
     181
     165
     185
     175
     176
     181
     183
     180
     185
     202
     179
     204
     178
     228
     208
     239
     205
     225
     226
     221
     205
     235
     229
     223
     221
     230
     207
     221
     216
     244
     231
     230
     231
     228
     250
     248
     228
     248
     234
     276
     264
     247
     249
     260
     206
     244
     259
     240
     219
     280
     240
     240
     242
     273
     239
     267
     258
     250
     249
     272
     280
     275
     257
     251
     271
     288
     280
     283
     293
     287
     278
     266
     284
     279
     276
     270
     281
     289
     269
     267
     265
     272
     285
     275
     272
     289
     249
     280
     261
     287
     283
     269
     289
     274
     272
     264
     261
     278
     277
     263
     244
     271
     264
     256
     258
     250
     259
     269
     282
     231
     276
     269
     260
     267
     252
     231
     272
     252
     269
     269
     238
     246
     238
     250
     230
     239
     246
     227
     214
     229
     213
     219
     213
     205
     230
     215
     235
     221
     220
     207
     224
     202
     164
     197
     206
     209
     202
     182
     178
     177
     190
     193
     169
     208
     173
     164
     201
     181
     142
     137
     176
     170
     170
     170
     182
     153
     161
     148
     152
     124
     145
     135
     165
     166
     149
     132
     149
     132
     154
     143
     132
     132
     114
     130
     130
     146
     111
     143
     157
     109
     125
     112
     122
     104
     101
     114
     117
     123
     107
     103
     104
     104
      99
     100
      98
      95
     106
     105
      91
      71
      84
     101
      73
      78
     105
      89
      93
      67
      85
      80
      75
      90
      94
      77
      72
      90
      95
      67
      93
      79
      60
      58
      60
      59
      59
      71
      63
      70
      59
      63
      56
      56
      67
      66
      56
      59
      65
      51
      59
      61
      53
      53
      49
      59
      42
      46
      54
      54
      48
      46
      41
      66
      43
      46
      49
      46
      51
      59
      41
      43
      53
      38
      55
      43
      35
      54
      34
      39
      53
      53
      41
      41
      52
      47
      41
      46
      38
      52
      48
      38
      27
      40
      34
      35
      48
      28
      34
      35
      29
      32
      29
      32
      38
      28
      26
      41
      36
      38
      35
      37
      31
      24
      42
      50
      38
      43
      51
      27
      22
      36
      37
      23
      32
      19
      29
      23
      32
      37
      37
      21
      31
      29
      32
      32
      30
      34
      20
      36
      33
      29
      31
      26
      23
      28
      36
      27
      40
      17
      24
      29
      37
      34
      36
      34
      32
      24
      27
      28
      27
      27
      27
      40
      26
      31
      41
      33
      30
      32
      33
      30
      24
      30
      28
      26
      40
      27
      28
      33
      25
      41
      28
      32
      31
      30
      17
      30
      32
      28
      23
      17
      29
      29
      28
      29
      49
      34
      23
      29
      37
      27
      33
      35
      17
      34
      35
      33
      33
      25
      31
      30
      34
      27
      22
      24
      27
      32
      28
      21
      40
      34
      34
      26
      30
      27
      25
      35
      39
      28
      36
      37
      35
      26
      40
      25
      28
      39
      31
      25
      31
      32
      30
      29
      27
      31
      29
      31
      21
      34
      42
      31
      25
      24
      28
      28
      36
      31
      25
      35
      21
      28
      34
      26
      35
      27
      38
      22
      34
      31
      35
      40
      40
      22
      27
      33
      30
      30
      26
      24
      29
      33
      27
      22
      27
      31
      37
      21
      26
      28
      36
      24
      28
      28
      38
      31
      33
      44
      24
      27
      26
      35
      32
      39
      37
      22
      21
      41
      27
      25
      29
      36
      21
      26
      24
      30
      24
      29
      33
      29
      36
      31
      28
      29
      34
      23
      33
      36
      36
      29
      26
      25
      27
      31
      27
      28
      37
      29
      29
      28
      25
      31
      26
      26
      40
      34
      27
      33
      38
      25
      30
      25
      36
      26
      27
      31
      36
      41
      31
      34
      33
      44
      27
      27
      27
      41
      34
      36
      20
      30
      25
      20
      34
      27
      20
      29
      28
      26
      35
      35
      47
      32
      28
      27
      26
      26
      32
      31
      32
      47
      23
      37
      36
      32
      31
      31
      27
      35
      32
      27
      30
      28
      22
      39
      35
      21
      34
      38
      28
      33
      26
      28
      41
      27
      35
      17
      34
      30
      25
      25
      28
      27
      28
      28
      22
      27
      25
      25
      26
      21
      17
      24
      34
      22
      37
      42
      20
      25
      26
      24
      32
      29
      28
      29
      20
      21
      25
      30
      42
      28
      26
      29
      18
      28
      30
      29
      32
      21
      23
      25
      26
      25
      35
      24
      25
      30
      32
      26
      23
      35
      30
      36
      29
      26
      31
      25
      30
      23
      19
      29
      19
      26
      32
      28
      18
      13
      26
      27
      18
      28
      32
      20
      28
      27
      32
      31
      30
      32
      25
      25
      21
      33
      29
      31
      33
      18
      30
      25
      31
      30
      13
      23
      23
      20
      24
      23
      20
      21
      45
      20
      30
      26
      31
      22
      27
      25
      32
      30
      23
      20
      28
      32
      32
      27
      20
      31
      24
      25
      25
      29
      27
      22
      21
      24
      19
      24
      25
      20
      22
      25
      30
      29
      24
      22
      24
      26
      22
      15
      24
      15
      27
      19
      20
      22
      20
      18
      19
      23
      17
      22
      24
      20
      18
      26
      22
      23
      14
      20
      18
      19
      15
      23
      27
      30
      24
      16
      20
      20
      22
      22
      13
      17
      23
      24
      19
      27
      20
      20
      27
      23
      17
      29
      17
      25
      20
      26
      19
      25
      19
      20
      20
      14
      18
      12
      16
      19
      21
      19
      16
      20
      19
      25
      20
      19
      23
      10
      20
      21
      22
      16
      18
      17
      16
      26
      16
      28
      14
      18
      16
      19
      16
      15
      11
      10
      17
      20
      20
      17
      17
      12
      25
      18
      19
      18
      16
      12
      18
      16
      19
      14
      10
      18
      19
       9
      18
      17
      13
      19
      17
      22
      16
      16
      21
      17
      11
      17
      15
      13
      16
      15
      20
      19
       8
      15
      10
      19
      12
      13
       7
      18
      10
      10
      19
      16
      16
       9
      12
       8
       9
      11
      15
      13
       9
      13
      19
      14
      20
       9
      10
       7
      12
      13
      14
      14
      15
       9
      11
       9
      11
       9
       9
      17
       8
       9
      12
       7
       8
      11
       7
      15
      14
      17
      11
       8
      11
       9
      21
      11
       8
      14
       7
      12
       7
       4
       9
       9
      15
       7
       6
       6
       8
      11
      10
      10
       6
      10
      12
       9
       9
      11
      10
       9
       6
       8
      10
      11
       6
       6
       9
       7
       7
       6
       4
      10
       2
       7
      10
      10
       9
       4
       8
       4
       7
       7
       8
       4
       7
       8
       7
       8
       5
       9
       6
      12
       6
      16
      10
       2
       9
       7
       2
       6
       5
       7
       7
      11
       9
      13
       9
       9
       8
       5
       7
       9
       4
       6
       9
       5
       7
       2
       8
       6
       8
       2
       4
      10
      10
       3
       6
       3
       6
       5
       5
       5
       6
       7
       5
       7
       7
       6
      10
       5
       6
      10
       2
       8
      10
       6
       8
       6
      11
       7
       5
       5
       9
       6
       5
       7
      10
       8
       6
       9
      10
      14
      11
       5
      10
       7
       4
       9
       7
       6
       5
       5
      10
      12
       4
      12
       9
       7
      10
       8
      12
       9
       8
       8
      11
      14
       8
       4
       6
       9
       6
      10
       3
       5
      13
      11
       7
       7
       8
       8
       6
       8
       7
       8
      13
       9
      12
       7
       5
       6
       7
      13
      12
       9
       8
      11
      10
      13
      10
       7
      12
       7
      13
       7
      11
      11
       9
       9
      12
      18
      11
       5
       9
      13
      10
      12
       5
      12
      16
       0
       0
       0
       0
       0
       0
       0
       0
       0
       0
       0
       0
       0
       0
       0
       0
       0
       0
       0
       0
       0
       0
       0
       0
       0
       0
       0
       0
       0
       0
       0
       0
       0
       0
       0
       0
       0
       0
       0
       0
       0
       0
       0
       0
       0
       0
       0
       0
       0
       0
       0
       0
       0
       0
       0
       0
       0
       0
       0
       0
       0
       0
       0
       0
$ROI:
2
1049 1408
2792 3155
$PRESETS:
None
0
0
$ENER_FIT:
0.000000 0.000000
$MCA_CAL:
3
0.000000E+000 0.000000E+000 0.000000E+000 
$SHAPE_CAL:
3
0.000000E+000 0.000000E+000 0.000000E+000
