0.000000000000000000e+00 2.327258658140732468e-03 -1.403043367645809454e-02
2.000000000000000042e-08 3.397455313406864876e-03 -1.369502968474684695e-02
4.000000000000000084e-08 3.748518812813127297e-03 -1.364329258249807018e-02
6.000000000000000787e-08 4.087169539579987333e-03 -1.356321652511587733e-02
8.000000000000000167e-08 4.368515291004058422e-03 -1.358304616714015381e-02
9.999999999999999547e-08 4.695512924376908127e-03 -1.355586130626879222e-02
1.200000000000000157e-07 5.054914141065988513e-03 -1.354073010861888207e-02
1.400000000000000095e-07 5.388039088658555173e-03 -1.352932215598161292e-02
1.600000000000000033e-07 5.713642849020523704e-03 -1.351616176167944397e-02
1.799999999999999971e-07 6.049894125127206444e-03 -1.348732719218554560e-02
1.999999999999999909e-07 6.383882851388400330e-03 -1.343220197887204717e-02
2.200000000000000112e-07 6.736191303603187609e-03 -1.339922585031824015e-02
2.400000000000000315e-07 7.072320023700357644e-03 -1.337374694527020645e-02
2.599999999999999988e-07 7.418113208401322725e-03 -1.330066294813728525e-02
2.800000000000000191e-07 7.797265827650505694e-03 -1.315478679203246036e-02
2.999999999999999864e-07 8.135580182174013616e-03 -1.306201905779404322e-02
3.200000000000000067e-07 8.474409153281231913e-03 -1.295495377260345686e-02
3.400000000000000270e-07 8.817125816026557400e-03 -1.286873003638889373e-02
3.599999999999999943e-07 9.154010410799469713e-03 -1.275005183135751244e-02
3.800000000000000146e-07 9.499363752880440534e-03 -1.267879266737295153e-02
3.999999999999999819e-07 9.843963187136811968e-03 -1.260701912356035174e-02
4.200000000000000022e-07 1.020928528085449441e-02 -1.252034600289776700e-02
4.400000000000000224e-07 1.058726978922618078e-02 -1.243396050134417882e-02
4.599999999999999898e-07 1.094270828400397549e-02 -1.234714382974392774e-02
4.800000000000000630e-07 1.129434738516159678e-02 -1.221868967592606645e-02
4.999999999999999774e-07 1.161006272364192501e-02 -1.207763484305565335e-02
5.199999999999999976e-07 1.191807724093288216e-02 -1.194627230133531517e-02
5.400000000000000179e-07 1.221238831540549276e-02 -1.181427760711587643e-02
5.600000000000000382e-07 1.250608060563492691e-02 -1.164221031626108335e-02
5.800000000000000585e-07 1.278506710349267168e-02 -1.145557336725040384e-02
5.999999999999999728e-07 1.306164687588162558e-02 -1.127976592245404433e-02
6.199999999999999931e-07 1.335823717256309946e-02 -1.105843205484392973e-02
6.400000000000000134e-07 1.364473692662408755e-02 -1.085264176769070235e-02
6.600000000000000337e-07 1.394045347519768004e-02 -1.065977455023674886e-02
6.800000000000000539e-07 1.423454178337928491e-02 -1.044097433339360656e-02
6.999999999999999683e-07 1.449338305143061875e-02 -1.019718169358534675e-02
7.199999999999999886e-07 1.478988341626248301e-02 -9.967676551260842496e-03
7.400000000000000089e-07 1.502173754935348139e-02 -9.777524580321826295e-03
7.600000000000000291e-07 1.530889455227731240e-02 -9.514574595978216032e-03
7.800000000000000494e-07 1.562496251246266524e-02 -9.246210672542769238e-03
7.999999999999999638e-07 1.592554560304378086e-02 -8.987483022539009825e-03
8.199999999999999841e-07 1.619112231631959775e-02 -8.679920841342088703e-03
8.400000000000000043e-07 1.645143865117664264e-02 -8.386930933371408714e-03
8.600000000000000246e-07 1.672762630417781032e-02 -8.041229729934977477e-03
8.800000000000000449e-07 1.698333077561376900e-02 -7.693991436172662075e-03
9.000000000000000652e-07 1.722513555658880535e-02 -7.344876263838704539e-03
9.199999999999999795e-07 1.743707077025958771e-02 -7.038627107378336682e-03
9.399999999999999998e-07 1.764395312168056187e-02 -6.746734336161268851e-03
9.600000000000001260e-07 1.782524645057741164e-02 -6.456842773500031350e-03
9.799999999999999345e-07 1.803694227441253115e-02 -6.286002374092447727e-03
9.999999999999999547e-07 1.820487031032232139e-02 -6.097828197831631734e-03
1.019999999999999975e-06 1.836396358449170207e-02 -5.941033027977759944e-03
1.039999999999999995e-06 1.852678394652155017e-02 -5.754035940254091826e-03
1.060000000000000016e-06 1.867870508283235934e-02 -5.578016200570943411e-03
1.080000000000000036e-06 1.880689614716140115e-02 -5.407127647824714299e-03
1.100000000000000056e-06 1.894120946474800449e-02 -5.231416298715760478e-03
1.120000000000000076e-06 1.904582593950482003e-02 -5.043937255636965662e-03
1.140000000000000097e-06 1.915332628517391750e-02 -4.866887442869855668e-03
1.160000000000000117e-06 1.928296395401831592e-02 -4.744750911336972736e-03
1.179999999999999925e-06 1.943635589809851461e-02 -4.593264609991622865e-03
1.199999999999999946e-06 1.957640189135646108e-02 -4.438432305249017870e-03
1.219999999999999966e-06 1.970064753177267619e-02 -4.256018175120814852e-03
1.239999999999999986e-06 1.983666523226370465e-02 -4.067817254398913007e-03
1.260000000000000007e-06 1.994840630648592530e-02 -3.877654740204230718e-03
1.280000000000000027e-06 2.006470590248943600e-02 -3.684714170367835249e-03
1.300000000000000047e-06 2.014652324295129401e-02 -3.464198137667569115e-03
1.320000000000000067e-06 2.022890462824832383e-02 -3.243682104967300379e-03
1.340000000000000088e-06 2.031185005838051505e-02 -3.023166072267029474e-03
1.360000000000000108e-06 2.039914456766062784e-02 -2.767468002893711670e-03
1.380000000000000128e-06 2.048555238338375939e-02 -2.567143582112066044e-03
1.399999999999999937e-06 2.055343336854969366e-02 -2.329327671167294011e-03
1.419999999999999957e-06 2.061519826044152723e-02 -2.111862557066182186e-03
1.439999999999999977e-06 2.066833328453444862e-02 -1.888860825367642089e-03
1.459999999999999997e-06 2.077370484797092312e-02 -1.607382664345526806e-03
1.480000000000000018e-06 2.085145922108041713e-02 -1.341713246846816228e-03
1.500000000000000038e-06 2.092232881842716330e-02 -1.112335758895952693e-03
1.520000000000000058e-06 2.099229526750762825e-02 -8.840420627784828555e-04
1.540000000000000079e-06 2.105912012948516973e-02 -6.401874134928875687e-04
1.560000000000000099e-06 2.115432650774983284e-02 -4.333290645223919707e-04
1.580000000000000119e-06 2.123841175605027665e-02 -2.111657032048008689e-04
1.599999999999999928e-06 2.131572240784762942e-02 -6.445019057127910223e-05
1.619999999999999948e-06 2.138610771974619115e-02 9.292030499073789028e-05
1.639999999999999968e-06 2.149137370029652674e-02 2.475420909223246917e-04
1.659999999999999988e-06 2.150976317380623101e-02 3.747541236344520518e-04
1.680000000000000009e-06 2.159268809747110981e-02 5.139195116157269398e-04
1.700000000000000029e-06 2.167253358235706959e-02 6.486731772294174496e-04
1.720000000000000049e-06 2.173798930586221673e-02 7.378462925767503800e-04
1.740000000000000069e-06 2.186957777964506147e-02 7.766200532063927435e-04
1.760000000000000090e-06 2.201600752739933664e-02 8.465103818056696249e-04
1.780000000000000110e-06 2.214743747717393130e-02 8.994082888487608604e-04
1.800000000000000130e-06 2.229264307823259142e-02 9.623006011304868854e-04
1.819999999999999939e-06 2.246015088776423876e-02 1.038021716634394053e-03
1.839999999999999959e-06 2.259126232475061960e-02 1.115405619133245192e-03
1.859999999999999979e-06 2.273740409429825249e-02 1.187044398993557541e-03
1.880000000000000000e-06 2.285367496835697884e-02 1.259165568772329172e-03
1.900000000000000020e-06 2.302035382085521401e-02 1.321522615607208977e-03
1.920000000000000252e-06 2.307075390020077790e-02 1.382961740614520058e-03
1.940000000000000060e-06 2.315823862517884732e-02 1.405401459032347205e-03
1.959999999999999869e-06 2.325213676225025214e-02 1.420225755894360996e-03
1.980000000000000101e-06 2.334313383714026538e-02 1.429993960325989149e-03
1.999999999999999909e-06 2.342079694460458966e-02 1.427436556667601797e-03
2.020000000000000142e-06 2.349628931992134295e-02 1.445282704780120973e-03
2.039999999999999950e-06 2.357234574007326111e-02 1.463128852892631258e-03
2.060000000000000182e-06 2.364896620506035455e-02 1.467253872367427821e-03
2.079999999999999991e-06 2.372615071488260244e-02 1.471378891842224385e-03
2.100000000000000223e-06 2.381592824894707486e-02 1.462303253584186285e-03
2.120000000000000031e-06 2.392812805193639952e-02 1.467786206136830699e-03
2.139999999999999840e-06 2.404646477305101560e-02 1.468810722479630890e-03
2.160000000000000072e-06 2.419342574711220994e-02 1.476848676642842457e-03
2.179999999999999880e-06 2.433761443438344288e-02 1.526544157722317750e-03
2.200000000000000112e-06 2.448457509564027842e-02 1.587807484723339265e-03
2.219999999999999921e-06 2.464020042455244280e-02 1.658406867773935030e-03
2.240000000000000153e-06 2.481159240497714594e-02 1.688628482444699602e-03
2.259999999999999961e-06 2.494356336555363790e-02 1.717599865608545554e-03
2.280000000000000193e-06 2.499022711459174262e-02 1.796483835995539265e-03
2.300000000000000002e-06 2.502625753027760969e-02 1.823382617252147743e-03
2.320000000000000234e-06 2.509061470376219849e-02 1.852790786556593938e-03
2.340000000000000042e-06 2.515553592208194175e-02 1.882198955861041434e-03
2.359999999999999851e-06 2.518423340708036626e-02 1.919747843893657721e-03
2.380000000000000083e-06 2.517514202691360781e-02 1.963401595630093893e-03
2.399999999999999891e-06 2.520583797341920118e-02 1.972227451777208533e-03
2.420000000000000123e-06 2.528691021335226219e-02 1.981354236814870072e-03
2.439999999999999932e-06 2.534461927130122333e-02 1.981947490663610832e-03
2.460000000000000164e-06 2.533412339399076715e-02 1.963419748573363554e-03
2.479999999999999972e-06 2.535633026593846900e-02 1.955106482865103228e-03
2.500000000000000205e-06 2.537357120562569804e-02 1.924821034656289294e-03
2.520000000000000013e-06 2.528768354545098476e-02 1.898447851014760553e-03
2.540000000000000245e-06 2.525351759119640743e-02 1.880049420991078976e-03
2.560000000000000054e-06 2.521991568177699497e-02 1.861650990967407809e-03
2.579999999999999862e-06 2.518687781719274044e-02 1.843252560943727317e-03
2.600000000000000094e-06 2.516158720395959836e-02 1.837226694728528792e-03
2.619999999999999903e-06 2.511962214843375604e-02 1.829061341131342673e-03
2.640000000000000135e-06 2.511714892883787700e-02 1.771094519532415102e-03
2.659999999999999943e-06 2.512476026191741083e-02 1.721748958842393880e-03
2.680000000000000175e-06 2.513019651410886013e-02 1.666960948430311600e-03
2.699999999999999984e-06 2.513518644967855167e-02 1.634397980653252720e-03
2.720000000000000216e-06 2.513725236954079956e-02 1.598320903113307307e-03
2.740000000000000024e-06 2.514693179265203860e-02 1.540588258222447835e-03
2.760000000000000256e-06 2.515717526059844597e-02 1.482855613331585110e-03
2.780000000000000065e-06 2.516182749028380433e-02 1.429063665243338662e-03
2.799999999999999873e-06 2.519449429404814478e-02 1.392406247301556299e-03
2.820000000000000105e-06 2.520237518472702443e-02 1.439482537300458206e-03
2.839999999999999914e-06 2.514501423449864992e-02 1.519495022245889206e-03
2.860000000000000146e-06 2.512506571572650782e-02 1.564610346217971742e-03
2.879999999999999954e-06 2.509602378029618386e-02 1.629572709430420147e-03
2.900000000000000186e-06 2.511615908336335690e-02 1.659773901514503044e-03
2.919999999999999995e-06 2.513085862091401015e-02 1.702289876675188666e-03
2.940000000000000227e-06 2.511964665965778221e-02 1.738301136633360047e-03
2.960000000000000035e-06 2.504926946318770248e-02 1.747113013624283567e-03
2.980000000000000267e-06 2.504428287964585373e-02 1.857893212051505696e-03
3.000000000000000076e-06 2.504898312095490964e-02 1.926657405529865787e-03
3.019999999999999885e-06 2.505149707299387032e-02 1.996872308383177298e-03
3.040000000000000117e-06 2.505446459637756737e-02 2.041547307980631342e-03
3.059999999999999925e-06 2.505931636966580306e-02 2.075288175519020544e-03
3.080000000000000157e-06 2.509068773324107937e-02 2.057145283240566658e-03
3.099999999999999966e-06 2.515982582450666111e-02 2.049768645706779701e-03
3.120000000000000198e-06 2.525420563132357160e-02 2.043800613100108573e-03
3.140000000000000006e-06 2.528812705652297432e-02 2.077258911476373773e-03
3.160000000000000238e-06 2.533588786770010759e-02 2.138350688961543431e-03
3.180000000000000047e-06 2.540667699123019124e-02 2.164102838152692863e-03
3.199999999999999855e-06 2.543447079142634182e-02 2.233139544019643440e-03
3.220000000000000087e-06 2.547987587291339687e-02 2.324185028914880352e-03
3.239999999999999896e-06 2.551616022285967816e-02 2.420414421705614511e-03
3.260000000000000128e-06 2.552140963910722038e-02 2.509913702956796406e-03
3.279999999999999936e-06 2.547607190205222402e-02 2.600389124963581409e-03
3.300000000000000168e-06 2.544097879349485614e-02 2.695040937716533004e-03
3.319999999999999977e-06 2.548896103550003442e-02 2.765423087509915039e-03
3.340000000000000209e-06 2.551217917990894826e-02 2.852665382208381586e-03
3.360000000000000017e-06 2.554114585640476429e-02 2.944079675681221531e-03
3.380000000000000249e-06 2.553642408455472981e-02 3.108778640472581629e-03
3.400000000000000058e-06 2.562867349954591270e-02 3.112177293389085855e-03
3.419999999999999866e-06 2.566286514011192899e-02 3.218010706823555295e-03
3.440000000000000098e-06 2.567573615603902307e-02 3.323844120258026905e-03
3.459999999999999907e-06 2.568917121680128202e-02 3.429677533692501116e-03
3.480000000000000139e-06 2.570317032239870236e-02 3.571044668468282678e-03
3.499999999999999947e-06 2.571773347283129105e-02 3.712411803244067710e-03
3.520000000000000180e-06 2.576334099997572985e-02 3.865607977301223092e-03
3.539999999999999988e-06 2.581419650545611552e-02 3.978070080230921082e-03
3.560000000000000220e-06 2.585234689793971391e-02 4.122679203738200543e-03
3.580000000000000029e-06 2.589999150043885076e-02 4.288158926218411243e-03
3.600000000000000261e-06 2.599010198582630063e-02 4.420909569834362632e-03
3.620000000000000069e-06 2.599528811413148385e-02 4.482960359679148687e-03
3.639999999999999878e-06 2.600885994334164314e-02 4.574971442161280405e-03
3.660000000000000110e-06 2.599301344073461778e-02 4.656276989726298304e-03
3.679999999999999918e-06 2.600896418143474123e-02 4.771209220112078951e-03
3.700000000000000150e-06 2.600953609674569109e-02 4.869126372318443967e-03
3.719999999999999959e-06 2.601067205689180928e-02 4.967043524524814187e-03
3.740000000000000191e-06 2.601237206187309581e-02 5.064960676731181805e-03
3.759999999999999999e-06 2.601463611168954373e-02 5.162877828937551157e-03
3.780000000000000231e-06 2.602142353261183497e-02 5.245571582416400785e-03
3.800000000000000040e-06 2.603171436109754169e-02 5.337231538180810253e-03
3.819999999999999848e-06 2.603152950298291690e-02 5.435719217694342902e-03
3.840000000000000504e-06 2.601909373012246951e-02 5.525037001047695788e-03
3.860000000000000312e-06 2.600191223491093301e-02 5.606722274648947429e-03
3.880000000000000121e-06 2.597901247844508141e-02 5.674092103812188384e-03
3.899999999999999929e-06 2.598745765464143334e-02 5.745835909646683851e-03
3.919999999999999738e-06 2.598182294502806439e-02 5.733609623846129023e-03
3.940000000000000393e-06 2.600504234383132357e-02 5.762069826252609606e-03
3.960000000000000202e-06 2.602769184521218707e-02 5.784881964800847251e-03
3.980000000000000010e-06 2.604495528095845253e-02 5.816870168283631848e-03
3.999999999999999819e-06 2.605326205780256199e-02 5.890350624831976883e-03
4.020000000000000475e-06 2.606803248657325531e-02 5.955412678966578478e-03
4.040000000000000283e-06 2.609686052496748565e-02 6.038285033398296288e-03
4.060000000000000092e-06 2.614584365076676187e-02 6.119663791467943280e-03
4.079999999999999900e-06 2.617080530481386350e-02 6.205367043857924064e-03
4.099999999999999709e-06 2.619373051263408289e-02 6.292442304917240416e-03
4.120000000000000364e-06 2.621721976528947756e-02 6.379517565976551563e-03
4.140000000000000173e-06 2.622102054972313620e-02 6.460602705006381584e-03
4.159999999999999981e-06 2.621393244127924460e-02 6.565176257101900358e-03
4.179999999999999790e-06 2.623511275099257856e-02 6.643136609239435816e-03
4.200000000000000445e-06 2.627323755712209635e-02 6.743705975398184109e-03
4.220000000000000254e-06 2.624649772332545219e-02 6.846039874222800865e-03
4.240000000000000062e-06 2.622936637670487958e-02 6.992685642536113078e-03
4.259999999999999871e-06 2.618584020866046580e-02 7.132126648149932080e-03
4.279999999999999679e-06 2.613565875023926566e-02 7.254632900627144484e-03
4.300000000000000335e-06 2.609322148766102245e-02 7.389028140343202079e-03
4.320000000000000143e-06 2.602332178250113884e-02 7.582897393101697796e-03
4.339999999999999952e-06 2.598530349585280452e-02 7.737090397957214344e-03
4.359999999999999760e-06 2.594254484140185238e-02 7.868586428489912285e-03
4.380000000000000416e-06 2.592828091982586625e-02 8.052598337527597239e-03
4.400000000000000224e-06 2.588994305787915493e-02 8.173341487133490429e-03
4.420000000000000033e-06 2.594804925914311056e-02 8.333422111211595540e-03
4.439999999999999841e-06 2.597108312866614963e-02 8.440396619487271559e-03
4.460000000000000497e-06 2.596586866741747851e-02 8.507721108608326532e-03
4.480000000000000305e-06 2.598660521746783136e-02 8.605037358626992094e-03
4.500000000000000114e-06 2.598361152919156231e-02 8.728377357678531595e-03
4.519999999999999923e-06 2.598017295146521147e-02 8.820060801575057424e-03
4.539999999999999731e-06 2.601939712410068078e-02 8.875047285408216649e-03
4.560000000000000387e-06 2.599683067097697045e-02 8.983358630940619510e-03
4.580000000000000195e-06 2.599946763555900306e-02 9.044295886112259028e-03
4.600000000000000004e-06 2.596721664987379150e-02 9.078330246496615560e-03
4.619999999999999812e-06 2.595358425181626752e-02 9.134136142120300936e-03
4.640000000000000468e-06 2.592941133693085071e-02 9.209129434496367630e-03
4.660000000000000276e-06 2.594082482289714053e-02 9.274842070687723192e-03
4.680000000000000085e-06 2.600115984951255343e-02 9.344473005794218246e-03
4.699999999999999893e-06 2.597580554933665020e-02 9.444456998400255210e-03
4.719999999999999702e-06 2.599960953127777516e-02 9.558871089336291871e-03
4.740000000000000357e-06 2.602397755805406498e-02 9.673285180272335471e-03
4.760000000000000166e-06 2.603459671677904250e-02 9.773416195398718087e-03
4.779999999999999974e-06 2.603804752953281856e-02 9.865830938865140926e-03
4.799999999999999783e-06 2.604059272897207497e-02 9.963838441659005410e-03
4.820000000000000438e-06 2.604561715609377340e-02 1.005629212042664401e-02
4.840000000000000247e-06 2.606317696051333593e-02 1.017639017843894114e-02
4.860000000000000055e-06 2.606653989698783785e-02 1.028072639738464474e-02
4.879999999999999864e-06 2.607046687829751852e-02 1.037672054954805537e-02
4.900000000000000519e-06 2.604745316440296513e-02 1.047271470171145559e-02
4.920000000000000328e-06 2.602878436608162954e-02 1.055145776087071212e-02
4.940000000000000136e-06 2.607413972063394106e-02 1.060492211343430115e-02
4.959999999999999945e-06 2.610855028751289317e-02 1.067000361274724612e-02
4.979999999999999753e-06 2.616278866713991555e-02 1.068497067701835654e-02
5.000000000000000409e-06 2.619265109684019641e-02 1.068967393230910862e-02
5.020000000000000218e-06 2.621427768906289466e-02 1.068835604008136660e-02
5.040000000000000026e-06 2.617572408272602832e-02 1.063645643998977798e-02
5.059999999999999835e-06 2.616937196723972611e-02 1.060331502254232942e-02
5.080000000000000490e-06 2.616358389658858877e-02 1.057017360509488607e-02
5.100000000000000299e-06 2.615755149629283779e-02 1.052343579366460218e-02
5.120000000000000107e-06 2.613638322516925391e-02 1.048018807505154797e-02
5.139999999999999916e-06 2.611625185259068213e-02 1.038805854040520359e-02
5.159999999999999724e-06 2.609658032141924308e-02 1.033985895933756290e-02
5.180000000000000380e-06 2.599455275366259477e-02 1.029517179270677922e-02
5.200000000000000188e-06 2.596478468240935242e-02 1.021529042308105123e-02
5.219999999999999997e-06 2.593444988463822556e-02 1.012034014569661820e-02
5.239999999999999805e-06 2.589878017485099104e-02 1.003021742929891165e-02
5.260000000000000461e-06 2.589508421624522189e-02 9.888916305692566078e-03
5.280000000000000269e-06 2.584955937469431836e-02 9.776031367561248062e-03
5.300000000000000078e-06 2.577129635606002778e-02 9.691053138786938359e-03
5.319999999999999886e-06 2.569746397017214426e-02 9.597171035946714182e-03
5.339999999999999695e-06 2.564116389976280400e-02 9.497797344836545266e-03
5.360000000000000350e-06 2.556693018710244972e-02 9.444969615294784848e-03
5.380000000000000159e-06 2.550886134752374315e-02 9.391086401507577064e-03
5.399999999999999967e-06 2.541588246214647462e-02 9.378755060190922463e-03
5.419999999999999776e-06 2.535907143899207919e-02 9.327418060040499129e-03
5.440000000000000431e-06 2.530918516792883891e-02 9.286385952626662749e-03
5.460000000000000240e-06 2.524901621384778930e-02 9.286233230549440290e-03
5.480000000000000048e-06 2.521391195661852602e-02 9.299372730364154765e-03
5.499999999999999857e-06 2.518730973028080952e-02 9.343947820610104191e-03
5.520000000000000513e-06 2.518773378018236697e-02 9.302573267669691712e-03
5.540000000000000321e-06 2.516635545948177344e-02 9.295859447233253969e-03
5.560000000000000130e-06 2.511710724353844251e-02 9.271711564660431448e-03
5.579999999999999938e-06 2.506428802499404210e-02 9.230277360086171223e-03
5.599999999999999747e-06 2.503533787014859679e-02 9.126579908050559339e-03
5.620000000000000402e-06 2.497009217231080380e-02 9.015934899565652624e-03
5.640000000000000211e-06 2.492365981878302134e-02 8.921973959390068834e-03
5.660000000000000019e-06 2.487856791654756775e-02 8.857555976193981148e-03
5.679999999999999828e-06 2.485600187085208745e-02 8.774277944992884756e-03
5.700000000000000483e-06 2.483231358744294667e-02 8.705090634981973649e-03
5.720000000000000292e-06 2.481305960530984234e-02 8.625715907223290360e-03
5.740000000000000100e-06 2.471405588662345387e-02 8.551083493686949949e-03
5.759999999999999909e-06 2.467238281584487394e-02 8.536158796403060106e-03
5.779999999999999717e-06 2.459520115097585044e-02 8.498887746572281535e-03
5.800000000000000373e-06 2.450804744019279349e-02 8.469685950033717728e-03
5.820000000000000181e-06 2.439778515287625155e-02 8.392232439979649405e-03
5.839999999999999990e-06 2.428245673390416401e-02 8.342199679171475799e-03
5.859999999999999798e-06 2.417781608826237091e-02 8.286065871058623244e-03
5.880000000000000454e-06 2.410096629052200720e-02 8.275794674690624061e-03
5.900000000000000262e-06 2.402304351882887309e-02 8.196067380251352563e-03
5.920000000000000071e-06 2.382784984297865380e-02 8.187528818557370663e-03
5.939999999999999879e-06 2.370990398460139439e-02 8.154301382758820382e-03
5.960000000000000535e-06 2.359318686432702178e-02 8.124343314804103808e-03
5.980000000000000343e-06 2.345138867567334029e-02 8.095910755459328340e-03
6.000000000000000152e-06 2.330595723928207894e-02 8.055339645147444050e-03
6.019999999999999961e-06 2.316094984943704860e-02 8.029408993647955614e-03
6.039999999999999769e-06 2.299669661381577648e-02 7.988022322434557357e-03
6.060000000000000425e-06 2.282324715051296804e-02 7.952387018672171445e-03
6.080000000000000233e-06 2.269231404366025412e-02 7.934717176525685547e-03
6.100000000000000042e-06 2.255195440027030901e-02 7.903605070614400790e-03
6.119999999999999850e-06 2.243036743125249519e-02 7.893217302997669604e-03
6.140000000000000506e-06 2.229821806945499196e-02 7.881783422591799940e-03
6.160000000000000314e-06 2.220272719519254465e-02 7.884928321594935827e-03
6.180000000000000123e-06 2.207366743991196964e-02 7.930748656484772410e-03
6.199999999999999931e-06 2.198635500249882316e-02 7.902099286040988740e-03
6.219999999999999740e-06 2.196252845732574177e-02 7.888931772959432639e-03
6.240000000000000395e-06 2.190641615869004521e-02 7.934329253382312042e-03
6.260000000000000204e-06 2.185307069077425599e-02 8.033215468606110313e-03
6.280000000000000012e-06 2.195112581174324742e-02 7.928756468237475180e-03
6.299999999999999821e-06 2.188853293730566932e-02 7.892899391867637393e-03
6.320000000000000476e-06 2.179733215090871173e-02 7.850304420223717591e-03
6.340000000000000285e-06 2.169010769831574564e-02 7.796831998001910007e-03
6.360000000000000093e-06 2.167975730704436652e-02 7.730235058927552305e-03
6.379999999999999902e-06 2.162553223872466443e-02 7.651828182399391873e-03
6.399999999999999710e-06 2.152711343145064307e-02 7.600429862211826801e-03
6.420000000000000366e-06 2.144826639514898006e-02 7.523799086460757242e-03
6.440000000000000174e-06 2.136998340368248539e-02 7.447168310709688550e-03
6.459999999999999983e-06 2.126807145589134848e-02 7.370017502522686198e-03
6.479999999999999791e-06 2.116787633813232636e-02 7.294673534508556989e-03
6.500000000000000447e-06 2.106206351544245500e-02 7.229439906573716969e-03
6.520000000000000256e-06 2.095761237142975894e-02 7.165554385364203416e-03
6.540000000000000064e-06 2.083859707888431612e-02 7.102731835150608540e-03
6.559999999999999873e-06 2.070912187175963370e-02 7.041779214084834676e-03
6.580000000000000528e-06 2.056515284808898419e-02 6.950396496514952595e-03
6.600000000000000337e-06 2.040705464553316251e-02 6.841688795595188971e-03
6.620000000000000145e-06 2.024072766152989686e-02 6.705381035616784537e-03
6.639999999999999954e-06 2.003890855645860600e-02 6.513594188102425284e-03
6.659999999999999762e-06 1.984260729936936085e-02 6.309942003855532021e-03
6.680000000000000418e-06 1.966222877540603486e-02 6.068254574888005612e-03
6.700000000000000226e-06 1.946300355266543380e-02 5.845617829254879175e-03
6.720000000000000035e-06 1.931041803495945827e-02 5.599200553451720574e-03
6.739999999999999843e-06 1.914266391874424114e-02 5.346054449108195335e-03
6.760000000000000499e-06 1.893811478169405912e-02 5.122071756094205217e-03
6.780000000000000307e-06 1.888878156348872128e-02 4.931076076242353091e-03
6.800000000000000116e-06 1.871697497460179244e-02 4.746831373972273255e-03
6.819999999999999924e-06 1.847917211623187686e-02 4.654508528221674643e-03
6.839999999999999733e-06 1.839751200350219981e-02 4.413967936266392084e-03
6.860000000000000388e-06 1.815265356571476099e-02 4.301545122435146591e-03
6.880000000000000197e-06 1.808468385117029467e-02 4.163544118666211331e-03
6.900000000000000005e-06 1.787536328238722994e-02 4.127485509678845317e-03
6.919999999999999814e-06 1.773945358167043282e-02 3.973779321412546951e-03
6.940000000000000469e-06 1.755957385804106721e-02 3.896010822318916184e-03
6.960000000000000278e-06 1.744806116694543399e-02 3.715870629009290424e-03
6.980000000000000086e-06 1.751557405253226576e-02 3.541424964770845292e-03
6.999999999999999895e-06 1.744386848055909378e-02 3.375483256601084000e-03
7.020000000000000551e-06 1.740868614532406489e-02 3.192963972580603778e-03
7.040000000000000359e-06 1.734327956630943302e-02 3.022783038654476128e-03
7.060000000000000168e-06 1.728144410392541339e-02 2.867135903665113481e-03
7.079999999999999976e-06 1.722497075186257831e-02 2.704632637711275062e-03
7.099999999999999785e-06 1.716864707945856341e-02 2.558665154898844950e-03
7.120000000000000440e-06 1.709300876830858670e-02 2.412251670369573893e-03
7.140000000000000249e-06 1.702128199859254468e-02 2.288096599193152440e-03
7.160000000000000057e-06 1.692823880327406355e-02 2.159221423719379692e-03
7.179999999999999866e-06 1.685830434752463164e-02 2.007431232594461112e-03
7.200000000000000521e-06 1.678893393661037153e-02 1.866634826228158418e-03
7.220000000000000330e-06 1.672566784923365524e-02 1.732943848295031035e-03
7.240000000000000138e-06 1.666253121349516725e-02 1.633293588202881005e-03
7.259999999999999947e-06 1.662585178444530090e-02 1.570768538422320131e-03
7.279999999999999755e-06 1.657280842645846367e-02 1.484894653191419847e-03
7.300000000000000411e-06 1.648627230345055261e-02 1.369071938459118709e-03
7.320000000000000219e-06 1.641173000201834320e-02 1.250782162848859159e-03
7.340000000000000028e-06 1.633775174542128825e-02 1.132492387238597225e-03
7.359999999999999836e-06 1.626105709134561053e-02 1.022815536415190314e-03
7.380000000000000492e-06 1.619196296470221466e-02 9.196465552565313839e-04
7.400000000000000300e-06 1.615524338776892430e-02 7.903510042861062014e-04
7.420000000000000109e-06 1.611593560727592536e-02 7.048051032990010518e-04
7.439999999999999917e-06 1.603017531062662579e-02 5.960599405498300972e-04
7.460000000000000573e-06 1.596257687654052682e-02 4.712463365125108168e-04
7.480000000000000381e-06 1.592742430745598681e-02 3.788700159401914508e-04
7.500000000000000190e-06 1.591689719313966675e-02 3.220949373479398093e-04
7.519999999999999999e-06 1.590599468361536886e-02 2.351896911702111668e-04
7.539999999999999807e-06 1.589086951027145547e-02 1.469901957159580619e-04
7.560000000000000463e-06 1.585246217857232479e-02 8.441911013755909953e-05
7.580000000000000271e-06 1.578829957020002478e-02 -6.282190931522379953e-05
7.600000000000000080e-06 1.569383531884342708e-02 -1.614091929875016837e-04
7.619999999999999888e-06 1.561042653340171706e-02 -2.611248521502895705e-04
7.639999999999999697e-06 1.549118276949591928e-02 -3.609422525575745186e-04
7.659999999999999505e-06 1.539426124565205015e-02 -3.677301433395929937e-04
7.680000000000001008e-06 1.527757190154097229e-02 -3.943038043240709787e-04
7.700000000000000816e-06 1.519392738665248897e-02 -4.339686275088882922e-04
7.720000000000000625e-06 1.511499397708930374e-02 -4.678810728605553321e-04
7.740000000000000433e-06 1.503383342715488777e-02 -5.052663918623001875e-04
7.760000000000000242e-06 1.492924592267441154e-02 -5.377912023534614895e-04
7.780000000000000050e-06 1.485743368368175506e-02 -6.137104687210226655e-04
7.799999999999999859e-06 1.464820349669742998e-02 -7.347669449376225933e-04
7.819999999999999667e-06 1.451282425890232895e-02 -8.082418157882898012e-04
7.839999999999999476e-06 1.440215127965947632e-02 -8.817166866389536482e-04
7.860000000000000978e-06 1.430113216926662441e-02 -9.606501595180272184e-04
7.880000000000000787e-06 1.417812117659012980e-02 -1.041515462600504146e-03
7.900000000000000595e-06 1.408076158049226083e-02 -1.206511650955053271e-03
7.920000000000000404e-06 1.397190316373511133e-02 -1.316357616412681085e-03
7.940000000000000212e-06 1.386360879181312497e-02 -1.426203581870324946e-03
7.960000000000000021e-06 1.374943654722205442e-02 -1.576914906994987802e-03
7.979999999999999829e-06 1.366033882438654444e-02 -1.722619589607081794e-03
7.999999999999999638e-06 1.358356892345159023e-02 -1.863017787882500576e-03
8.019999999999999446e-06 1.351891062707147838e-02 -1.939741975422481970e-03
8.040000000000000949e-06 1.343609079478183706e-02 -2.109966012632009166e-03
8.060000000000000758e-06 1.342614983037183039e-02 -2.260118147004013325e-03
8.080000000000000566e-06 1.333651485442645564e-02 -2.368063523190805028e-03
8.100000000000000375e-06 1.323993764746017772e-02 -2.514141526113323599e-03
8.120000000000000183e-06 1.313785604027584847e-02 -2.708070820618756896e-03
8.139999999999999992e-06 1.302194290087375916e-02 -2.907343279867703831e-03
8.159999999999999800e-06 1.289447186865482452e-02 -3.125036976438278630e-03
8.179999999999999609e-06 1.279021016563136777e-02 -3.371990949293575662e-03
8.199999999999999417e-06 1.267481338712530409e-02 -3.601308541319723101e-03
8.220000000000000920e-06 1.257004865852284596e-02 -3.828988328569332515e-03
8.240000000000000728e-06 1.244479556406480336e-02 -4.077434956924323207e-03
8.260000000000000537e-06 1.227228261217166126e-02 -4.287438460829326274e-03
8.280000000000000345e-06 1.210677961059607871e-02 -4.434024653847415398e-03
8.300000000000000154e-06 1.191019960548357973e-02 -4.606170445348490433e-03
8.319999999999999962e-06 1.171744432402971846e-02 -4.804707505582985275e-03
8.339999999999999771e-06 1.155357631194179474e-02 -5.059303676966264533e-03
8.359999999999999579e-06 1.137646329543728213e-02 -5.271498549068514075e-03
8.379999999999999388e-06 1.119979192679600513e-02 -5.484327564842477257e-03
8.400000000000000890e-06 1.102884325303708606e-02 -5.705249556640068151e-03
8.420000000000000699e-06 1.086253043974196204e-02 -5.908022176604645591e-03
8.440000000000000507e-06 1.068350846252627377e-02 -6.118808529109429767e-03
8.460000000000000316e-06 1.050505053014575384e-02 -6.329594881614205269e-03
8.480000000000000124e-06 1.033088986424919586e-02 -6.538098382893251827e-03
8.499999999999999933e-06 1.011743304927905686e-02 -6.722012579351255637e-03
8.519999999999999742e-06 9.944937751988203525e-03 -6.932390084086996994e-03
8.539999999999999550e-06 9.715949052683272441e-03 -7.113455955367891000e-03
8.559999999999999359e-06 9.535473411802199151e-03 -7.249711367523952073e-03
8.580000000000000861e-06 9.369326702731115356e-03 -7.388620640457497189e-03
8.600000000000000670e-06 9.175723939922527175e-03 -7.555921838396960528e-03
8.620000000000000478e-06 8.970623840480435734e-03 -7.723475867328146414e-03
8.640000000000000287e-06 8.752315866202618408e-03 -7.962428178717033053e-03
8.660000000000000095e-06 8.505340160494702720e-03 -8.140239047637080547e-03
8.679999999999999904e-06 8.252565905738397378e-03 -8.324851447750384811e-03
8.699999999999999712e-06 7.996326910513974762e-03 -8.508871716450101819e-03
8.719999999999999521e-06 7.750309224881508745e-03 -8.686760666601395578e-03
8.740000000000001023e-06 7.504074329254683748e-03 -8.864295311309652869e-03
8.760000000000000832e-06 7.258403478463021016e-03 -9.041829956017922304e-03
8.780000000000000640e-06 7.008771187939810861e-03 -9.219364600726188269e-03
8.800000000000000449e-06 6.761536796924769513e-03 -9.397527600012086160e-03
8.820000000000000257e-06 6.518943770958760507e-03 -9.609078856850300845e-03
8.840000000000000066e-06 6.278056263512413887e-03 -9.819281706918600930e-03
8.859999999999999874e-06 6.037732800901226930e-03 -1.002948455698690101e-02
8.879999999999999683e-06 5.797973383125212647e-03 -1.024584471711173332e-02
8.899999999999999491e-06 5.539422492841856310e-03 -1.044330906985366757e-02
8.920000000000000994e-06 5.279856026670339854e-03 -1.059352015561141301e-02
8.940000000000000802e-06 5.018167994571458637e-03 -1.074928710704161662e-02
8.960000000000000611e-06 4.764058436572462911e-03 -1.091078364112912751e-02
8.980000000000000419e-06 4.511152133289483661e-03 -1.106007109751777455e-02
9.000000000000000228e-06 4.266626171363638483e-03 -1.121655927195292640e-02
9.020000000000000037e-06 4.038734700679674425e-03 -1.136582032785446103e-02
9.039999999999999845e-06 3.811040631405548853e-03 -1.152626181583914743e-02
9.059999999999999654e-06 3.610408775750262485e-03 -1.171121335912024032e-02
9.079999999999999462e-06 3.440251597478046711e-03 -1.189067344412359992e-02
9.100000000000000965e-06 3.252278376951360690e-03 -1.196540165427122798e-02
9.120000000000000773e-06 3.064170740041461012e-03 -1.216236109361949411e-02
9.140000000000000582e-06 2.877936107233503103e-03 -1.235204151929265338e-02
9.160000000000000390e-06 2.675189283584749993e-03 -1.251246727692695120e-02
9.180000000000000199e-06 2.516334744696366917e-03 -1.261416064568783232e-02
9.200000000000000007e-06 2.332417474021549701e-03 -1.270673170244020558e-02
9.219999999999999816e-06 2.170245910818309129e-03 -1.275523316882979860e-02
9.239999999999999624e-06 1.987440469964196939e-03 -1.282857571607354079e-02
9.259999999999999433e-06 1.782457275285625987e-03 -1.291995120923021892e-02
9.280000000000000935e-06 1.572232549446034256e-03 -1.296085622865346745e-02
9.300000000000000744e-06 1.424487868535567791e-03 -1.310201998970027780e-02
9.320000000000000552e-06 1.215360734375227044e-03 -1.316382593997384928e-02
9.340000000000000361e-06 1.011037654809308125e-03 -1.318436604799576826e-02
9.360000000000000169e-06 8.355271231378292229e-04 -1.320179287977120072e-02
9.379999999999999978e-06 6.308185232896867597e-04 -1.326780137841575107e-02
9.399999999999999786e-06 4.462705576908177017e-04 -1.324615484342510190e-02
9.419999999999999595e-06 2.391991534767901127e-04 -1.324221880123002508e-02
9.439999999999999403e-06 3.269179409793321198e-05 -1.323828275903494479e-02
9.460000000000000906e-06 -1.623392453333694020e-04 -1.323044761296864047e-02
9.480000000000000715e-06 -3.156492272016542320e-04 -1.322863439123987336e-02
9.500000000000000523e-06 -4.747918017617991111e-04 -1.320634012000012139e-02
9.520000000000000332e-06 -5.951217290670007777e-04 -1.320959091692856628e-02
9.540000000000000140e-06 -6.790866308030063699e-04 -1.330420582857206636e-02
9.559999999999999949e-06 -7.952895914885537961e-04 -1.332999481791056866e-02
9.579999999999999757e-06 -8.764960518059139883e-04 -1.340605741654945539e-02
9.599999999999999566e-06 -9.167246998344702686e-04 -1.340773232466942536e-02
9.619999999999999374e-06 -9.635598334687933393e-04 -1.341243083069964571e-02
9.640000000000000877e-06 -9.874167484761541772e-04 -1.340789720107793404e-02
9.660000000000000685e-06 -1.034369769833295462e-03 -1.345444586150331204e-02
9.680000000000000494e-06 -1.053734033781221708e-03 -1.343579880420676421e-02
9.700000000000000302e-06 -1.122243207678695837e-03 -1.341168161070103830e-02
9.720000000000000111e-06 -1.162809403678928283e-03 -1.341911244973354421e-02
9.739999999999999919e-06 -1.211436644759442648e-03 -1.345199184282559399e-02
9.759999999999999728e-06 -1.255270955331161354e-03 -1.348394427457673059e-02
9.779999999999999536e-06 -1.277589476013786312e-03 -1.352551695941024007e-02
9.800000000000001039e-06 -1.309434060782537152e-03 -1.356700711466704221e-02
9.820000000000000847e-06 -1.340714600716114233e-03 -1.360849726992383393e-02
9.840000000000000656e-06 -1.371830399170435085e-03 -1.365098041027121810e-02
9.860000000000000464e-06 -1.404938861870019904e-03 -1.369654247873407921e-02
9.880000000000000273e-06 -1.419440367178430567e-03 -1.368231330695045961e-02
9.900000000000000081e-06 -1.414584420985649533e-03 -1.367161679214739904e-02
9.919999999999999890e-06 -1.427210348769143494e-03 -1.369853430865827955e-02
9.939999999999999698e-06 -1.447433532367079596e-03 -1.372019462454780042e-02
9.959999999999999507e-06 -1.512152841334078908e-03 -1.375058352950374665e-02
9.980000000000001010e-06 -1.576773056620267566e-03 -1.378554003543191846e-02
1.000000000000000082e-05 -1.663018795074056120e-03 -1.379940217509533808e-02
1.002000000000000063e-05 -1.734345805264938482e-03 -1.383996699195378863e-02
1.004000000000000044e-05 -1.793264076458091954e-03 -1.384231838268203986e-02
1.006000000000000024e-05 -1.874019171950590474e-03 -1.386760173990371665e-02
1.008000000000000005e-05 -1.954210222607924777e-03 -1.384100002584873028e-02
1.009999999999999986e-05 -2.033837228430087490e-03 -1.383681936120084721e-02
1.011999999999999967e-05 -2.127659519994620340e-03 -1.381965257013972881e-02
1.013999999999999948e-05 -2.196119125468648341e-03 -1.378440213950399458e-02
1.016000000000000098e-05 -2.272563491982652114e-03 -1.375334566067012640e-02
1.018000000000000079e-05 -2.331389088149163867e-03 -1.372867967368125372e-02
1.020000000000000060e-05 -2.371042729540780505e-03 -1.369220833499982908e-02
1.022000000000000041e-05 -2.422092662628053811e-03 -1.365573699631840443e-02
1.024000000000000021e-05 -2.470596221218005102e-03 -1.362060631539217456e-02
1.026000000000000002e-05 -2.510482817654240400e-03 -1.360683310096173076e-02
1.027999999999999983e-05 -2.549805369255313432e-03 -1.359305988653129391e-02
1.029999999999999964e-05 -2.589925121002805298e-03 -1.359027930947093871e-02
1.031999999999999945e-05 -2.648914483856657041e-03 -1.357803459971529229e-02
1.034000000000000095e-05 -2.706259732500656406e-03 -1.354530891452886653e-02
1.036000000000000076e-05 -2.743390757524122488e-03 -1.352323151951401875e-02
1.038000000000000057e-05 -2.799724761127789664e-03 -1.350417191108710217e-02
1.040000000000000038e-05 -2.766046743399230498e-03 -1.349673266122857623e-02
1.042000000000000018e-05 -2.760094787679939331e-03 -1.343764511805307406e-02
1.043999999999999999e-05 -2.753314646844974480e-03 -1.348440191429032230e-02
1.045999999999999980e-05 -2.796507569440509662e-03 -1.346405458605081512e-02
1.047999999999999961e-05 -2.789539281189934352e-03 -1.346006918777545996e-02
1.049999999999999942e-05 -2.780367911845109570e-03 -1.342807790786461515e-02
1.052000000000000092e-05 -2.757367262129932061e-03 -1.347658742763606365e-02
1.054000000000000073e-05 -2.775571661651893111e-03 -1.350000162469926560e-02
1.056000000000000054e-05 -2.773333791594666340e-03 -1.354400860287126480e-02
1.058000000000000035e-05 -2.803945049015730672e-03 -1.358667477562545620e-02
1.060000000000000016e-05 -2.855317001533940087e-03 -1.361764741615446341e-02
1.061999999999999996e-05 -2.888419827365266285e-03 -1.370557200734757314e-02
1.063999999999999977e-05 -2.968962147892570923e-03 -1.379013082244476968e-02
1.065999999999999958e-05 -3.021308308047848841e-03 -1.386627311883253943e-02
1.067999999999999939e-05 -3.071899592772694976e-03 -1.394192168482729852e-02
1.070000000000000089e-05 -3.149186852565152156e-03 -1.402399763023256737e-02
1.072000000000000070e-05 -3.218885814045094676e-03 -1.410205516438949730e-02
1.074000000000000051e-05 -3.306652675211274681e-03 -1.414719546833234989e-02
1.076000000000000032e-05 -3.336485102533783258e-03 -1.415382018346031216e-02
1.078000000000000013e-05 -3.381161004236269470e-03 -1.419092681858517835e-02
1.079999999999999993e-05 -3.417805176964028389e-03 -1.419221054843961861e-02
1.081999999999999974e-05 -3.554993108743972809e-03 -1.420966338081142144e-02
1.083999999999999955e-05 -3.602082063421817651e-03 -1.422986020292715814e-02
1.086000000000000105e-05 -3.664858070441114318e-03 -1.423050604012494370e-02
1.088000000000000086e-05 -3.711145112483530198e-03 -1.422594412746921305e-02
1.090000000000000067e-05 -3.761841404303752946e-03 -1.421514422821178875e-02
1.092000000000000048e-05 -3.831474022244419492e-03 -1.416634569477399040e-02
1.094000000000000029e-05 -3.799872000405460533e-03 -1.414843891537344994e-02
1.096000000000000010e-05 -3.825126602459072954e-03 -1.407975824483193548e-02
1.097999999999999991e-05 -3.833162215726464237e-03 -1.401575706831971815e-02
1.099999999999999971e-05 -3.824513347300613052e-03 -1.394830372615644791e-02
1.101999999999999952e-05 -3.772990122978512727e-03 -1.383671716535168558e-02
1.104000000000000103e-05 -3.728007737822276995e-03 -1.371792642901441088e-02
1.106000000000000083e-05 -3.703756301583214887e-03 -1.358489873280273319e-02
1.108000000000000064e-05 -3.690031509170848580e-03 -1.342921372345356329e-02
1.110000000000000045e-05 -3.675742671923304828e-03 -1.327352871410439512e-02
1.112000000000000026e-05 -3.661283016583453780e-03 -1.311759536366835337e-02
1.114000000000000007e-05 -3.681178920621445191e-03 -1.294088995794894469e-02
1.115999999999999988e-05 -3.699010377806707332e-03 -1.275852162554077726e-02
1.117999999999999968e-05 -3.732201674702324487e-03 -1.257615329313259943e-02
1.119999999999999949e-05 -3.764828926762780678e-03 -1.239378496072442160e-02
1.122000000000000100e-05 -3.786555579312170759e-03 -1.222304489256730541e-02
1.124000000000000080e-05 -3.805476962479682670e-03 -1.206749033487814100e-02
1.126000000000000061e-05 -3.823834300812034050e-03 -1.191193577718898007e-02
1.128000000000000042e-05 -3.858567461578627129e-03 -1.177607314808356773e-02
1.130000000000000023e-05 -3.896113191129704605e-03 -1.164157969448548213e-02
1.132000000000000004e-05 -3.903956491614812754e-03 -1.148435402394099893e-02
1.133999999999999985e-05 -3.914562189173039983e-03 -1.135029331341683330e-02
1.135999999999999966e-05 -3.957158820056583086e-03 -1.122533003951414581e-02
1.137999999999999946e-05 -3.992206394266336472e-03 -1.109717669031405618e-02
1.140000000000000097e-05 -3.988873325237495340e-03 -1.094324901306751793e-02
1.142000000000000077e-05 -3.987179505549708416e-03 -1.081462473678198796e-02
1.144000000000000058e-05 -3.931551574457677750e-03 -1.071412865483652339e-02
1.146000000000000039e-05 -3.881410271841566687e-03 -1.060605764299299598e-02
1.148000000000000020e-05 -3.830704924390291189e-03 -1.049495781417880517e-02
1.150000000000000001e-05 -3.780998627349981683e-03 -1.042042974719992188e-02
1.151999999999999982e-05 -3.726567908087848914e-03 -1.036491039415708693e-02
1.153999999999999963e-05 -3.671573143990562987e-03 -1.030939104111426932e-02
1.155999999999999943e-05 -3.616014335058096579e-03 -1.025387168807144304e-02
1.158000000000000094e-05 -3.555964191654888574e-03 -1.020497883731086471e-02
1.160000000000000075e-05 -3.500231991600018158e-03 -1.018639998484789644e-02
1.162000000000000055e-05 -3.433886589194534884e-03 -1.016782113238492470e-02
1.164000000000000036e-05 -3.366607786149196282e-03 -1.015773922696357537e-02
1.166000000000000017e-05 -3.299246326376679191e-03 -1.016801613085582291e-02
1.167999999999999998e-05 -3.231320821768999402e-03 -1.017829303474806699e-02
1.169999999999999979e-05 -3.155683646197037125e-03 -1.020545940887033175e-02
1.171999999999999960e-05 -3.087400924045143914e-03 -1.023392399407313351e-02
1.173999999999999941e-05 -3.034661218555373581e-03 -1.025297118315756165e-02
1.176000000000000091e-05 -2.999272491365834615e-03 -1.027092888163533974e-02
1.178000000000000072e-05 -2.973171294734616634e-03 -1.029632843704457110e-02
1.180000000000000052e-05 -2.887191295499370956e-03 -1.030400903584345607e-02
1.182000000000000033e-05 -2.868805317970235958e-03 -1.034382897054346266e-02
1.184000000000000014e-05 -2.733152040268966090e-03 -1.039488517308866794e-02
1.185999999999999995e-05 -2.692641289600789488e-03 -1.046179575922735923e-02
1.187999999999999976e-05 -2.584089330483145975e-03 -1.051487972958334988e-02
1.189999999999999957e-05 -2.480535943940401396e-03 -1.058068479566681534e-02
1.192000000000000107e-05 -2.381511544663389261e-03 -1.063196027061307468e-02
1.194000000000000088e-05 -2.291033677139675540e-03 -1.069710272014349345e-02
1.196000000000000069e-05 -2.199991764780803022e-03 -1.076224516967391569e-02
1.198000000000000050e-05 -2.107153899633298477e-03 -1.083108616147789721e-02
1.200000000000000030e-05 -2.006312080628903840e-03 -1.088705196345531034e-02
1.202000000000000011e-05 -1.916770509901396429e-03 -1.096655956270067324e-02
1.203999999999999992e-05 -1.821453118213650678e-03 -1.103180236614454725e-02
1.205999999999999973e-05 -1.638400353588413466e-03 -1.111610056680300065e-02
1.207999999999999954e-05 -1.473304291626905717e-03 -1.118173296528885037e-02
1.210000000000000104e-05 -1.324752923323627629e-03 -1.125376852219376993e-02
1.212000000000000085e-05 -1.238319847889684990e-03 -1.124889259449441542e-02
1.214000000000000066e-05 -1.134133765834858263e-03 -1.128683598543870140e-02
1.216000000000000047e-05 -1.032534599132382044e-03 -1.132777772160124645e-02
1.218000000000000027e-05 -9.303713875947561360e-04 -1.136871945776379844e-02
1.220000000000000008e-05 -8.231643182607095970e-04 -1.140729448591871510e-02
1.221999999999999989e-05 -7.167346974169374729e-04 -1.143472745373864084e-02
1.223999999999999970e-05 -6.747137878934528080e-04 -1.151277328019289538e-02
1.225999999999999951e-05 -5.216703692742830382e-04 -1.151959812033546797e-02
1.228000000000000101e-05 -4.116936576848173363e-04 -1.153398031170180769e-02
1.230000000000000082e-05 -3.241447541101483013e-04 -1.156340423197204509e-02
1.232000000000000063e-05 -2.182234481374723087e-04 -1.160010850916469785e-02
1.234000000000000044e-05 -1.350969507969423944e-04 -1.165201521024038581e-02
1.236000000000000025e-05 -7.646519833262254936e-05 -1.172870464614058500e-02
1.238000000000000005e-05 -1.579741037613713303e-05 -1.180369571252464292e-02
1.239999999999999986e-05 4.298384657976384298e-05 -1.190630428645030221e-02
1.241999999999999967e-05 1.458388918630992913e-04 -1.199198095517963088e-02
1.243999999999999948e-05 2.648909763021900727e-04 -1.207198112171730536e-02
1.246000000000000098e-05 3.683467412315644357e-04 -1.213868749310943219e-02
1.248000000000000079e-05 4.796652962035030730e-04 -1.223016529233592400e-02
1.250000000000000060e-05 5.786620789642438591e-04 -1.229184837251945384e-02
1.252000000000000041e-05 6.830415540800649325e-04 -1.237486142544135664e-02
1.254000000000000022e-05 7.637550124063585688e-04 -1.247784617107773261e-02
1.256000000000000002e-05 8.615161569901730277e-04 -1.256361153610396041e-02
1.257999999999999983e-05 9.569067174345058900e-04 -1.264495788139396310e-02
1.259999999999999964e-05 1.043536244503009492e-03 -1.272446420677748012e-02
1.261999999999999945e-05 1.159206632039233532e-03 -1.274997903293761080e-02
1.264000000000000095e-05 1.315875968253609222e-03 -1.280513925956957774e-02
1.266000000000000076e-05 1.467691332440172964e-03 -1.287523872789931266e-02
1.268000000000000057e-05 1.631393102224840651e-03 -1.289677891801371823e-02
1.270000000000000038e-05 1.779012481399588983e-03 -1.295839865488480902e-02
1.272000000000000019e-05 1.931694178792899832e-03 -1.300789628578968155e-02
1.274000000000000000e-05 2.076674262588306275e-03 -1.302406169700436565e-02
1.275999999999999980e-05 2.213065090134564046e-03 -1.303247206119800133e-02
1.277999999999999961e-05 2.328716700153815773e-03 -1.306843695271913200e-02
1.279999999999999942e-05 2.423914361378127613e-03 -1.303799783449517344e-02
1.282000000000000092e-05 2.468024696182655880e-03 -1.300154038010661699e-02
1.284000000000000073e-05 2.523869519316346201e-03 -1.297697722885265796e-02
1.286000000000000054e-05 2.578286862939617279e-03 -1.294560251794633562e-02
1.288000000000000035e-05 2.619791764482316647e-03 -1.291378623068843538e-02
1.290000000000000016e-05 2.714889855371165235e-03 -1.286399970536671045e-02
1.291999999999999997e-05 2.697688276413051471e-03 -1.284178296122183253e-02
1.293999999999999977e-05 2.723790460707164063e-03 -1.280816486983940919e-02
1.295999999999999958e-05 2.756218943950283773e-03 -1.277743344307040105e-02
1.298000000000000109e-05 2.764545147890076250e-03 -1.276843620973950461e-02
1.300000000000000089e-05 2.810779730174658379e-03 -1.270130822555463022e-02
1.302000000000000070e-05 2.870433176495119660e-03 -1.269564341523374967e-02
1.304000000000000051e-05 2.954946649971616855e-03 -1.268670085512111322e-02
1.306000000000000032e-05 3.038009688485183730e-03 -1.266181981992142540e-02
1.308000000000000013e-05 3.139184862585455912e-03 -1.264273483417846858e-02
1.309999999999999994e-05 3.195308078598750774e-03 -1.259985291906449978e-02
1.311999999999999975e-05 3.296115791985646404e-03 -1.257505111861298083e-02
1.313999999999999955e-05 3.323895472234269372e-03 -1.264201734289681182e-02
1.316000000000000106e-05 3.268716960907735829e-03 -1.270002857219305198e-02
1.318000000000000086e-05 3.311293045812038066e-03 -1.275166645720659554e-02
1.320000000000000067e-05 3.354433175551491293e-03 -1.280330434222013390e-02
1.322000000000000048e-05 3.398137350126121531e-03 -1.284971865689430066e-02
1.324000000000000029e-05 3.442405569535911432e-03 -1.289613297156846222e-02
1.326000000000000010e-05 3.487237833780864032e-03 -1.293257654630059969e-02
1.327999999999999991e-05 3.527965723389500305e-03 -1.295372850402101185e-02
1.329999999999999972e-05 3.551011857870167883e-03 -1.300487282064264824e-02
1.331999999999999952e-05 3.599768561480798205e-03 -1.296840748273794981e-02
1.334000000000000103e-05 3.566445430428191038e-03 -1.305118873736041928e-02
1.336000000000000084e-05 3.553938120734623229e-03 -1.305169648474207612e-02
1.338000000000000064e-05 3.540945237406935026e-03 -1.311014648901239615e-02
1.340000000000000045e-05 3.527203998491872539e-03 -1.318915096163439209e-02
1.342000000000000026e-05 3.441051385942902729e-03 -1.314877110404999438e-02
1.344000000000000007e-05 3.388253759834571922e-03 -1.320841877691629994e-02
1.345999999999999988e-05 3.342742803453013865e-03 -1.319513107426315175e-02
1.347999999999999969e-05 3.351365618821926674e-03 -1.322907578582202884e-02
1.349999999999999949e-05 3.341061414663095731e-03 -1.325304121196787394e-02
1.352000000000000100e-05 3.436831508931006279e-03 -1.331585210839366859e-02
1.354000000000000081e-05 3.485657944862783145e-03 -1.335520254277983675e-02
1.356000000000000061e-05 3.535048425629732250e-03 -1.339455297716600837e-02
1.358000000000000042e-05 3.586726555756492192e-03 -1.345261669812818951e-02
1.360000000000000023e-05 3.622318210889567767e-03 -1.348708911376507447e-02
1.362000000000000004e-05 3.652533923867418240e-03 -1.355063381030070443e-02
1.363999999999999985e-05 3.683426289670799127e-03 -1.360397562952440735e-02
1.365999999999999966e-05 3.714882700309352255e-03 -1.365731744874811374e-02
1.367999999999999947e-05 3.746903155783056806e-03 -1.371065926797181665e-02
1.370000000000000097e-05 3.779487656091928827e-03 -1.373141082847066478e-02
1.372000000000000078e-05 3.833513273768223133e-03 -1.375073760176172277e-02
1.374000000000000059e-05 3.931322189004569055e-03 -1.372406375784707144e-02
1.376000000000000039e-05 4.008423746916321001e-03 -1.371175128097140532e-02
1.378000000000000020e-05 4.087465250915285273e-03 -1.370750487070715971e-02
1.380000000000000001e-05 4.191179340440656306e-03 -1.369333381941296654e-02
1.381999999999999982e-05 4.316973500617826698e-03 -1.369567664227395662e-02
1.383999999999999963e-05 4.420876880131037294e-03 -1.369124237840238685e-02
1.386000000000000113e-05 4.519475119867366261e-03 -1.366868483423030502e-02
1.388000000000000094e-05 4.621226677579195856e-03 -1.367743830040618093e-02
1.390000000000000075e-05 4.735716795675379807e-03 -1.362735081632946571e-02
1.392000000000000056e-05 4.872294668235672629e-03 -1.359405664023759577e-02
1.394000000000000036e-05 4.996801579802818971e-03 -1.356766180500592993e-02
1.396000000000000017e-05 5.132879377627856850e-03 -1.349492228296536069e-02
1.397999999999999998e-05 5.266767759926816242e-03 -1.341961495389960152e-02
1.399999999999999979e-05 5.401220187060933563e-03 -1.332015666854259074e-02
1.401999999999999960e-05 5.541622357818238968e-03 -1.320340660037117204e-02
1.404000000000000110e-05 5.696237675842754852e-03 -1.308665653219974294e-02
1.406000000000000091e-05 5.849767063751305091e-03 -1.301681238751161221e-02
1.408000000000000072e-05 6.002998872815639049e-03 -1.295139068882236039e-02
1.410000000000000053e-05 6.156794726715140477e-03 -1.288596899013311203e-02
1.412000000000000034e-05 6.311154625449797231e-03 -1.282054729144386195e-02
1.414000000000000014e-05 6.466078569019626660e-03 -1.275512559275461186e-02
1.415999999999999995e-05 6.621566557424620955e-03 -1.268970389406537218e-02
1.417999999999999976e-05 6.809609722967557670e-03 -1.262428219537612556e-02
1.419999999999999957e-05 6.989689591250047504e-03 -1.256329206924990463e-02
1.422000000000000107e-05 7.170333504367704808e-03 -1.250230194312367503e-02
1.424000000000000088e-05 7.351541462320527846e-03 -1.244131181699745063e-02
1.426000000000000069e-05 7.533313465108517487e-03 -1.238032169087122797e-02
1.428000000000000050e-05 7.680356874736753679e-03 -1.231933156474500184e-02
1.430000000000000031e-05 7.827775513275321909e-03 -1.225405008668803246e-02
1.432000000000000011e-05 7.967902793966974428e-03 -1.218457744127854174e-02
1.433999999999999992e-05 8.126161802711417970e-03 -1.214313831472720387e-02
1.435999999999999973e-05 8.219893135459642453e-03 -1.217285311078056438e-02
1.437999999999999954e-05 8.417582319489396586e-03 -1.213803344922141300e-02
1.440000000000000104e-05 8.511489588704321957e-03 -1.220805997333239065e-02
1.442000000000000085e-05 8.652632212274146556e-03 -1.220957808466792936e-02
1.444000000000000066e-05 8.793698683141403655e-03 -1.220119149599570470e-02
1.446000000000000047e-05 8.940174344487954172e-03 -1.224572991033846987e-02
1.448000000000000028e-05 9.033746402393169617e-03 -1.216150326834288843e-02
1.450000000000000009e-05 9.177803809341853955e-03 -1.214172930622195098e-02
1.451999999999999989e-05 9.306249641463933131e-03 -1.221817987988247853e-02
1.453999999999999970e-05 9.309324808258651746e-03 -1.208915720574558171e-02
1.455999999999999951e-05 9.433624596109503602e-03 -1.202678742380156734e-02
1.458000000000000101e-05 9.489832887720643650e-03 -1.201118961762547011e-02
1.460000000000000082e-05 9.551217637814357619e-03 -1.200008003826876987e-02
1.462000000000000063e-05 9.613371824271634350e-03 -1.199425886403890015e-02
1.464000000000000044e-05 9.726903660714922295e-03 -1.200697979776825866e-02
1.466000000000000025e-05 9.769904619650979227e-03 -1.200999282566851678e-02
1.468000000000000006e-05 9.854777733405407913e-03 -1.200602138851746860e-02
1.469999999999999986e-05 9.940584029297518109e-03 -1.200151615327713604e-02
1.471999999999999967e-05 1.002738650921341200e-02 -1.198115886208489349e-02
1.473999999999999948e-05 1.012076294742381664e-02 -1.195041842707542795e-02
1.476000000000000098e-05 1.019582140254153210e-02 -1.193142239624645808e-02
1.478000000000000079e-05 1.030673742449136378e-02 -1.192860367832580468e-02
1.480000000000000060e-05 1.040385844881230697e-02 -1.189247295347108102e-02
1.482000000000000041e-05 1.049718678405592992e-02 -1.194250931749929467e-02
1.484000000000000022e-05 1.058466659345758294e-02 -1.196799467495910166e-02
1.486000000000000003e-05 1.067259339182558518e-02 -1.199265631698569722e-02
1.487999999999999983e-05 1.075883415175320733e-02 -1.200148425209134062e-02
1.489999999999999964e-05 1.084563895651598393e-02 -1.201031218719698750e-02
1.492000000000000115e-05 1.093290502233237177e-02 -1.201908760701128794e-02
1.494000000000000095e-05 1.101159539354552332e-02 -1.202319326208129910e-02
1.496000000000000076e-05 1.109084980959384320e-02 -1.202729891715130853e-02
1.498000000000000057e-05 1.117195698587387237e-02 -1.203782599325809409e-02
1.500000000000000038e-05 1.125510017968798029e-02 -1.205568762630397465e-02
1.502000000000000019e-05 1.133880741833726523e-02 -1.207354925934985002e-02
1.504000000000000000e-05 1.139558861880064951e-02 -1.209102861684331620e-02
1.505999999999999981e-05 1.145985869268612012e-02 -1.210275841392415702e-02
1.507999999999999961e-05 1.150754815811133071e-02 -1.212493270464260094e-02
1.510000000000000112e-05 1.158109811471997284e-02 -1.218569284848996029e-02
1.512000000000000093e-05 1.163457631104378512e-02 -1.222877161952380838e-02
1.514000000000000073e-05 1.162278846075586597e-02 -1.219424411698580464e-02
1.516000000000000054e-05 1.165758642109615030e-02 -1.220838124903049493e-02
1.518000000000000035e-05 1.174815997542575340e-02 -1.220688438498498604e-02
1.520000000000000016e-05 1.180122366536263089e-02 -1.220878122981350171e-02
1.521999999999999997e-05 1.184378539884004163e-02 -1.218120981467542621e-02
1.523999999999999978e-05 1.189508924154546003e-02 -1.215862186301579217e-02
1.525999999999999958e-05 1.202637020835892537e-02 -1.208791281935225372e-02
1.527999999999999939e-05 1.212213434177472106e-02 -1.198752064703420203e-02
1.529999999999999920e-05 1.225896969682562822e-02 -1.191716797333969464e-02
1.531999999999999901e-05 1.239968293132285952e-02 -1.184613341133267106e-02
1.533999999999999882e-05 1.254125112395001497e-02 -1.179521510784272559e-02
1.536000000000000202e-05 1.268844932405198064e-02 -1.174227646270761122e-02
1.538000000000000182e-05 1.275571469786900523e-02 -1.166938075756170090e-02
1.540000000000000163e-05 1.289393403361411596e-02 -1.160142802570503402e-02
1.542000000000000144e-05 1.301070575141543423e-02 -1.153079435871487944e-02
1.544000000000000125e-05 1.312449938918332400e-02 -1.142992923966153380e-02
1.546000000000000106e-05 1.322988070160263478e-02 -1.132184249463465131e-02
1.548000000000000087e-05 1.332329734638323243e-02 -1.119697860594987687e-02
1.550000000000000068e-05 1.340917330327446449e-02 -1.107031409879501854e-02
1.552000000000000048e-05 1.346577251519729367e-02 -1.104797320611050800e-02
1.554000000000000029e-05 1.356105460256475971e-02 -1.096267299433304442e-02
1.556000000000000010e-05 1.365690073476740797e-02 -1.084327286253590483e-02
1.557999999999999991e-05 1.375727018550945528e-02 -1.071557889587609197e-02
1.559999999999999972e-05 1.382438173268705703e-02 -1.058525853719422156e-02
1.561999999999999953e-05 1.389045755860075261e-02 -1.045477092891063456e-02
1.563999999999999933e-05 1.395709742934960786e-02 -1.032428332062706317e-02
1.565999999999999914e-05 1.402787113066497095e-02 -1.021195858983469686e-02
1.567999999999999895e-05 1.404770537851570203e-02 -1.008771218310016565e-02
1.569999999999999876e-05 1.406191330782392487e-02 -9.966037152422757214e-03
1.572000000000000196e-05 1.408040816757543702e-02 -9.842494766966306680e-03
1.574000000000000177e-05 1.410506212968785922e-02 -9.752402228116347285e-03
1.576000000000000157e-05 1.415232383219032497e-02 -9.647445209257376336e-03
1.578000000000000138e-05 1.417284272859264775e-02 -9.565450774249530455e-03
1.580000000000000119e-05 1.421643180246472821e-02 -9.459267109700832121e-03
1.582000000000000100e-05 1.425240326935645237e-02 -9.363851723316813855e-03
1.584000000000000081e-05 1.429367750498696660e-02 -9.265423604714993419e-03
1.586000000000000062e-05 1.431219779493611045e-02 -9.164856780400375269e-03
1.588000000000000042e-05 1.437693909949638686e-02 -9.077016770167652127e-03
1.590000000000000023e-05 1.442099497390604036e-02 -8.982408194742035751e-03
1.592000000000000004e-05 1.446545846083755263e-02 -8.897823003721109375e-03
1.593999999999999985e-05 1.450804640192825644e-02 -8.783088620853545317e-03
1.595999999999999966e-05 1.454007178742926579e-02 -8.663421658071029235e-03
1.597999999999999947e-05 1.458510635138682981e-02 -8.550989419184579568e-03
1.599999999999999928e-05 1.451686307939922468e-02 -8.417733506565945600e-03
1.601999999999999908e-05 1.452621226021764966e-02 -8.297741005452401522e-03
1.603999999999999889e-05 1.453234680498140426e-02 -8.176047609072709457e-03
1.605999999999999870e-05 1.455249217955545925e-02 -8.047556530117905282e-03
1.608000000000000190e-05 1.458165428279357967e-02 -7.927532664914877653e-03
1.610000000000000171e-05 1.458681009290263043e-02 -7.831011758110130797e-03
1.612000000000000152e-05 1.460229606577855867e-02 -7.715786658555181393e-03
1.614000000000000132e-05 1.457319713326264699e-02 -7.618986123067038665e-03
1.616000000000000113e-05 1.457976521567806369e-02 -7.500287759821932382e-03
1.618000000000000094e-05 1.463787976163196877e-02 -7.410233605748309596e-03
1.620000000000000075e-05 1.463475181225659151e-02 -7.423817777069140894e-03
1.622000000000000056e-05 1.462199945464020406e-02 -7.337993546395316265e-03
1.624000000000000037e-05 1.459145009539541266e-02 -7.251948955250681755e-03
1.626000000000000017e-05 1.456146478098578265e-02 -7.203547211765676424e-03
1.627999999999999998e-05 1.453204351141131057e-02 -7.155145468280665021e-03
1.629999999999999979e-05 1.450318628667201203e-02 -7.138474205139745156e-03
1.631999999999999960e-05 1.447489310676786968e-02 -7.110488485376046525e-03
1.633999999999999941e-05 1.442499049162297362e-02 -7.067505288722996867e-03
1.635999999999999922e-05 1.440276780479352384e-02 -7.044875762222364141e-03
1.637999999999999903e-05 1.437482180595766462e-02 -6.998948079947970614e-03
1.639999999999999883e-05 1.433868508437684611e-02 -7.011223356145073957e-03
1.642000000000000203e-05 1.426472717199098704e-02 -7.008164857349227957e-03
1.644000000000000184e-05 1.422791919619143843e-02 -6.990694089967500018e-03
1.646000000000000165e-05 1.400135439668533273e-02 -6.927073835563172209e-03
1.648000000000000146e-05 1.389999829836253455e-02 -6.888114175244923476e-03
1.650000000000000127e-05 1.377762748937169136e-02 -6.845000322605898982e-03
1.652000000000000107e-05 1.366789513338609839e-02 -6.801886469966880559e-03
1.654000000000000088e-05 1.355391700385143519e-02 -6.760225219617829046e-03
1.656000000000000069e-05 1.342339120147860096e-02 -6.723731840130431521e-03
1.658000000000000050e-05 1.327076946352765026e-02 -6.687238460643022721e-03
1.660000000000000031e-05 1.313651659370832295e-02 -6.644317361745985875e-03
1.662000000000000012e-05 1.300913166958560588e-02 -6.607545917306444604e-03
1.663999999999999992e-05 1.288250167193185497e-02 -6.570866399665094282e-03
1.665999999999999973e-05 1.276542505017617089e-02 -6.529516705147395302e-03
1.667999999999999954e-05 1.264645664828565295e-02 -6.489526110770107298e-03
1.669999999999999935e-05 1.252795373780276472e-02 -6.436112974021170920e-03
1.671999999999999916e-05 1.248080128440159746e-02 -6.382152264735887169e-03
1.673999999999999897e-05 1.242922351180992743e-02 -6.302118900104565317e-03
1.675999999999999878e-05 1.238071907085255136e-02 -6.251108144471080076e-03
1.678000000000000197e-05 1.232905537387674923e-02 -6.204181057784747058e-03
1.680000000000000178e-05 1.228715569327420466e-02 -6.154664764033550631e-03
1.682000000000000159e-05 1.225140141001154238e-02 -6.107276058006470311e-03
1.684000000000000140e-05 1.220801839515111599e-02 -6.073030718886103518e-03
1.686000000000000121e-05 1.218030994539263598e-02 -6.030002508702313364e-03
1.688000000000000101e-05 1.215398974171144099e-02 -5.976248575358581068e-03
1.690000000000000082e-05 1.214644412864461509e-02 -5.934716510635290598e-03
1.692000000000000063e-05 1.206807684598676378e-02 -5.935679458363870425e-03
1.694000000000000044e-05 1.203318577498136734e-02 -5.917085429604603507e-03
1.696000000000000025e-05 1.200088021746513293e-02 -5.894453540819419649e-03
1.698000000000000006e-05 1.193476760533727921e-02 -5.861654567261409716e-03
1.699999999999999987e-05 1.184480749213982775e-02 -5.821916718305335248e-03
1.701999999999999967e-05 1.172298329399251195e-02 -5.792771071409670222e-03
1.703999999999999948e-05 1.163385429873800211e-02 -5.756811119462189839e-03
1.705999999999999929e-05 1.151275158493161518e-02 -5.726706928409680541e-03
1.707999999999999910e-05 1.131501080160857327e-02 -5.730715420345631507e-03
1.709999999999999891e-05 1.115946948751248176e-02 -5.699802301858489066e-03
1.711999999999999872e-05 1.102186642123110724e-02 -5.673841025857773168e-03
1.714000000000000191e-05 1.088349040279343836e-02 -5.647834643270121212e-03
1.716000000000000172e-05 1.075236105537533300e-02 -5.628405505301168482e-03
1.718000000000000153e-05 1.063444660466903932e-02 -5.592850735002225654e-03
1.720000000000000134e-05 1.051905902409458818e-02 -5.554886267707697355e-03
1.722000000000000115e-05 1.041149246471211043e-02 -5.518926326273288288e-03
1.724000000000000096e-05 1.031284337420972780e-02 -5.490982143803824905e-03
1.726000000000000076e-05 1.021864575575742555e-02 -5.420183327306173776e-03
1.728000000000000057e-05 1.013999335085078932e-02 -5.399660923923719352e-03
1.730000000000000038e-05 1.007753041523473669e-02 -5.359320497858577163e-03
1.732000000000000019e-05 1.000137495356767485e-02 -5.312207853537536002e-03
1.734000000000000000e-05 9.924346284574132177e-03 -5.299092504385103167e-03
1.735999999999999981e-05 9.853062095142113910e-03 -5.276559825854529838e-03
1.737999999999999962e-05 9.785038623484770132e-03 -5.254679616325744727e-03
1.739999999999999942e-05 9.721742069516241952e-03 -5.244557066796265953e-03
1.741999999999999923e-05 9.660543435498396628e-03 -5.254297587157362448e-03
1.743999999999999904e-05 9.603230051763122360e-03 -5.271864120123814779e-03
1.745999999999999885e-05 9.528507122610212210e-03 -5.294648070496026440e-03
1.748000000000000205e-05 9.454348238292472131e-03 -5.317432020868233765e-03
1.750000000000000186e-05 9.373654700041174695e-03 -5.345658842013131622e-03
1.752000000000000166e-05 9.292804980875929086e-03 -5.374437890517919092e-03
1.754000000000000147e-05 9.212519306545848344e-03 -5.403216939022701358e-03
1.756000000000000128e-05 9.133723127170761610e-03 -5.431913091346543196e-03
1.758000000000000109e-05 9.056410851522171332e-03 -5.471499967617172479e-03
1.760000000000000090e-05 9.025004093427850191e-03 -5.515084857677001427e-03
1.762000000000000071e-05 8.972897963773757493e-03 -5.556304763956405705e-03
1.764000000000000051e-05 8.782046781324093915e-03 -5.618883155495267567e-03
1.766000000000000032e-05 8.677606060750412548e-03 -5.672056903454370316e-03
1.768000000000000013e-05 8.585273162394187543e-03 -5.719212557663302249e-03
1.769999999999999994e-05 8.500110305889348530e-03 -5.749488229977390945e-03
1.771999999999999975e-05 8.431685613354927139e-03 -5.748378180556208174e-03
1.773999999999999956e-05 8.384607968397031486e-03 -5.751094014403827955e-03
1.775999999999999937e-05 8.339882921387207701e-03 -5.767135618120624620e-03
1.777999999999999917e-05 8.295525724947875809e-03 -5.783675056294530076e-03
1.779999999999999898e-05 8.245615797959165300e-03 -5.800926179242369730e-03
1.781999999999999879e-05 8.190156260935894939e-03 -5.843455714096767832e-03
1.784000000000000199e-05 8.135260768747789445e-03 -5.885985248951164199e-03
1.786000000000000180e-05 8.080929321394843615e-03 -5.928514783805554494e-03
1.788000000000000160e-05 8.027161918877071325e-03 -5.956570305563868920e-03
1.790000000000000141e-05 7.985343096133830712e-03 -5.991973267418583202e-03
1.792000000000000122e-05 7.962733867789782358e-03 -6.027764082406943807e-03
1.794000000000000103e-05 7.949642203833307691e-03 -6.061626724384126981e-03
1.796000000000000084e-05 7.946551953316257147e-03 -6.113884157190650238e-03
1.798000000000000065e-05 7.944025747634378409e-03 -6.166141589997171761e-03
1.800000000000000046e-05 7.942063586787655866e-03 -6.218399022803697621e-03
1.802000000000000026e-05 7.939948928920789739e-03 -6.227286874290629756e-03
1.804000000000000007e-05 7.927664699714570204e-03 -6.227360109141284045e-03
1.805999999999999988e-05 7.879722033368407458e-03 -6.227121936395954224e-03
1.807999999999999969e-05 7.879615193414058610e-03 -6.198025701570345457e-03
1.809999999999999950e-05 7.886867482320779332e-03 -6.157901084790617582e-03
1.811999999999999931e-05 7.920882749133984629e-03 -6.122931341835704568e-03
1.813999999999999912e-05 7.958855290499979029e-03 -6.078473776969020408e-03
1.815999999999999892e-05 8.023148442421842996e-03 -6.052314620855640814e-03
1.817999999999999873e-05 8.125330800717003171e-03 -6.084012291333072003e-03
1.820000000000000193e-05 8.175547395583508681e-03 -6.075209069178553328e-03
1.822000000000000174e-05 8.227151190730041391e-03 -6.069263997091869228e-03
1.824000000000000155e-05 8.279319030711744173e-03 -6.063318925005183394e-03
1.826000000000000135e-05 8.334962278929401724e-03 -6.061781133479724262e-03
1.828000000000000116e-05 8.388792224263634523e-03 -6.075465301635825204e-03
1.830000000000000097e-05 8.443186214433035658e-03 -6.089149469791934818e-03
1.832000000000000078e-05 8.497581352583629538e-03 -6.103188494695432897e-03
1.834000000000000059e-05 8.547208926859378025e-03 -6.127234788001638399e-03
1.836000000000000040e-05 8.612733192932901446e-03 -6.140328383597246434e-03
1.838000000000000021e-05 8.663255766838269881e-03 -6.148114654584964020e-03
1.840000000000000001e-05 8.711626016956677473e-03 -6.154569795062661032e-03
1.841999999999999982e-05 8.772441609030512399e-03 -6.174256438315266389e-03
1.843999999999999963e-05 8.758807022342982029e-03 -6.196397635176615487e-03
1.845999999999999944e-05 8.734165339525283220e-03 -6.189599782806920469e-03
1.847999999999999925e-05 8.749536773936887266e-03 -6.169149703884569194e-03
1.849999999999999906e-05 8.773220596317729547e-03 -6.157363540315739098e-03
1.851999999999999887e-05 8.764648808966999174e-03 -6.166718767839549607e-03
1.854000000000000206e-05 8.746459874885665481e-03 -6.160077065968394723e-03
1.856000000000000187e-05 8.736250838248596495e-03 -6.167811672515993021e-03
1.858000000000000168e-05 8.726605846446695847e-03 -6.170396728243821016e-03
1.860000000000000149e-05 8.705706336160459399e-03 -6.158717439128599987e-03
1.862000000000000130e-05 8.640262159892496061e-03 -6.187855686569167755e-03
1.864000000000000110e-05 8.579320440644341850e-03 -6.206567965925360170e-03
1.866000000000000091e-05 8.525978262712433434e-03 -6.219684813062593444e-03
1.868000000000000072e-05 8.446368815120680260e-03 -6.240935880945448072e-03
1.870000000000000053e-05 8.365822664573939471e-03 -6.226619955312586926e-03
1.872000000000000034e-05 8.302287333299806366e-03 -6.200475844661654419e-03
1.874000000000000015e-05 8.228468925449886062e-03 -6.180905286167217953e-03
1.875999999999999996e-05 8.154282567337793608e-03 -6.160285782959742766e-03
1.877999999999999976e-05 8.080660254060862552e-03 -6.139666279752258038e-03
1.879999999999999957e-05 8.001932608590533666e-03 -6.096275119214697967e-03
1.881999999999999938e-05 7.890581264419218102e-03 -6.021896045251313653e-03
1.883999999999999919e-05 7.796682035131623396e-03 -5.919195140433899244e-03
1.885999999999999900e-05 7.646483392112442268e-03 -5.828397322677916423e-03
1.887999999999999881e-05 7.490919992980185453e-03 -5.744251315473163783e-03
1.890000000000000200e-05 7.302946581278287053e-03 -5.609788894220635140e-03
1.892000000000000181e-05 7.135835777106080101e-03 -5.470157308515692825e-03
1.894000000000000162e-05 6.964890107563819453e-03 -5.349576906689011181e-03
1.896000000000000143e-05 6.828046064836346303e-03 -5.207574025524483972e-03
1.898000000000000124e-05 6.721126220279662576e-03 -5.063000215843774070e-03
1.900000000000000105e-05 6.672614138876276253e-03 -5.005262684448874219e-03
1.902000000000000085e-05 6.572907704107948390e-03 -4.897362180224364668e-03
1.904000000000000066e-05 6.469947010160819433e-03 -4.789821589294794048e-03
1.906000000000000047e-05 6.379243105447261752e-03 -4.723148432425783479e-03
1.908000000000000028e-05 6.291217722302289150e-03 -4.641575754718063433e-03
1.910000000000000009e-05 6.190783003188526749e-03 -4.567022970525167619e-03
1.911999999999999990e-05 6.097430582152459089e-03 -4.499645567355929632e-03
1.913999999999999971e-05 5.985468846915589607e-03 -4.432861034917769810e-03
1.915999999999999951e-05 5.895555439349278552e-03 -4.337582749682076383e-03
1.917999999999999932e-05 5.802055378972115381e-03 -4.261390090238097693e-03
1.919999999999999913e-05 5.709119363430116209e-03 -4.198026579856631128e-03
1.921999999999999894e-05 5.616747392723272364e-03 -4.134663069475166298e-03
1.923999999999999875e-05 5.547063730908070693e-03 -4.062172699535859972e-03
1.926000000000000194e-05 5.495437906231059530e-03 -3.993846858478869270e-03
1.928000000000000175e-05 5.438516561475710553e-03 -3.927418542561080493e-03
1.930000000000000156e-05 5.392568213920872697e-03 -3.906777777341640875e-03
1.932000000000000137e-05 5.342753932761369444e-03 -3.803129426741911484e-03
1.934000000000000118e-05 5.290143629320465286e-03 -3.733261929944324976e-03
1.936000000000000099e-05 5.231572351327482169e-03 -3.674347041659085152e-03
1.938000000000000080e-05 5.186084901180596819e-03 -3.601796769381453503e-03
1.940000000000000060e-05 5.140298365900102494e-03 -3.529947944408904238e-03
1.942000000000000041e-05 5.095075875454767832e-03 -3.458099119436361911e-03
1.944000000000000022e-05 5.049049888945935857e-03 -3.387176037532053843e-03
1.946000000000000003e-05 5.014216542227709940e-03 -3.305637937398528750e-03
1.947999999999999984e-05 4.995900059170113421e-03 -3.236526657625953245e-03
1.949999999999999965e-05 4.972827275103600467e-03 -3.164256361515296271e-03
1.951999999999999946e-05 4.946856429074449925e-03 -3.090669696451477967e-03
1.953999999999999926e-05 4.927571584747427944e-03 -2.995750425735761464e-03
1.955999999999999907e-05 4.928280674738320932e-03 -2.876554703459803779e-03
1.957999999999999888e-05 4.924382785757959284e-03 -2.795431477388929734e-03
1.960000000000000208e-05 4.917329735662077060e-03 -2.719523146977964687e-03
1.962000000000000189e-05 4.898037503696953988e-03 -2.650361200260795743e-03
1.964000000000000169e-05 4.879309316567004458e-03 -2.581199253543615523e-03
1.966000000000000150e-05 4.840087631079853167e-03 -2.530761457089289890e-03
1.968000000000000131e-05 4.802447568083628368e-03 -2.466887808380167132e-03
1.970000000000000112e-05 4.774789063150708390e-03 -2.410820765379715486e-03
1.972000000000000093e-05 4.740293284046888031e-03 -2.363440451982041710e-03
1.974000000000000074e-05 4.653802997611347116e-03 -2.268131335103387367e-03
1.976000000000000055e-05 4.655868231355960937e-03 -2.153948325681302820e-03
1.978000000000000035e-05 4.628813606020834928e-03 -2.078632646135436350e-03
1.980000000000000016e-05 4.598561573948719422e-03 -1.996387725044064358e-03
1.981999999999999997e-05 4.569617849901929860e-03 -1.914505884554460434e-03
1.983999999999999978e-05 4.546128192630878237e-03 -1.838354122100407419e-03
1.985999999999999959e-05 4.512956946266641692e-03 -1.782098604996711338e-03
1.987999999999999940e-05 4.482720169461510730e-03 -1.718048139913608274e-03
1.989999999999999921e-05 4.452653953581078676e-03 -1.644126125054303812e-03
1.991999999999999901e-05 4.432321717523932982e-03 -1.558623001753209857e-03
1.993999999999999882e-05 4.419081995865182036e-03 -1.472601560113440036e-03
1.996000000000000202e-05 4.444614751444508557e-03 -1.389158039807514202e-03
1.998000000000000183e-05 4.453970002119697451e-03 -1.287206362693067360e-03
