9.000000000000000567e-05 1.010247494428964110e-01 4.895749438258095027e-02 8.836947291785525460e-02 0.000000000000000000e+00
5.000000000000000240e-05 7.246089736336806808e-02 3.878233432078105614e-02 6.120875910632178618e-02 0.000000000000000000e+00
1.000000000000000082e-05 1.449217947267361466e-02 7.756466864156211054e-03 1.224175182126435724e-02 0.000000000000000000e+00
1.000000000000000082e-05 1.325740968885319969e-02 6.381866444292274773e-03 1.162027075180759213e-02 0.000000000000000000e+00
1.100000000000000039e-04 1.458315065773851948e-01 7.020053088721502077e-02 1.278229782698835082e-01 0.000000000000000000e+00
9.000000000000000567e-05 1.058703682740894242e-01 8.831989318718930226e-02 5.837920302551922319e-02 0.000000000000000000e+00
1.700000000000000122e-04 1.999773622955022256e-01 1.668264649091353302e-01 1.102718279370918653e-01 0.000000000000000000e+00
1.000000000000000082e-05 1.176337425267660192e-02 9.813321465243255229e-03 6.486578113946579391e-03 0.000000000000000000e+00
3.000000000000000415e-05 3.529012275802980575e-02 2.943996439572976742e-02 1.945973434183973644e-02 0.000000000000000000e+00
1.000000000000000082e-05 1.176337425267660192e-02 9.813321465243255229e-03 6.486578113946579391e-03 0.000000000000000000e+00
1.100000000000000039e-04 1.293971167794426280e-01 1.079465361176758231e-01 7.135235925341237850e-02 0.000000000000000000e+00
1.000000000000000082e-05 1.176337425267660192e-02 9.813321465243255229e-03 6.486578113946579391e-03 0.000000000000000000e+00
1.000000000000000082e-05 1.176337425267660192e-02 9.813321465243255229e-03 6.486578113946579391e-03 0.000000000000000000e+00
3.000000000000000415e-05 3.529012275802980575e-02 2.943996439572976742e-02 1.945973434183973644e-02 0.000000000000000000e+00
1.000000000000000048e-04 1.176337425267660330e-01 9.813321465243256270e-02 6.486578113946579738e-02 0.000000000000000000e+00
1.000000000000000082e-05 1.176337425267660192e-02 9.813321465243255229e-03 6.486578113946579391e-03 0.000000000000000000e+00
9.000000000000000567e-05 6.480646167168720162e-02 1.691878085347576707e-02 6.255903075364838140e-02 0.000000000000000000e+00
2.500000000000000052e-04 2.238493201517618714e-01 2.125037294505723595e-01 7.036109082443169072e-02 0.000000000000000000e+00
1.000000000000000082e-05 8.953972806070478740e-03 8.500149178022898752e-03 2.814443632977267629e-03 0.000000000000000000e+00
4.000000000000000327e-05 4.715803283377881239e-02 2.473972789058381805e-02 4.014755191355545011e-02 0.000000000000000000e+00
6.000000000000000830e-05 7.972194833930984492e-02 1.543539981566083123e-02 7.821340984477205549e-02 0.000000000000000000e+00
4.000000000000000327e-05 5.314796555953990587e-02 1.029026654377388807e-02 5.214227322984803931e-02 0.000000000000000000e+00
1.000000000000000082e-05 1.328699138988497647e-02 2.572566635943472017e-03 1.303556830746200983e-02 0.000000000000000000e+00
4.000000000000000327e-05 5.314796555953990587e-02 1.029026654377388807e-02 5.214227322984803931e-02 0.000000000000000000e+00
1.000000000000000082e-05 1.328699138988497647e-02 2.572566635943472017e-03 1.303556830746200983e-02 0.000000000000000000e+00
1.000000000000000082e-05 1.381099136015185094e-02 1.705346951945152425e-03 1.370530094976686250e-02 0.000000000000000000e+00
9.000000000000000567e-05 1.242989222413666689e-01 1.534812256750637399e-02 1.233477085479017799e-01 0.000000000000000000e+00
1.300000000000000157e-04 4.775402048569352825e-02 4.573596172241351648e-02 1.373565716935169594e-02 0.000000000000000000e+00
1.000000000000000082e-05 3.673386191207194448e-03 3.518150901724116653e-03 1.056589013027053534e-03 0.000000000000000000e+00
1.000000000000000082e-05 3.673386191207194448e-03 3.518150901724116653e-03 1.056589013027053534e-03 0.000000000000000000e+00
1.000000000000000082e-05 3.673386191207194448e-03 3.518150901724116653e-03 1.056589013027053534e-03 0.000000000000000000e+00
1.000000000000000082e-05 3.673386191207194448e-03 3.518150901724116653e-03 1.056589013027053534e-03 0.000000000000000000e+00
1.000000000000000082e-05 3.673386191207194448e-03 3.518150901724116653e-03 1.056589013027053534e-03 0.000000000000000000e+00
1.200000000000000166e-04 4.408063429448633164e-02 4.221781082068939983e-02 1.267906815632464240e-02 0.000000000000000000e+00
1.000000000000000082e-05 3.673386191207194448e-03 3.518150901724116653e-03 1.056589013027053534e-03 0.000000000000000000e+00
2.000000000000000164e-05 1.685432922085292398e-02 1.227780767079019765e-02 1.154659483501443810e-02 0.000000000000000000e+00
1.000000000000000082e-05 8.427164610426461991e-03 6.138903835395098825e-03 5.773297417507219052e-03 0.000000000000000000e+00
1.000000000000000082e-05 8.427164610426461991e-03 6.138903835395098825e-03 5.773297417507219052e-03 0.000000000000000000e+00
1.000000000000000082e-05 8.427164610426461991e-03 6.138903835395098825e-03 5.773297417507219052e-03 0.000000000000000000e+00
2.400000000000000332e-04 2.022519506502350739e-01 1.473336920494823787e-01 1.385591380201732226e-01 0.000000000000000000e+00
1.000000000000000082e-05 8.427164610426461991e-03 6.138903835395098825e-03 5.773297417507219052e-03 0.000000000000000000e+00
1.500000000000000140e-04 1.264074691563969455e-01 9.208355753092650753e-02 8.659946126260828492e-02 0.000000000000000000e+00
1.000000000000000082e-05 8.427164610426461991e-03 6.138903835395098825e-03 5.773297417507219052e-03 0.000000000000000000e+00
1.000000000000000082e-05 8.058299180632447906e-03 6.429751611251369008e-03 4.857414940294067437e-03 0.000000000000000000e+00
1.000000000000000082e-05 1.393740663426352999e-02 1.032187716067135656e-02 9.365370017720820936e-03 0.000000000000000000e+00
3.800000000000000209e-04 5.296214521020138344e-01 3.922313321055112545e-01 3.558840606733909007e-01 0.000000000000000000e+00
1.000000000000000082e-05 1.393740663426352999e-02 1.032187716067135656e-02 9.365370017720820936e-03 0.000000000000000000e+00
1.600000000000000131e-04 1.471161505811451331e-01 4.571277540155424535e-02 1.398338439967278801e-01 0.000000000000000000e+00
1.100000000000000039e-04 1.011423535245372790e-01 3.142753308856853500e-02 9.613576774775041411e-02 0.000000000000000000e+00
4.000000000000000327e-05 3.677903764528627634e-02 1.142819385038855960e-02 3.495846099918196309e-02 0.000000000000000000e+00
1.000000000000000082e-05 9.194759411321569084e-03 2.857048462597139901e-03 8.739615249795490773e-03 0.000000000000000000e+00
1.100000000000000039e-04 1.589787235958555478e-01 1.578773945266415957e-01 1.868054746645814515e-02 0.000000000000000000e+00
1.000000000000000082e-05 1.445261123598686956e-02 1.435249041151287312e-02 1.698231587859831259e-03 0.000000000000000000e+00
1.000000000000000082e-05 1.445261123598686956e-02 1.435249041151287312e-02 1.698231587859831259e-03 0.000000000000000000e+00
1.000000000000000082e-05 1.445261123598686956e-02 1.435249041151287312e-02 1.698231587859831259e-03 0.000000000000000000e+00
1.000000000000000082e-05 2.117144153413233129e-02 1.525157706714595079e-02 1.468398221185558856e-02 0.000000000000000000e+00
3.000000000000000415e-05 6.351432460239700428e-02 4.575473120143785238e-02 4.405194663556676743e-02 0.000000000000000000e+00
3.000000000000000415e-05 6.351432460239700428e-02 4.575473120143785238e-02 4.405194663556676743e-02 0.000000000000000000e+00
4.000000000000000327e-05 8.468576613652932517e-02 6.100630826858380318e-02 5.873592884742235426e-02 0.000000000000000000e+00
2.000000000000000164e-05 4.234288306826466258e-02 3.050315413429190159e-02 2.936796442371117713e-02 0.000000000000000000e+00
4.000000000000000327e-05 6.975313215659793842e-02 2.079169087676428773e-02 6.658231774383416290e-02 0.000000000000000000e+00
2.300000000000000070e-04 2.076410215784236513e-01 2.046893022783398131e-01 3.488672204346264516e-02 0.000000000000000000e+00
1.000000000000000082e-05 9.027870503409723968e-03 8.899534881666948394e-03 1.516814001889679612e-03 0.000000000000000000e+00
1.000000000000000082e-05 9.027870503409723968e-03 8.899534881666948394e-03 1.516814001889679612e-03 0.000000000000000000e+00
1.000000000000000082e-05 9.027870503409723968e-03 8.899534881666948394e-03 1.516814001889679612e-03 0.000000000000000000e+00
1.000000000000000082e-05 9.027870503409723968e-03 8.899534881666948394e-03 1.516814001889679612e-03 0.000000000000000000e+00
1.900000000000000105e-04 1.715295395647847554e-01 1.690911627516720195e-01 2.881946603590392411e-02 0.000000000000000000e+00
1.200000000000000166e-04 1.083344460409166737e-01 1.067944185800033807e-01 1.820176802267615621e-02 0.000000000000000000e+00
2.000000000000000164e-05 1.805574100681944794e-02 1.779906976333389679e-02 3.033628003779359223e-03 0.000000000000000000e+00
1.000000000000000082e-05 9.027870503409723968e-03 8.899534881666948394e-03 1.516814001889679612e-03 0.000000000000000000e+00
1.000000000000000082e-05 9.027870503409723968e-03 8.899534881666948394e-03 1.516814001889679612e-03 0.000000000000000000e+00
7.000000000000000742e-05 6.319509352386805390e-02 6.229674417166863876e-02 1.061769801322775750e-02 0.000000000000000000e+00
1.000000000000000082e-05 9.027870503409723968e-03 8.899534881666948394e-03 1.516814001889679612e-03 0.000000000000000000e+00
1.000000000000000082e-05 9.027870503409723968e-03 8.899534881666948394e-03 1.516814001889679612e-03 0.000000000000000000e+00
2.400000000000000332e-04 2.166688920818333752e-01 2.135888371600067615e-01 3.640353604535232629e-02 0.000000000000000000e+00
1.300000000000000157e-04 1.952962131758507192e-01 4.367470317952930337e-02 1.903500228080031997e-01 0.000000000000000000e+00
1.000000000000000082e-05 1.502278562891159498e-02 3.359592552271483974e-03 1.464230944676947997e-02 0.000000000000000000e+00
1.000000000000000082e-05 1.502278562891159498e-02 3.359592552271483974e-03 1.464230944676947997e-02 0.000000000000000000e+00
3.600000000000000227e-04 5.048968681019879723e-01 5.045019399255940007e-01 1.996597181478042618e-02 0.000000000000000000e+00
1.000000000000000082e-05 1.402491300283300636e-02 1.401394277571095179e-02 5.546103281883454006e-04 0.000000000000000000e+00
1.400000000000000148e-04 7.527361886543695868e-02 6.060085167283842805e-02 4.465035804588472768e-02 0.000000000000000000e+00
1.000000000000000082e-05 5.376687061816924629e-03 4.328632262345600765e-03 3.189311288991765643e-03 0.000000000000000000e+00
5.000000000000000240e-05 2.779276770090830309e-02 2.581374022215528891e-02 1.029993942796431777e-02 0.000000000000000000e+00
5.000000000000000240e-05 5.829185617596825686e-02 4.246049433827483316e-02 3.993803847197680695e-02 0.000000000000000000e+00
1.400000000000000148e-04 9.659353363093506339e-02 1.389585766545506362e-02 9.558878532051758026e-02 0.000000000000000000e+00
1.000000000000000082e-05 6.899538116495360432e-03 9.925612618182184585e-04 6.827770380036968408e-03 0.000000000000000000e+00
3.300000000000000524e-04 2.075481086388175633e-01 1.783172412808095020e-01 1.062034785755720523e-01 0.000000000000000000e+00
1.000000000000000082e-05 6.289336625418712884e-03 5.403552766085133532e-03 3.218287229562791750e-03 0.000000000000000000e+00
3.000000000000000415e-05 2.302120374770139088e-02 1.104954440960728701e-02 2.019612315107275485e-02 0.000000000000000000e+00
1.000000000000000082e-05 7.673734582567130584e-03 3.683181469869095670e-03 6.732041050357585529e-03 0.000000000000000000e+00
1.000000000000000048e-04 3.380751564246474439e-02 2.428862113821004046e-02 2.351618585400265873e-02 0.000000000000000000e+00
6.000000000000000830e-05 2.028450938547884594e-02 1.457317268292602185e-02 1.410971151240159559e-02 0.000000000000000000e+00
2.100000000000000087e-04 7.099578284917594517e-02 5.100610439024109294e-02 4.938399029340555940e-02 0.000000000000000000e+00
7.000000000000000742e-05 7.065019746295027325e-02 6.727858672943362595e-02 2.156483640661211940e-02 0.000000000000000000e+00
1.000000000000000082e-05 1.009288535185003978e-02 9.611226675633374392e-03 3.080690915230303081e-03 0.000000000000000000e+00
1.000000000000000082e-05 4.697327423252872260e-03 6.669243850582495305e-06 4.697322688769628440e-03 0.000000000000000000e+00
5.900000000000000296e-04 2.771423179719195717e-01 3.934853871843677965e-04 2.771420386374081613e-01 0.000000000000000000e+00
1.000000000000000082e-05 4.697327423252872260e-03 6.669243850582495305e-06 4.697322688769628440e-03 0.000000000000000000e+00
1.700000000000000122e-04 4.948511199153549783e-02 2.108194659700533824e-02 4.476972008507340561e-02 0.000000000000000000e+00
2.000000000000000164e-05 5.821777881357115096e-03 2.480229011412393193e-03 5.267025892361575090e-03 0.000000000000000000e+00
1.000000000000000082e-05 2.910888940678557548e-03 1.240114505706196597e-03 2.633512946180787545e-03 0.000000000000000000e+00
3.000000000000000415e-05 8.732666822035672211e-03 3.720343517118589790e-03 7.900538838542362635e-03 0.000000000000000000e+00
1.000000000000000082e-05 2.910888940678557548e-03 1.240114505706196597e-03 2.633512946180787545e-03 0.000000000000000000e+00
1.200000000000000166e-04 3.493066728814268884e-02 1.488137406847435569e-02 3.160215535416945054e-02 0.000000000000000000e+00
1.000000000000000082e-05 2.910888940678557548e-03 1.240114505706196597e-03 2.633512946180787545e-03 0.000000000000000000e+00
2.500000000000000052e-04 7.277222351696398250e-02 3.100286264265490754e-02 6.583782365451973373e-02 0.000000000000000000e+00
1.000000000000000082e-05 2.910888940678557548e-03 1.240114505706196597e-03 2.633512946180787545e-03 0.000000000000000000e+00
1.000000000000000082e-05 2.910888940678557548e-03 1.240114505706196597e-03 2.633512946180787545e-03 0.000000000000000000e+00
1.000000000000000082e-05 2.910888940678557548e-03 1.240114505706196597e-03 2.633512946180787545e-03 0.000000000000000000e+00
1.000000000000000082e-05 2.910888940678557548e-03 1.240114505706196597e-03 2.633512946180787545e-03 0.000000000000000000e+00
2.000000000000000096e-04 5.821777881357118045e-02 2.480229011412392673e-02 5.267025892361577866e-02 0.000000000000000000e+00
2.000000000000000164e-05 5.821777881357115096e-03 2.480229011412393193e-03 5.267025892361575090e-03 0.000000000000000000e+00
1.000000000000000082e-05 2.910888940678557548e-03 1.240114505706196597e-03 2.633512946180787545e-03 0.000000000000000000e+00
1.100000000000000039e-04 3.201977834746413260e-02 1.364125956276815953e-02 2.896864240798866300e-02 0.000000000000000000e+00
4.000000000000000327e-05 2.431732330811162482e-02 2.431081352822926991e-02 5.626352876362862316e-04 0.000000000000000000e+00
1.000000000000000082e-05 6.079330827027906205e-03 6.077703382057317479e-03 1.406588219090715579e-04 0.000000000000000000e+00
2.000000000000000164e-05 1.215866165405581241e-02 1.215540676411463496e-02 2.813176438181431158e-04 0.000000000000000000e+00
1.000000000000000082e-05 6.079330827027906205e-03 6.077703382057317479e-03 1.406588219090715579e-04 0.000000000000000000e+00
3.200000000000000262e-04 1.945385864648930541e-01 1.944865082258342148e-01 4.501082301090290720e-03 0.000000000000000000e+00
1.000000000000000082e-05 6.079330827027906205e-03 6.077703382057317479e-03 1.406588219090715579e-04 0.000000000000000000e+00
1.000000000000000082e-05 6.079330827027906205e-03 6.077703382057317479e-03 1.406588219090715579e-04 0.000000000000000000e+00
1.000000000000000082e-05 6.079330827027906205e-03 6.077703382057317479e-03 1.406588219090715579e-04 0.000000000000000000e+00
1.100000000000000039e-04 6.687263909730697953e-02 6.685473720263050701e-02 1.547247040999786757e-03 0.000000000000000000e+00
3.000000000000000415e-05 1.823799248108371948e-02 1.823311014617195330e-02 4.219764657272146737e-04 0.000000000000000000e+00
1.000000000000000048e-04 6.079330827027907419e-02 6.077703382057318693e-02 1.406588219090715254e-03 0.000000000000000000e+00
1.000000000000000082e-05 6.079330827027906205e-03 6.077703382057317479e-03 1.406588219090715579e-04 0.000000000000000000e+00
1.000000000000000082e-05 6.079330827027906205e-03 6.077703382057317479e-03 1.406588219090715579e-04 0.000000000000000000e+00
1.000000000000000082e-05 6.079330827027906205e-03 6.077703382057317479e-03 1.406588219090715579e-04 0.000000000000000000e+00
1.000000000000000082e-05 6.079330827027906205e-03 6.077703382057317479e-03 1.406588219090715579e-04 0.000000000000000000e+00
9.000000000000000567e-05 6.205433072871172767e-02 3.455651765262187508e-02 5.154209008094616518e-02 0.000000000000000000e+00
1.000000000000000082e-05 6.894925636523525393e-03 3.839613072513542013e-03 5.726898897882907145e-03 0.000000000000000000e+00
6.000000000000000830e-05 1.177316153304398122e-02 1.165441142599704834e-02 1.667940885264214282e-03 0.000000000000000000e+00
1.000000000000000082e-05 1.962193588840663826e-03 1.942401904332841534e-03 2.779901475440357318e-04 0.000000000000000000e+00
1.000000000000000082e-05 1.962193588840663826e-03 1.942401904332841534e-03 2.779901475440357318e-04 0.000000000000000000e+00
1.000000000000000082e-05 1.962193588840663826e-03 1.942401904332841534e-03 2.779901475440357318e-04 0.000000000000000000e+00
1.000000000000000082e-05 1.962193588840663826e-03 1.942401904332841534e-03 2.779901475440357318e-04 0.000000000000000000e+00
1.000000000000000082e-05 1.962193588840663826e-03 1.942401904332841534e-03 2.779901475440357318e-04 0.000000000000000000e+00
1.000000000000000082e-05 1.962193588840663826e-03 1.942401904332841534e-03 2.779901475440357318e-04 0.000000000000000000e+00
1.000000000000000082e-05 1.962193588840663826e-03 1.942401904332841534e-03 2.779901475440357318e-04 0.000000000000000000e+00
1.000000000000000082e-05 1.962193588840663826e-03 1.942401904332841534e-03 2.779901475440357318e-04 0.000000000000000000e+00
1.000000000000000082e-05 1.962193588840663826e-03 1.942401904332841534e-03 2.779901475440357318e-04 0.000000000000000000e+00
1.000000000000000082e-05 1.962193588840663826e-03 1.942401904332841534e-03 2.779901475440357318e-04 0.000000000000000000e+00
1.000000000000000082e-05 1.962193588840663826e-03 1.942401904332841534e-03 2.779901475440357318e-04 0.000000000000000000e+00
2.800000000000000297e-04 5.494142048753858365e-02 5.438725332131955775e-02 7.783724131232999839e-03 0.000000000000000000e+00
1.000000000000000082e-05 1.962193588840663826e-03 1.942401904332841534e-03 2.779901475440357318e-04 0.000000000000000000e+00
1.000000000000000082e-05 1.962193588840663826e-03 1.942401904332841534e-03 2.779901475440357318e-04 0.000000000000000000e+00
1.000000000000000082e-05 1.962193588840663826e-03 1.942401904332841534e-03 2.779901475440357318e-04 0.000000000000000000e+00
1.100000000000000039e-04 2.158412947724730122e-02 2.136642094766125557e-02 3.057891622984392887e-03 0.000000000000000000e+00
1.000000000000000082e-05 1.962193588840663826e-03 1.942401904332841534e-03 2.779901475440357318e-04 0.000000000000000000e+00
1.000000000000000082e-05 1.962193588840663826e-03 1.942401904332841534e-03 2.779901475440357318e-04 0.000000000000000000e+00
1.000000000000000082e-05 1.962193588840663826e-03 1.942401904332841534e-03 2.779901475440357318e-04 0.000000000000000000e+00
1.000000000000000082e-05 1.962193588840663826e-03 1.942401904332841534e-03 2.779901475440357318e-04 0.000000000000000000e+00
1.000000000000000082e-05 1.962193588840663826e-03 1.942401904332841534e-03 2.779901475440357318e-04 0.000000000000000000e+00
1.000000000000000082e-05 1.962193588840663826e-03 1.942401904332841534e-03 2.779901475440357318e-04 0.000000000000000000e+00
3.000000000000000415e-05 5.886580766521992344e-03 5.827205712998525036e-03 8.339704426321072495e-04 0.000000000000000000e+00
1.000000000000000048e-04 1.482523557346953069e-01 3.734008119655386065e-02 1.434729218951137364e-01 0.000000000000000000e+00
1.000000000000000082e-05 1.285284253951005443e-02 3.900377045497372156e-04 1.284692305318549214e-02 0.000000000000000000e+00
1.000000000000000082e-05 1.285284253951005443e-02 3.900377045497372156e-04 1.284692305318549214e-02 0.000000000000000000e+00
2.000000000000000164e-05 2.530610380340774998e-02 1.863530472492311296e-02 1.712087344495328428e-02 0.000000000000000000e+00
1.000000000000000082e-05 1.265305190170387499e-02 9.317652362461556481e-03 8.560436722476642141e-03 0.000000000000000000e+00
1.000000000000000082e-05 1.588443814639284302e-02 9.513986947451300025e-03 1.272004039263658834e-02 0.000000000000000000e+00
1.000000000000000082e-05 1.588443814639284302e-02 9.513986947451300025e-03 1.272004039263658834e-02 0.000000000000000000e+00
9.000000000000000567e-05 1.429599433175355871e-01 8.562588252706170022e-02 1.144803635337293124e-01 0.000000000000000000e+00
1.000000000000000082e-05 1.588443814639284302e-02 9.513986947451300025e-03 1.272004039263658834e-02 0.000000000000000000e+00
1.000000000000000048e-04 1.588443814639284302e-01 9.513986947451300025e-02 1.272004039263658903e-01 0.000000000000000000e+00
1.000000000000000082e-05 1.588443814639284302e-02 9.513986947451300025e-03 1.272004039263658834e-02 0.000000000000000000e+00
4.000000000000000327e-05 6.353775258557137207e-02 3.805594778980520010e-02 5.088016157054635336e-02 0.000000000000000000e+00
1.000000000000000082e-05 1.588443814639284302e-02 9.513986947451300025e-03 1.272004039263658834e-02 0.000000000000000000e+00
