9.000000000000000567e-05 9.041850818327255845e-02 4.127388128201431999e-02 8.013619617204406631e-02 0.000000000000000000e+00
5.000000000000000240e-05 7.246089736336806808e-02 3.878233432078105614e-02 6.120875910632178618e-02 0.000000000000000000e+00
1.000000000000000082e-05 1.249105000082820910e-02 5.493038552756589199e-03 1.121841600142908790e-02 0.000000000000000000e+00
1.000000000000000082e-05 1.325740968885321183e-02 6.381866444292276508e-03 1.162027075180760427e-02 0.000000000000000000e+00
1.100000000000000039e-04 1.519512267299800157e-01 7.535338854648872264e-02 1.317726561611173852e-01 0.000000000000000000e+00
9.000000000000000567e-05 1.058703682740893826e-01 8.831989318718924675e-02 5.837920302551929952e-02 0.000000000000000000e+00
1.700000000000000122e-04 1.999773622955024477e-01 1.668264649091354690e-01 1.102718279370921151e-01 0.000000000000000000e+00
1.000000000000000082e-05 1.176337425267662620e-02 9.813321465243274311e-03 6.486578113946595003e-03 0.000000000000000000e+00
3.000000000000000415e-05 3.529012275802988208e-02 2.943996439572982293e-02 1.945973434183978501e-02 0.000000000000000000e+00
1.000000000000000082e-05 1.176337425267662620e-02 9.813321465243274311e-03 6.486578113946595003e-03 0.000000000000000000e+00
1.100000000000000039e-04 1.293971167794428501e-01 1.079465361176760174e-01 7.135235925341248953e-02 0.000000000000000000e+00
1.000000000000000082e-05 1.176337425267661059e-02 9.813321465243274311e-03 6.486578113946567248e-03 0.000000000000000000e+00
1.000000000000000082e-05 1.176337425267661059e-02 9.813321465243274311e-03 6.486578113946567248e-03 0.000000000000000000e+00
3.000000000000000415e-05 3.529012275802983351e-02 2.943996439572982293e-02 1.945973434183970174e-02 0.000000000000000000e+00
1.000000000000000048e-04 1.176337425267661024e-01 9.813321465243274311e-02 6.486578113946567248e-02 0.000000000000000000e+00
1.000000000000000082e-05 1.158681217519660391e-02 9.049740088495794588e-03 7.235773677635060075e-03 0.000000000000000000e+00
9.000000000000000567e-05 6.381392207334325717e-02 2.121522993427693571e-02 5.623622211553409855e-02 0.000000000000000000e+00
2.500000000000000052e-04 2.238493201517616493e-01 2.125037294505721652e-01 7.036109082443180174e-02 0.000000000000000000e+00
1.000000000000000082e-05 1.579221625372425469e-02 1.023335410988959748e-02 1.202799059968032158e-02 0.000000000000000000e+00
4.000000000000000327e-05 4.791569766311540995e-02 1.957879293467237880e-02 4.261598205785921412e-02 0.000000000000000000e+00
6.000000000000000830e-05 7.972194833930978941e-02 1.543539981566077746e-02 7.821340984477201386e-02 0.000000000000000000e+00
4.000000000000000327e-05 5.314796555953984342e-02 1.029026654377385164e-02 5.214227322984799073e-02 0.000000000000000000e+00
1.000000000000000082e-05 1.328699138988496085e-02 2.572566635943462909e-03 1.303556830746199768e-02 0.000000000000000000e+00
4.000000000000000327e-05 5.314796555953984342e-02 1.029026654377385164e-02 5.214227322984799073e-02 0.000000000000000000e+00
1.000000000000000082e-05 1.431910641555181329e-02 9.515291712774986976e-04 1.428745606383813316e-02 0.000000000000000000e+00
1.000000000000000082e-05 1.381099136015184227e-02 1.705346951945158063e-03 1.370530094976685209e-02 0.000000000000000000e+00
9.000000000000000567e-05 1.138672734959425281e-01 1.702112784329982975e-02 1.097242167238425270e-01 0.000000000000000000e+00
1.300000000000000157e-04 4.775402048569354213e-02 4.573596172241344016e-02 1.373565716935198910e-02 0.000000000000000000e+00
1.000000000000000082e-05 3.673386191207194014e-03 3.518150901724109714e-03 1.056589013027076085e-03 0.000000000000000000e+00
1.000000000000000082e-05 3.673386191207194014e-03 3.518150901724109714e-03 1.056589013027076085e-03 0.000000000000000000e+00
1.000000000000000082e-05 3.673386191207194014e-03 3.518150901724109714e-03 1.056589013027076085e-03 0.000000000000000000e+00
1.000000000000000082e-05 3.673386191207200953e-03 3.518150901724116653e-03 1.056589013027076085e-03 0.000000000000000000e+00
1.000000000000000082e-05 3.673386191207200953e-03 3.518150901724116653e-03 1.056589013027076085e-03 0.000000000000000000e+00
1.200000000000000166e-04 4.408063429448640103e-02 4.221781082068939983e-02 1.267906815632485751e-02 0.000000000000000000e+00
1.000000000000000082e-05 1.204493944388916257e-02 7.955907793243918377e-03 9.043456053542675566e-03 0.000000000000000000e+00
2.000000000000000164e-05 1.685432922085290663e-02 1.227780767079019765e-02 1.154659483501441208e-02 0.000000000000000000e+00
1.000000000000000082e-05 8.427164610426453317e-03 6.138903835395097958e-03 5.773297417507206042e-03 0.000000000000000000e+00
1.000000000000000082e-05 8.427164610426453317e-03 6.138903835395097958e-03 5.773297417507206042e-03 0.000000000000000000e+00
1.000000000000000082e-05 8.427164610426453317e-03 6.138903835395097958e-03 5.773297417507206042e-03 0.000000000000000000e+00
2.400000000000000332e-04 2.022519506502348519e-01 1.473336920494823232e-01 1.385591380201729450e-01 0.000000000000000000e+00
1.000000000000000082e-05 8.427164610426444644e-03 6.138903835395087549e-03 5.773297417507206042e-03 0.000000000000000000e+00
1.500000000000000140e-04 1.264074691563967512e-01 9.208355753092642426e-02 8.659946126260809063e-02 0.000000000000000000e+00
1.000000000000000082e-05 7.861216184870910978e-03 6.631819893835266821e-03 4.221099951553758389e-03 0.000000000000000000e+00
1.000000000000000082e-05 1.684197264211589537e-02 1.223173858407022863e-02 1.157741826525879314e-02 0.000000000000000000e+00
1.000000000000000082e-05 1.393740663426351264e-02 1.032187716067134442e-02 9.365370017720808793e-03 0.000000000000000000e+00
3.800000000000000209e-04 5.296214521020135013e-01 3.922313321055110880e-01 3.558840606733908452e-01 0.000000000000000000e+00
1.000000000000000082e-05 8.632598947110542778e-03 2.367262369343536843e-03 8.301676544912123257e-03 0.000000000000000000e+00
1.600000000000000131e-04 1.471161505811452996e-01 4.571277540155449515e-02 1.398338439967279356e-01 0.000000000000000000e+00
1.100000000000000039e-04 1.011423535245373484e-01 3.142753308856863215e-02 9.613576774775045575e-02 0.000000000000000000e+00
4.000000000000000327e-05 3.677903764528628328e-02 1.142819385038851276e-02 3.495846099918198391e-02 0.000000000000000000e+00
1.000000000000000082e-05 1.505147990978140254e-02 1.496885342071851976e-02 1.574952298832144049e-03 0.000000000000000000e+00
1.100000000000000039e-04 1.589787235958555756e-01 1.578773945266416234e-01 1.868054746645791964e-02 0.000000000000000000e+00
1.000000000000000082e-05 1.445261123598686782e-02 1.435249041151287486e-02 1.698231587859810876e-03 0.000000000000000000e+00
1.000000000000000082e-05 1.445261123598686782e-02 1.435249041151287486e-02 1.698231587859810876e-03 0.000000000000000000e+00
1.000000000000000082e-05 1.835617017328780923e-02 1.506801860957620795e-02 1.048350125731695170e-02 0.000000000000000000e+00
1.000000000000000082e-05 2.117144153413232435e-02 1.525157706714595079e-02 1.468398221185557295e-02 0.000000000000000000e+00
3.000000000000000415e-05 6.351432460239697653e-02 4.575473120143785932e-02 4.405194663556671886e-02 0.000000000000000000e+00
3.000000000000000415e-05 6.351432460239697653e-02 4.575473120143785932e-02 4.405194663556671886e-02 0.000000000000000000e+00
4.000000000000000327e-05 8.468576613652926965e-02 6.100630826858377542e-02 5.873592884742229181e-02 0.000000000000000000e+00
2.000000000000000164e-05 3.862447102415124400e-02 2.057708576156896951e-02 3.130466798366099423e-02 0.000000000000000000e+00
4.000000000000000327e-05 6.346644356868479109e-02 2.277748386508643419e-02 5.846623345345558498e-02 0.000000000000000000e+00
2.300000000000000070e-04 2.076410215784236790e-01 2.046893022783398408e-01 3.488672204346282557e-02 0.000000000000000000e+00
1.000000000000000082e-05 9.027870503409723968e-03 8.899534881666948394e-03 1.516814001889688068e-03 0.000000000000000000e+00
1.000000000000000082e-05 9.027870503409723968e-03 8.899534881666948394e-03 1.516814001889688068e-03 0.000000000000000000e+00
1.000000000000000082e-05 9.027870503409723968e-03 8.899534881666948394e-03 1.516814001889688068e-03 0.000000000000000000e+00
1.000000000000000082e-05 9.027870503409723968e-03 8.899534881666948394e-03 1.516814001889688068e-03 0.000000000000000000e+00
1.900000000000000105e-04 1.715295395647847554e-01 1.690911627516720195e-01 2.881946603590407330e-02 0.000000000000000000e+00
1.200000000000000166e-04 1.083344460409166876e-01 1.067944185800033807e-01 1.820176802267625682e-02 0.000000000000000000e+00
2.000000000000000164e-05 1.805574100681944794e-02 1.779906976333389679e-02 3.033628003779376137e-03 0.000000000000000000e+00
1.000000000000000082e-05 9.027870503409723968e-03 8.899534881666948394e-03 1.516814001889688068e-03 0.000000000000000000e+00
1.000000000000000082e-05 9.027870503409723968e-03 8.899534881666948394e-03 1.516814001889688068e-03 0.000000000000000000e+00
7.000000000000000742e-05 6.319509352386806778e-02 6.229674417166863876e-02 1.061769801322781648e-02 0.000000000000000000e+00
1.000000000000000082e-05 9.027870503409723968e-03 8.899534881666948394e-03 1.516814001889688068e-03 0.000000000000000000e+00
1.000000000000000082e-05 9.027870503409723968e-03 8.899534881666948394e-03 1.516814001889688068e-03 0.000000000000000000e+00
2.400000000000000332e-04 2.213840064805737140e-01 2.086781842170705170e-01 4.803808907885473434e-02 0.000000000000000000e+00
1.300000000000000157e-04 1.952962131758507469e-01 4.367470317952931724e-02 1.903500228080031720e-01 0.000000000000000000e+00
1.000000000000000082e-05 1.502278562891159151e-02 3.359592552271487009e-03 1.464230944676947477e-02 0.000000000000000000e+00
1.000000000000000082e-05 1.704866797448691823e-02 1.653553135996271850e-02 4.151298874808390105e-03 0.000000000000000000e+00
3.600000000000000227e-04 5.048968681019876392e-01 5.045019399255940007e-01 1.996597181478054761e-02 0.000000000000000000e+00
1.000000000000000082e-05 5.109392356601497390e-03 3.829733226200227048e-03 3.382164051289618389e-03 0.000000000000000000e+00
1.400000000000000148e-04 7.527361886543677827e-02 6.060085167283824070e-02 4.465035804588467216e-02 0.000000000000000000e+00
1.000000000000000082e-05 1.360255640528866376e-02 1.356113669428254953e-02 1.060713117691583496e-03 0.000000000000000000e+00
5.000000000000000240e-05 3.329635240580489097e-02 2.855983263257028115e-02 1.597436459140195997e-02 0.000000000000000000e+00
5.000000000000000240e-05 5.060288122321483784e-02 3.752691605546532028e-02 3.370913430412633693e-02 0.000000000000000000e+00
1.400000000000000148e-04 9.659353363093507727e-02 1.389585766545531342e-02 9.558878532051755250e-02 0.000000000000000000e+00
1.000000000000000082e-05 9.810665474510928477e-03 9.803228138566988381e-03 3.819360103069074919e-04 0.000000000000000000e+00
3.300000000000000524e-04 2.075481086388175633e-01 1.783172412808094465e-01 1.062034785755722188e-01 0.000000000000000000e+00
1.000000000000000082e-05 8.816979947009801269e-03 5.019429947043213547e-03 7.248755644432960943e-03 0.000000000000000000e+00
3.000000000000000415e-05 2.302120374770139782e-02 1.104954440960728701e-02 2.019612315107276179e-02 0.000000000000000000e+00
1.000000000000000082e-05 1.932814201840960108e-03 1.881800595469718118e-03 4.411317917900753338e-04 0.000000000000000000e+00
1.000000000000000048e-04 3.380751564246483459e-02 2.428862113821012025e-02 2.351618585400269690e-02 0.000000000000000000e+00
6.000000000000000830e-05 2.028450938547889798e-02 1.457317268292607215e-02 1.410971151240161814e-02 0.000000000000000000e+00
2.100000000000000087e-04 7.687129516538344920e-02 5.747737087616672236e-02 4.957523071561287242e-02 0.000000000000000000e+00
7.000000000000000742e-05 7.065019746295016223e-02 6.727858672943348717e-02 2.156483640661213674e-02 0.000000000000000000e+00
1.000000000000000082e-05 6.181497870858150556e-03 3.269898218150379954e-03 5.245825156289601887e-03 0.000000000000000000e+00
1.000000000000000082e-05 4.697327423252872260e-03 6.669243850565553799e-06 4.697322688769628440e-03 0.000000000000000000e+00
5.900000000000000296e-04 2.771423179719195717e-01 3.934853871833676742e-04 2.771420386374081613e-01 0.000000000000000000e+00
1.000000000000000082e-05 5.537039071421434415e-03 1.689044918746329671e-03 5.273132744479769318e-03 0.000000000000000000e+00
1.700000000000000122e-04 4.948511199153558804e-02 2.108194659700562967e-02 4.476972008507336398e-02 0.000000000000000000e+00
2.000000000000000164e-05 5.821777881357135913e-03 2.480229011412427020e-03 5.267025892361582029e-03 0.000000000000000000e+00
1.000000000000000082e-05 2.910888940678567956e-03 1.240114505706213510e-03 2.633512946180791015e-03 0.000000000000000000e+00
3.000000000000000415e-05 8.732666822035703436e-03 3.720343517118640531e-03 7.900538838542373044e-03 0.000000000000000000e+00
1.000000000000000082e-05 2.910888940678567956e-03 1.240114505706213510e-03 2.633512946180791015e-03 0.000000000000000000e+00
1.200000000000000166e-04 3.493066728814281374e-02 1.488137406847456212e-02 3.160215535416949217e-02 0.000000000000000000e+00
1.000000000000000082e-05 2.910888940678567956e-03 1.240114505706213510e-03 2.633512946180791015e-03 0.000000000000000000e+00
2.500000000000000052e-04 7.277222351696410740e-02 3.100286264265533775e-02 6.583782365451974761e-02 0.000000000000000000e+00
1.000000000000000082e-05 2.910888940678564921e-03 1.240114505706213510e-03 2.633512946180787545e-03 0.000000000000000000e+00
1.000000000000000082e-05 2.910888940678564921e-03 1.240114505706213510e-03 2.633512946180787545e-03 0.000000000000000000e+00
1.000000000000000082e-05 2.910888940678564921e-03 1.240114505706213510e-03 2.633512946180787545e-03 0.000000000000000000e+00
1.000000000000000082e-05 2.910888940678564921e-03 1.240114505706213510e-03 2.633512946180787545e-03 0.000000000000000000e+00
2.000000000000000096e-04 5.821777881357137474e-02 2.480229011412427020e-02 5.267025892361582029e-02 0.000000000000000000e+00
2.000000000000000164e-05 5.821777881357135913e-03 2.480229011412427020e-03 5.267025892361582029e-03 0.000000000000000000e+00
1.000000000000000082e-05 2.910888940678567956e-03 1.240114505706213510e-03 2.633512946180791015e-03 0.000000000000000000e+00
1.100000000000000039e-04 3.463794485083575292e-02 1.792978859472804665e-02 2.640261825202368240e-02 0.000000000000000000e+00
4.000000000000000327e-05 2.431732330811163523e-02 2.431081352822928032e-02 5.626352876362816779e-04 0.000000000000000000e+00
1.000000000000000082e-05 6.079330827027908807e-03 6.077703382057320081e-03 1.406588219090704195e-04 0.000000000000000000e+00
2.000000000000000164e-05 1.215866165405581761e-02 1.215540676411464016e-02 2.813176438181408390e-04 0.000000000000000000e+00
1.000000000000000082e-05 6.079330827027908807e-03 6.077703382057320081e-03 1.406588219090704195e-04 0.000000000000000000e+00
3.200000000000000262e-04 1.945385864648931651e-01 1.944865082258342426e-01 4.501082301090253424e-03 0.000000000000000000e+00
1.000000000000000082e-05 6.079330827027908807e-03 6.077703382057320081e-03 1.406588219090704195e-04 0.000000000000000000e+00
1.000000000000000082e-05 6.079330827027908807e-03 6.077703382057320081e-03 1.406588219090704195e-04 0.000000000000000000e+00
1.000000000000000082e-05 6.079330827027908807e-03 6.077703382057320081e-03 1.406588219090704195e-04 0.000000000000000000e+00
1.100000000000000039e-04 6.687263909730700728e-02 6.685473720263052089e-02 1.547247040999774614e-03 0.000000000000000000e+00
3.000000000000000415e-05 1.823799248108372642e-02 1.823311014617196024e-02 4.219764657272112585e-04 0.000000000000000000e+00
1.000000000000000048e-04 6.079330827027909501e-02 6.077703382057320081e-02 1.406588219090704195e-03 0.000000000000000000e+00
1.000000000000000082e-05 6.079330827027905337e-03 6.077703382057316611e-03 1.406588219090704195e-04 0.000000000000000000e+00
1.000000000000000082e-05 6.079330827027905337e-03 6.077703382057316611e-03 1.406588219090704195e-04 0.000000000000000000e+00
1.000000000000000082e-05 6.079330827027905337e-03 6.077703382057316611e-03 1.406588219090704195e-04 0.000000000000000000e+00
1.000000000000000082e-05 1.267462208732547495e-02 1.211651602626089008e-03 1.261657423591572291e-02 0.000000000000000000e+00
9.000000000000000567e-05 6.205433072871179012e-02 3.455651765262188202e-02 5.154209008094623456e-02 0.000000000000000000e+00
1.000000000000000082e-05 4.119332097930796140e-03 4.187645357182773198e-04 4.097991361224129214e-03 0.000000000000000000e+00
6.000000000000000830e-05 1.177316153304398469e-02 1.165441142599704660e-02 1.667940885264229678e-03 0.000000000000000000e+00
1.000000000000000082e-05 1.962193588840663826e-03 1.942401904332841100e-03 2.779901475440382796e-04 0.000000000000000000e+00
1.000000000000000082e-05 1.962193588840663826e-03 1.942401904332841100e-03 2.779901475440382796e-04 0.000000000000000000e+00
1.000000000000000082e-05 1.962193588840663826e-03 1.942401904332841100e-03 2.779901475440382796e-04 0.000000000000000000e+00
1.000000000000000082e-05 1.962193588840663826e-03 1.942401904332841100e-03 2.779901475440382796e-04 0.000000000000000000e+00
1.000000000000000082e-05 1.962193588840663826e-03 1.942401904332841100e-03 2.779901475440382796e-04 0.000000000000000000e+00
1.000000000000000082e-05 1.962193588840663826e-03 1.942401904332841100e-03 2.779901475440382796e-04 0.000000000000000000e+00
1.000000000000000082e-05 1.962193588840663826e-03 1.942401904332841100e-03 2.779901475440382796e-04 0.000000000000000000e+00
1.000000000000000082e-05 1.962193588840663826e-03 1.942401904332841100e-03 2.779901475440382796e-04 0.000000000000000000e+00
1.000000000000000082e-05 1.962193588840663826e-03 1.942401904332841100e-03 2.779901475440382796e-04 0.000000000000000000e+00
1.000000000000000082e-05 1.962193588840663826e-03 1.942401904332841100e-03 2.779901475440382796e-04 0.000000000000000000e+00
1.000000000000000082e-05 1.962193588840663826e-03 1.942401904332841100e-03 2.779901475440382796e-04 0.000000000000000000e+00
2.800000000000000297e-04 5.494142048753861141e-02 5.438725332131955775e-02 7.783724131233071830e-03 0.000000000000000000e+00
1.000000000000000082e-05 1.962193588840663826e-03 1.942401904332841100e-03 2.779901475440382796e-04 0.000000000000000000e+00
1.000000000000000082e-05 1.962193588840663826e-03 1.942401904332841100e-03 2.779901475440382796e-04 0.000000000000000000e+00
1.000000000000000082e-05 1.962193588840663826e-03 1.942401904332841100e-03 2.779901475440382796e-04 0.000000000000000000e+00
1.100000000000000039e-04 2.158412947724730815e-02 2.136642094766125211e-02 3.057891622984421076e-03 0.000000000000000000e+00
1.000000000000000082e-05 1.962193588840663826e-03 1.942401904332841100e-03 2.779901475440382796e-04 0.000000000000000000e+00
1.000000000000000082e-05 1.962193588840663826e-03 1.942401904332841100e-03 2.779901475440382796e-04 0.000000000000000000e+00
1.000000000000000082e-05 1.962193588840663826e-03 1.942401904332841100e-03 2.779901475440382796e-04 0.000000000000000000e+00
1.000000000000000082e-05 1.962193588840663826e-03 1.942401904332841100e-03 2.779901475440382796e-04 0.000000000000000000e+00
1.000000000000000082e-05 1.962193588840663826e-03 1.942401904332841100e-03 2.779901475440382796e-04 0.000000000000000000e+00
1.000000000000000082e-05 1.962193588840663826e-03 1.942401904332841100e-03 2.779901475440382796e-04 0.000000000000000000e+00
3.000000000000000415e-05 1.551543175037248083e-02 6.395728381354492953e-03 1.187179100737822957e-02 0.000000000000000000e+00
1.000000000000000048e-04 1.466192642475131480e-01 3.413570506810521821e-02 1.423071377963808226e-01 0.000000000000000000e+00
1.000000000000000082e-05 1.285284253951002841e-02 3.900377045497338546e-04 1.284692305318546612e-02 0.000000000000000000e+00
1.000000000000000082e-05 1.563372270905502570e-02 1.438237337501378776e-02 6.128672111095301300e-03 0.000000000000000000e+00
2.000000000000000164e-05 2.530610380340776733e-02 1.863530472492314072e-02 1.712087344495327734e-02 0.000000000000000000e+00
1.000000000000000082e-05 1.598832114382590930e-02 9.647564563094956913e-03 1.274954552127349761e-02 0.000000000000000000e+00
1.000000000000000082e-05 1.588443814639284302e-02 9.513986947451313902e-03 1.272004039263657793e-02 0.000000000000000000e+00
1.000000000000000082e-05 1.588443814639283261e-02 9.513986947451300025e-03 1.272004039263657793e-02 0.000000000000000000e+00
9.000000000000000567e-05 1.429599433175355594e-01 8.562588252706170022e-02 1.144803635337292569e-01 0.000000000000000000e+00
1.000000000000000082e-05 1.588443814639283261e-02 9.513986947451300025e-03 1.272004039263657793e-02 0.000000000000000000e+00
1.000000000000000048e-04 1.588443814639283469e-01 9.513986947451300025e-02 1.272004039263657793e-01 0.000000000000000000e+00
1.000000000000000082e-05 1.588443814639283261e-02 9.513986947451300025e-03 1.272004039263657793e-02 0.000000000000000000e+00
4.000000000000000327e-05 6.353775258557133043e-02 3.805594778980520010e-02 5.088016157054631172e-02 0.000000000000000000e+00
1.000000000000000082e-05 1.158353177447338407e-02 1.767379533071794517e-04 1.158218338941735537e-02 0.000000000000000000e+00
