0.000000000000000000e+00 -7.827749312899589650e-04 -2.668084977740665942e-02
2.000000000000000042e-08 -8.109741307742135115e-04 -2.690584871814254847e-02
4.000000000000000084e-08 -1.491738164199252117e-04 -2.669119049505316171e-02
6.000000000000000787e-08 -2.696831865602211827e-05 -2.677940010641215174e-02
8.000000000000000167e-08 1.234394208661115824e-04 -2.686760971777113483e-02
9.999999999999999547e-08 2.970967014459757966e-04 -2.693732195221064038e-02
1.200000000000000157e-07 4.665507287358261696e-04 -2.703357746269701226e-02
1.400000000000000095e-07 6.723951508897018856e-04 -2.711676649976226330e-02
1.600000000000000033e-07 9.064418148018237942e-04 -2.719995553682751435e-02
1.799999999999999971e-07 1.127714488628699281e-03 -2.726149609020148482e-02
1.999999999999999909e-07 1.377189404213814347e-03 -2.732303664357545181e-02
2.200000000000000112e-07 1.654866561557175606e-03 -2.736320487087484654e-02
2.400000000000000315e-07 1.948579042968208181e-03 -2.740337309817424474e-02
2.599999999999999988e-07 2.273075822193719626e-03 -2.743370569961216254e-02
2.800000000000000191e-07 2.608220594709256303e-03 -2.745792928194190630e-02
2.999999999999999864e-07 2.971925988022794483e-03 -2.749014955185281883e-02
3.200000000000000067e-07 3.419512595836260525e-03 -2.755379327392246808e-02
3.400000000000000270e-07 3.759181007224530330e-03 -2.754785423881790998e-02
3.599999999999999943e-07 4.164225513355181846e-03 -2.757640568340569490e-02
3.800000000000000146e-07 4.597472261244073266e-03 -2.759580055558655612e-02
3.999999999999999819e-07 5.058921250891210662e-03 -2.761519542776742428e-02
4.200000000000000022e-07 5.548572482296587963e-03 -2.763459029994828897e-02
4.400000000000000224e-07 6.066425955460206035e-03 -2.765398517212916407e-02
4.599999999999999898e-07 6.611250717537638620e-03 -2.767728784158800942e-02
4.800000000000000630e-07 7.164850981367851951e-03 -2.766270230843178787e-02
4.999999999999999774e-07 7.746653486956289573e-03 -2.764811677527558367e-02
5.199999999999999976e-07 8.356658234302984448e-03 -2.763353124211937253e-02
5.400000000000000179e-07 8.962653093732897425e-03 -2.761894570896315793e-02
5.600000000000000382e-07 9.588535943409278242e-03 -2.761572783631925307e-02
5.800000000000000585e-07 1.027511167754016110e-02 -2.760295126268062782e-02
5.999999999999999728e-07 1.091423575954428814e-02 -2.757629261830177661e-02
6.199999999999999931e-07 1.158156208330666896e-02 -2.754963397392292540e-02
6.400000000000000134e-07 1.225277626390082648e-02 -2.752539532861465743e-02
6.600000000000000337e-07 1.295320131685990736e-02 -2.750507215029961497e-02
6.800000000000000539e-07 1.371017579294487795e-02 -2.748507491176268441e-02
6.999999999999999683e-07 1.446736579550350447e-02 -2.752032464458109215e-02
7.199999999999999886e-07 1.522283358727897877e-02 -2.749459667754623748e-02
7.400000000000000089e-07 1.596601314747473147e-02 -2.747198106096710932e-02
7.600000000000000291e-07 1.673945946150402764e-02 -2.737514399944486129e-02
7.800000000000000494e-07 1.754130814148611300e-02 -2.729102817430212671e-02
7.999999999999999638e-07 1.834204706947572053e-02 -2.720691234915939213e-02
8.199999999999999841e-07 1.917302876554067767e-02 -2.712645633871653070e-02
8.400000000000000043e-07 2.003675002828148727e-02 -2.703640667691676117e-02
8.600000000000000246e-07 2.091373787875628124e-02 -2.698236510854623918e-02
8.800000000000000449e-07 2.181892797098932205e-02 -2.694303502328769875e-02
9.000000000000000652e-07 2.275466682509076632e-02 -2.690387887800339828e-02
9.199999999999999795e-07 2.371904810808581412e-02 -2.683746287318327511e-02
9.399999999999999998e-07 2.471499439521976718e-02 -2.677171253931319786e-02
9.600000000000001260e-07 2.569982350429000570e-02 -2.670802006958497912e-02
9.799999999999999345e-07 2.671285485511848759e-02 -2.662287768285260398e-02
9.999999999999999547e-07 2.775408844770520592e-02 -2.653773529612021842e-02
1.019999999999999975e-06 2.882352428205017802e-02 -2.645259290938785021e-02
1.039999999999999995e-06 2.988591312931366747e-02 -2.636939971753761089e-02
1.060000000000000016e-06 3.091359934928672101e-02 -2.627924598053921201e-02
1.080000000000000036e-06 3.197097890450534274e-02 -2.621948051221978382e-02
1.100000000000000056e-06 3.299881975358363861e-02 -2.606064234663564919e-02
1.120000000000000076e-06 3.406617243079675811e-02 -2.595328674540474043e-02
1.140000000000000097e-06 3.512917157840833582e-02 -2.584593114417383167e-02
1.160000000000000117e-06 3.622037296777813609e-02 -2.575870743162085585e-02
1.179999999999999925e-06 3.733011558102052041e-02 -2.567968450398979904e-02
1.199999999999999946e-06 3.846156377270997656e-02 -2.560617628911005667e-02
1.219999999999999966e-06 3.962121420615766915e-02 -2.553266807423032123e-02
1.239999999999999986e-06 4.081002477698377623e-02 -2.545016207108722478e-02
1.260000000000000007e-06 4.199144546021695706e-02 -2.538818703020335674e-02
1.280000000000000027e-06 4.320699118069347422e-02 -2.532608281954648599e-02
1.300000000000000047e-06 4.437678850611958409e-02 -2.516222800154226807e-02
1.320000000000000067e-06 4.561727768230681296e-02 -2.508950184721327539e-02
1.340000000000000088e-06 4.688596910025227132e-02 -2.501677569288428271e-02
1.360000000000000108e-06 4.818286275995600082e-02 -2.494404953855527615e-02
1.380000000000000128e-06 4.946684708528244212e-02 -2.487132338422628347e-02
1.399999999999999937e-06 5.078597529271886707e-02 -2.481343853559324353e-02
1.419999999999999957e-06 5.214367892138564720e-02 -2.471669244138659238e-02
1.439999999999999977e-06 5.352791700900658145e-02 -2.463760279518818416e-02
1.459999999999999997e-06 5.482604252195143885e-02 -2.454782750498763280e-02
1.480000000000000018e-06 5.619466931924384234e-02 -2.446464148435724059e-02
1.500000000000000038e-06 5.756255273434897346e-02 -2.432877520925544323e-02
1.520000000000000058e-06 5.898105156019377987e-02 -2.421165670257468400e-02
1.540000000000000079e-06 6.027816516818404469e-02 -2.407675301721003483e-02
1.560000000000000099e-06 6.171372159139320440e-02 -2.397958677326942137e-02
1.580000000000000119e-06 6.317745386963517784e-02 -2.388237647880813927e-02
1.599999999999999928e-06 6.466938838963538771e-02 -2.378516618434686064e-02
1.619999999999999948e-06 6.618952515139385484e-02 -2.368795588988559589e-02
1.639999999999999968e-06 6.763621851155156295e-02 -2.359018782382451065e-02
1.659999999999999988e-06 6.908813194760841936e-02 -2.348835625610474695e-02
1.680000000000000009e-06 7.054687338274942543e-02 -2.338652468838497978e-02
1.700000000000000029e-06 7.203381705964867487e-02 -2.328469312066521260e-02
1.720000000000000049e-06 7.350411954547056426e-02 -2.318286155294544890e-02
1.740000000000000069e-06 7.500262427305066926e-02 -2.308102998522568172e-02
1.760000000000000090e-06 7.652933124238903151e-02 -2.297919841750591108e-02
1.780000000000000110e-06 7.806015464850751817e-02 -2.287736684978615084e-02
1.800000000000000130e-06 7.954228180014964733e-02 -2.277825302703495244e-02
1.819999999999999939e-06 8.102265985351660149e-02 -2.269745436927723958e-02
1.839999999999999959e-06 8.247736229637511740e-02 -2.258975121951714918e-02
1.859999999999999979e-06 8.392026216733444732e-02 -2.247270572269521524e-02
1.880000000000000000e-06 8.533229668770703213e-02 -2.234736732800201783e-02
1.900000000000000020e-06 8.677440826168590637e-02 -2.224735061414002610e-02
1.920000000000000252e-06 8.824472207742299623e-02 -2.214733390027803783e-02
1.940000000000000060e-06 8.969608480724600152e-02 -2.204731718641604610e-02
1.959999999999999869e-06 9.116137865772319659e-02 -2.193752025098959224e-02
1.980000000000000101e-06 9.259169267641893797e-02 -2.183536362005503162e-02
1.999999999999999909e-06 9.398720588740865078e-02 -2.173866025729384241e-02
2.020000000000000142e-06 9.542867074869799959e-02 -2.161633108923704041e-02
2.039999999999999950e-06 9.691648757552889792e-02 -2.151566130610487945e-02
2.060000000000000182e-06 9.832209182274195824e-02 -2.139154881896299099e-02
2.079999999999999991e-06 9.989894532565250784e-02 -2.134851854220585349e-02
2.100000000000000223e-06 1.014213543841319815e-01 -2.123118079127993621e-02
2.120000000000000031e-06 1.029640792426423368e-01 -2.114915364247264146e-02
2.139999999999999840e-06 1.045230763083593167e-01 -2.106227515226859193e-02
2.160000000000000072e-06 1.060828285866843856e-01 -2.098309706927323215e-02
2.179999999999999880e-06 1.075837123183088218e-01 -2.084298749082049221e-02
2.200000000000000112e-06 1.091607266226289202e-01 -2.080764535829492112e-02
2.219999999999999921e-06 1.107450452816456793e-01 -2.077835524659219640e-02
2.240000000000000153e-06 1.123517412647851849e-01 -2.076928588106011567e-02
2.259999999999999961e-06 1.139288729421537860e-01 -2.075733931213208372e-02
2.280000000000000193e-06 1.154751721249854118e-01 -2.070765962278339409e-02
2.300000000000000002e-06 1.170455077875270089e-01 -2.065561185439200934e-02
2.320000000000000234e-06 1.186558494990554991e-01 -2.058099689050038594e-02
2.340000000000000042e-06 1.202995719772321920e-01 -2.050336346601499063e-02
2.359999999999999851e-06 1.219300252199906898e-01 -2.043901608482651816e-02
2.380000000000000083e-06 1.235442176343036630e-01 -2.036961355352410324e-02
2.399999999999999891e-06 1.251790754195239996e-01 -2.029693932615585575e-02
2.420000000000000123e-06 1.268586949948817266e-01 -2.023785314235618943e-02
2.439999999999999932e-06 1.284862483043156534e-01 -2.018229374639445017e-02
2.460000000000000164e-06 1.301872187037245721e-01 -2.012226008798201696e-02
2.479999999999999972e-06 1.319301722066643090e-01 -2.006633857150898204e-02
2.500000000000000205e-06 1.336019774187478248e-01 -2.011391797150796634e-02
2.520000000000000013e-06 1.353234329450114515e-01 -2.018301698277627509e-02
2.540000000000000245e-06 1.369502215412287671e-01 -2.018859776991656016e-02
2.560000000000000054e-06 1.388505450845651523e-01 -2.026763199013211642e-02
2.579999999999999862e-06 1.406368692239123308e-01 -2.029797414870788963e-02
2.600000000000000094e-06 1.424165790304113000e-01 -2.030353422751400572e-02
2.619999999999999903e-06 1.442214309916210191e-01 -2.030691616782803396e-02
2.640000000000000135e-06 1.460544851945889677e-01 -2.031029810814206915e-02
2.659999999999999943e-06 1.478926296087043901e-01 -2.031153282541621821e-02
2.680000000000000175e-06 1.496586408721849171e-01 -2.031163035267391503e-02
2.699999999999999984e-06 1.513403390655654046e-01 -2.031172787993161186e-02
2.720000000000000216e-06 1.530254940690601861e-01 -2.032710041967300540e-02
2.740000000000000024e-06 1.547780558053609146e-01 -2.030374611964027090e-02
2.760000000000000256e-06 1.564841010342495065e-01 -2.029629110346751336e-02
2.780000000000000065e-06 1.580833887432466778e-01 -2.030054068008272164e-02
2.799999999999999873e-06 1.595962675150790488e-01 -2.027504017941395009e-02
2.820000000000000105e-06 1.610708807807265108e-01 -2.030823623327805347e-02
2.839999999999999914e-06 1.626181524839251102e-01 -2.030638716242954764e-02
2.860000000000000146e-06 1.641205059950970879e-01 -2.043253082095889198e-02
2.879999999999999954e-06 1.656595448542159954e-01 -2.045693092429860804e-02
2.900000000000000186e-06 1.671453209841985976e-01 -2.050966594432577714e-02
2.919999999999999995e-06 1.686035015983436969e-01 -2.056749792702140811e-02
2.940000000000000227e-06 1.699255858223763793e-01 -2.064237088679430482e-02
2.960000000000000035e-06 1.712985789574962281e-01 -2.063599399628676667e-02
2.980000000000000267e-06 1.728799893857356773e-01 -2.094044733735541883e-02
3.000000000000000076e-06 1.741707861119009826e-01 -2.095303280389698014e-02
3.019999999999999885e-06 1.755529331291421635e-01 -2.102776306717414612e-02
3.040000000000000117e-06 1.769354199891648716e-01 -2.110089069906887632e-02
3.059999999999999925e-06 1.783459549728597382e-01 -2.120987347008276847e-02
3.080000000000000157e-06 1.797544672846620728e-01 -2.131885624109666755e-02
3.099999999999999966e-06 1.811677243695751227e-01 -2.140994585443409259e-02
3.120000000000000198e-06 1.824408786516383829e-01 -2.148984094599507358e-02
3.140000000000000006e-06 1.836807145466744506e-01 -2.157953907982433639e-02
3.160000000000000238e-06 1.848883973085393151e-01 -2.161894006373518695e-02
3.180000000000000047e-06 1.859842054388096966e-01 -2.167472615863309804e-02
3.199999999999999855e-06 1.872588845805382429e-01 -2.175709427866562989e-02
3.220000000000000087e-06 1.884562549495900630e-01 -2.180480898514033580e-02
3.239999999999999896e-06 1.896362662921250442e-01 -2.204333085728360855e-02
3.260000000000000128e-06 1.908084085117879858e-01 -2.210724472290984122e-02
3.279999999999999936e-06 1.919833266590785237e-01 -2.214543404533223306e-02
3.300000000000000168e-06 1.931749827946258047e-01 -2.218299862816596260e-02
3.319999999999999977e-06 1.943603471050739662e-01 -2.224059067896237696e-02
3.340000000000000209e-06 1.954590369280426732e-01 -2.222957633872937877e-02
3.360000000000000017e-06 1.966075401622909835e-01 -2.222817193543921016e-02
3.380000000000000249e-06 1.977842456382975789e-01 -2.216059280434366091e-02
3.400000000000000058e-06 1.989287031243707482e-01 -2.209301367324811860e-02
3.419999999999999866e-06 2.000749551397455472e-01 -2.201065900033967113e-02
3.440000000000000098e-06 2.012260927111888253e-01 -2.199174468778524252e-02
3.459999999999999907e-06 2.023220843083259335e-01 -2.186839993645349825e-02
3.480000000000000139e-06 2.033667495145801418e-01 -2.171745366837583846e-02
3.499999999999999947e-06 2.044266532045724838e-01 -2.157140600833399452e-02
3.520000000000000180e-06 2.054550614426317034e-01 -2.142613999505529193e-02
3.539999999999999988e-06 2.065084109983170990e-01 -2.131108843942186581e-02
3.560000000000000220e-06 2.074872294170373999e-01 -2.113934135814796861e-02
3.580000000000000029e-06 2.082969890718288364e-01 -2.110825521329405194e-02
3.600000000000000261e-06 2.091896274297278813e-01 -2.095337174925231485e-02
3.620000000000000069e-06 2.099393422285110999e-01 -2.082051303111279866e-02
3.639999999999999878e-06 2.107172592690525481e-01 -2.068765431297327553e-02
3.660000000000000110e-06 2.113947912767693837e-01 -2.056000473011215107e-02
3.679999999999999918e-06 2.119235541490541996e-01 -2.043125690496053193e-02
3.700000000000000150e-06 2.124984650649736906e-01 -2.034812823102094548e-02
3.719999999999999959e-06 2.132165059902447202e-01 -2.022814607205548898e-02
3.740000000000000191e-06 2.138531160215345617e-01 -2.022355216974393993e-02
3.759999999999999999e-06 2.145035526532735326e-01 -2.027619570038400112e-02
3.780000000000000231e-06 2.151624485506967166e-01 -2.030128262045225937e-02
3.800000000000000040e-06 2.157691166244088132e-01 -2.033328352542255330e-02
3.819999999999999848e-06 2.163510587373823901e-01 -2.036702713492320391e-02
3.840000000000000504e-06 2.170439851685093680e-01 -2.047775906419591063e-02
3.860000000000000312e-06 2.177072554460487142e-01 -2.056062062906879526e-02
3.880000000000000121e-06 2.183135792838460654e-01 -2.052587897982893414e-02
3.899999999999999929e-06 2.188078605810422073e-01 -2.046316086830574782e-02
3.919999999999999738e-06 2.194569749980581630e-01 -2.063912992963526372e-02
3.940000000000000393e-06 2.199923057099905377e-01 -2.087569321404988271e-02
3.960000000000000202e-06 2.205373461853826766e-01 -2.106498599507202266e-02
3.980000000000000010e-06 2.210699769419980365e-01 -2.123017744499955048e-02
3.999999999999999819e-06 2.215832653216025516e-01 -2.139253925944506821e-02
4.020000000000000475e-06 2.221017186417647005e-01 -2.155951462427629570e-02
4.040000000000000283e-06 2.225247115521448715e-01 -2.175312404928588308e-02
4.060000000000000092e-06 2.229697354223713901e-01 -2.194665390542489131e-02
4.079999999999999900e-06 2.233876697186338578e-01 -2.212072631101559550e-02
4.099999999999999709e-06 2.237505305253357224e-01 -2.229912447217581584e-02
4.120000000000000364e-06 2.241028575693000957e-01 -2.253006685713008703e-02
4.140000000000000173e-06 2.243869490742625428e-01 -2.263779959314441564e-02
4.159999999999999981e-06 2.246817013576827837e-01 -2.281092233573959321e-02
4.179999999999999790e-06 2.249824434624424774e-01 -2.300656545090108349e-02
4.200000000000000445e-06 2.252270402398169613e-01 -2.317237084273104583e-02
4.220000000000000254e-06 2.254998392589496470e-01 -2.338729702936514013e-02
4.240000000000000062e-06 2.257383464080045532e-01 -2.358870212625755608e-02
4.259999999999999871e-06 2.259031580514107296e-01 -2.379010722314998244e-02
4.279999999999999679e-06 2.260402731907448226e-01 -2.397753279747814187e-02
4.300000000000000335e-06 2.261935897049091870e-01 -2.416417954910032515e-02
4.320000000000000143e-06 2.263771785961493088e-01 -2.435386266738828742e-02
4.339999999999999952e-06 2.265158085976235192e-01 -2.457961790282895548e-02
4.359999999999999760e-06 2.267183539131533421e-01 -2.478501699351973869e-02
4.380000000000000416e-06 2.268598186771634273e-01 -2.500764597820110888e-02
4.400000000000000224e-06 2.270194601368891452e-01 -2.518544830985992508e-02
4.420000000000000033e-06 2.271460475340985885e-01 -2.547365773915335335e-02
4.439999999999999841e-06 2.271513590056482568e-01 -2.571777812825318255e-02
4.460000000000000497e-06 2.271793593580328230e-01 -2.590860366471723492e-02
4.480000000000000305e-06 2.271399083469415048e-01 -2.609942920118130463e-02
4.500000000000000114e-06 2.271102241403148980e-01 -2.623063753713270746e-02
4.519999999999999923e-06 2.271087421754464653e-01 -2.636184587308411029e-02
4.539999999999999731e-06 2.270715418506938921e-01 -2.649305420903551311e-02
4.560000000000000387e-06 2.270625437676995484e-01 -2.662426254498691247e-02
4.580000000000000195e-06 2.270586077104648215e-01 -2.671711720816559790e-02
4.600000000000000004e-06 2.271134610862328984e-01 -2.680154255885594528e-02
4.619999999999999812e-06 2.271639681975788916e-01 -2.687768620857125881e-02
4.640000000000000468e-06 2.272460021220912840e-01 -2.695058815019486104e-02
4.660000000000000276e-06 2.273613466349641565e-01 -2.694995546264498248e-02
4.680000000000000085e-06 2.274402015837457547e-01 -2.695797794016298668e-02
4.699999999999999893e-06 2.275260476319047875e-01 -2.706400458822611280e-02
4.719999999999999702e-06 2.275726733906152655e-01 -2.717003123628923197e-02
4.740000000000000357e-06 2.276075898059124747e-01 -2.727605788435235462e-02
4.760000000000000166e-06 2.276707084629678579e-01 -2.740372908779309044e-02
4.779999999999999974e-06 2.277635286583449548e-01 -2.753507853706682953e-02
4.799999999999999783e-06 2.279076220537962771e-01 -2.771224524646357171e-02
4.820000000000000438e-06 2.280381156014694988e-01 -2.788941195586031388e-02
4.840000000000000247e-06 2.280502904474338843e-01 -2.806205083959042654e-02
4.860000000000000055e-06 2.278911636917261285e-01 -2.826968691503556688e-02
4.879999999999999864e-06 2.278191675027201879e-01 -2.848771815315067485e-02
4.900000000000000519e-06 2.277190400440856910e-01 -2.864438680904603934e-02
4.920000000000000328e-06 2.275384551864995941e-01 -2.877257506486855659e-02
4.940000000000000136e-06 2.273756083135700379e-01 -2.896807001003619611e-02
4.959999999999999945e-06 2.271800791145438259e-01 -2.913076308362334832e-02
4.979999999999999753e-06 2.269732249674056013e-01 -2.929345615721050400e-02
5.000000000000000409e-06 2.267823072107172100e-01 -2.948108658468851298e-02
5.020000000000000218e-06 2.265497114633867881e-01 -2.964954900637970653e-02
5.040000000000000026e-06 2.263771242934499439e-01 -2.980826302993926438e-02
5.059999999999999835e-06 2.262295690263953774e-01 -2.993255655296404166e-02
5.080000000000000490e-06 2.261224711959351485e-01 -3.001931122659288326e-02
5.100000000000000299e-06 2.260366908992926249e-01 -3.013811808729868411e-02
5.120000000000000107e-06 2.259018855329110731e-01 -3.007063274037304404e-02
5.139999999999999916e-06 2.258119516539011939e-01 -3.004493241810924850e-02
5.159999999999999724e-06 2.256767054045039356e-01 -3.003217080531553340e-02
5.180000000000000380e-06 2.255458033908540882e-01 -3.002205308316042640e-02
5.200000000000000188e-06 2.254431036189624427e-01 -3.001193536100531245e-02
5.219999999999999997e-06 2.253573651458602722e-01 -3.000181763885020197e-02
5.239999999999999805e-06 2.251956746420938904e-01 -2.999169991669509497e-02
5.260000000000000461e-06 2.250354964794559764e-01 -2.998158219453997408e-02
5.280000000000000269e-06 2.248315552898282055e-01 -2.997146447238486014e-02
5.300000000000000078e-06 2.246142756584229849e-01 -2.990547025283761540e-02
5.319999999999999886e-06 2.243819061130236103e-01 -2.984281872504111754e-02
5.339999999999999695e-06 2.241716038270510636e-01 -2.975921087479965060e-02
5.360000000000000350e-06 2.238717726273130315e-01 -2.969597234482684173e-02
5.380000000000000159e-06 2.236449554873228829e-01 -2.948347266407731412e-02
5.399999999999999967e-06 2.233980794167575723e-01 -2.938634081263977182e-02
5.419999999999999776e-06 2.231880969989040175e-01 -2.931047101724780848e-02
5.440000000000000431e-06 2.228776229779182438e-01 -2.926328926446927076e-02
5.460000000000000240e-06 2.227382184872776227e-01 -2.907856531624768842e-02
5.480000000000000048e-06 2.224369412188980655e-01 -2.900687431893770110e-02
5.499999999999999857e-06 2.220997879887030568e-01 -2.893551446484040474e-02
5.520000000000000513e-06 2.217001300753263238e-01 -2.886627378257016624e-02
5.540000000000000321e-06 2.213286744037077369e-01 -2.879703310029993815e-02
5.560000000000000130e-06 2.209591729108063285e-01 -2.872779241802971006e-02
5.579999999999999938e-06 2.205560980730064402e-01 -2.864911737496618482e-02
5.599999999999999747e-06 2.201664227705328880e-01 -2.861176051025920639e-02
5.620000000000000402e-06 2.197941082346464292e-01 -2.853765745729716294e-02
5.640000000000000211e-06 2.194260360584480984e-01 -2.849699081375621154e-02
5.660000000000000019e-06 2.190631092316222828e-01 -2.848190647307960802e-02
5.679999999999999828e-06 2.189794984504017938e-01 -2.847476099925056597e-02
5.700000000000000483e-06 2.187291976643104541e-01 -2.845659546317158908e-02
5.720000000000000292e-06 2.185070991199773993e-01 -2.840956991443678581e-02
5.740000000000000100e-06 2.182660305925371302e-01 -2.836029323683898762e-02
5.759999999999999909e-06 2.180714068609808098e-01 -2.829517201221395245e-02
5.779999999999999717e-06 2.178166555785777114e-01 -2.819402660550372752e-02
5.800000000000000373e-06 2.175194567427212178e-01 -2.817090006052070175e-02
5.820000000000000181e-06 2.172995291814439900e-01 -2.822317848841865082e-02
5.839999999999999990e-06 2.171180435088384542e-01 -2.796496549500358461e-02
5.859999999999999798e-06 2.170073399519291679e-01 -2.791921895664676093e-02
5.880000000000000454e-06 2.169030184567447006e-01 -2.788683715928584606e-02
5.900000000000000262e-06 2.168228788407814689e-01 -2.791765489084210156e-02
5.920000000000000071e-06 2.165420089937984960e-01 -2.790114799617217714e-02
5.939999999999999879e-06 2.163654085264470062e-01 -2.786471147291286546e-02
5.960000000000000535e-06 2.161712497206866590e-01 -2.782387640549549915e-02
5.980000000000000343e-06 2.159554205859156306e-01 -2.779039841546033021e-02
6.000000000000000152e-06 2.157658819053867860e-01 -2.772473084044756175e-02
6.019999999999999961e-06 2.156750608664128044e-01 -2.765937164250828126e-02
6.039999999999999769e-06 2.155858278000464812e-01 -2.753285684895591390e-02
6.060000000000000425e-06 2.154710280759426777e-01 -2.755550335382522115e-02
6.080000000000000233e-06 2.154325591827623287e-01 -2.749642363024806455e-02
6.100000000000000042e-06 2.153093676538875567e-01 -2.766711136813302871e-02
6.119999999999999850e-06 2.152602316054273990e-01 -2.767208376250977070e-02
6.140000000000000506e-06 2.151523178388178303e-01 -2.771529892399604220e-02
6.160000000000000314e-06 2.151183986217919675e-01 -2.777281632291607114e-02
6.180000000000000123e-06 2.150676590286666745e-01 -2.780646042853131619e-02
6.199999999999999931e-06 2.149811600771861786e-01 -2.781870107550383012e-02
6.219999999999999740e-06 2.148251893752237129e-01 -2.782157264298126126e-02
6.240000000000000395e-06 2.146485748385663361e-01 -2.782444421045869934e-02
6.260000000000000204e-06 2.145001625436671611e-01 -2.782430383003246799e-02
6.280000000000000012e-06 2.143256508043441533e-01 -2.782516368503865078e-02
6.299999999999999821e-06 2.141748017187202202e-01 -2.781134490548552510e-02
6.320000000000000476e-06 2.140212977132918137e-01 -2.779162805454585619e-02
6.340000000000000285e-06 2.138261222113254645e-01 -2.777191120360618382e-02
6.360000000000000093e-06 2.136247700609845979e-01 -2.771747939300937824e-02
6.379999999999999902e-06 2.134287900420137607e-01 -2.771281936431033155e-02
6.399999999999999710e-06 2.131902272203956561e-01 -2.768594457804006426e-02
6.420000000000000366e-06 2.129703687944712043e-01 -2.758986579430143180e-02
6.440000000000000174e-06 2.126152481634243085e-01 -2.746797388405838175e-02
6.459999999999999983e-06 2.122786815007773886e-01 -2.737703557871096552e-02
6.479999999999999791e-06 2.119435525437150525e-01 -2.728609727336355276e-02
6.500000000000000447e-06 2.116366258284109736e-01 -2.722636862188331994e-02
6.520000000000000256e-06 2.113587385732986212e-01 -2.711261896444569497e-02
6.540000000000000064e-06 2.111106024126060965e-01 -2.706077220246300499e-02
6.559999999999999873e-06 2.108333150969809722e-01 -2.708674579118437037e-02
6.580000000000000528e-06 2.105415134438742009e-01 -2.703146584610884723e-02
6.600000000000000337e-06 2.102082733744834453e-01 -2.700932138701417698e-02
6.620000000000000145e-06 2.099809864475312149e-01 -2.688909523527575202e-02
6.639999999999999954e-06 2.096288501450323249e-01 -2.685461872621335011e-02
6.659999999999999762e-06 2.092228600969183450e-01 -2.682436203403959496e-02
6.680000000000000418e-06 2.088197694264644355e-01 -2.683811768921918681e-02
6.700000000000000226e-06 2.083773037308886966e-01 -2.684909489425879939e-02
6.720000000000000035e-06 2.079811517433262091e-01 -2.685011631285870795e-02
6.739999999999999843e-06 2.076611020934060192e-01 -2.687598756445083725e-02
6.760000000000000499e-06 2.073039593774987921e-01 -2.692264405081487566e-02
6.780000000000000307e-06 2.069219714367185048e-01 -2.697755109277035282e-02
6.800000000000000116e-06 2.065266019896424832e-01 -2.703245813472582651e-02
6.819999999999999924e-06 2.061218150132136384e-01 -2.711849538858788350e-02
6.839999999999999733e-06 2.057422169343839646e-01 -2.720119999355926840e-02
6.860000000000000388e-06 2.053103579197033957e-01 -2.729899506387943597e-02
6.880000000000000197e-06 2.048679087632166440e-01 -2.737078490240675219e-02
6.900000000000000005e-06 2.044082754510170574e-01 -2.749846040940273975e-02
6.919999999999999814e-06 2.040133210522621365e-01 -2.769730948255364963e-02
6.940000000000000469e-06 2.036128281696535092e-01 -2.786641791818684349e-02
6.960000000000000278e-06 2.031589354385271717e-01 -2.802558630752784510e-02
6.980000000000000086e-06 2.027036192143731042e-01 -2.816866248992520166e-02
6.999999999999999895e-06 2.022443169673224239e-01 -2.834407774874320857e-02
7.020000000000000551e-06 2.018125202967067378e-01 -2.852636915693539110e-02
7.040000000000000359e-06 2.013948132128625113e-01 -2.870866056512757017e-02
7.060000000000000168e-06 2.010256943412253028e-01 -2.890285777953786189e-02
7.079999999999999976e-06 2.005881745147089501e-01 -2.907664038104938384e-02
7.099999999999999785e-06 2.001559949683015538e-01 -2.927739793697916454e-02
7.120000000000000440e-06 1.997297156031082599e-01 -2.943112410567909343e-02
7.140000000000000249e-06 1.993204809073650385e-01 -2.959545330353588813e-02
7.160000000000000057e-06 1.988559019020885166e-01 -2.976214928654076844e-02
7.179999999999999866e-06 1.984369693126130096e-01 -2.997787664544570088e-02
7.200000000000000521e-06 1.980050884760199692e-01 -3.019787168438133745e-02
7.220000000000000330e-06 1.976208509511800937e-01 -3.042164091108148088e-02
7.240000000000000138e-06 1.972648156680984755e-01 -3.064541013778163819e-02
7.259999999999999947e-06 1.969369826267751422e-01 -3.086917936448179203e-02
7.279999999999999755e-06 1.965322299664292727e-01 -3.110883226439824581e-02
7.300000000000000411e-06 1.961807237832837447e-01 -3.133115254026962171e-02
7.320000000000000219e-06 1.957831742566380484e-01 -3.150896764022604463e-02
7.340000000000000028e-06 1.953704362207258349e-01 -3.174875259641356251e-02
7.359999999999999836e-06 1.949885669718163794e-01 -3.206725355987946613e-02
7.380000000000000492e-06 1.945535167589108050e-01 -3.228737454052214850e-02
7.400000000000000300e-06 1.940959542302502505e-01 -3.251245838832768353e-02
7.420000000000000109e-06 1.936665939433480088e-01 -3.273754223613321163e-02
7.439999999999999917e-06 1.932343201894793638e-01 -3.295911024361698749e-02
7.460000000000000573e-06 1.928248105857338079e-01 -3.314926206432072808e-02
7.480000000000000381e-06 1.924652312383836605e-01 -3.330485865316278743e-02
7.500000000000000190e-06 1.920838897480195706e-01 -3.345352657938951285e-02
7.519999999999999999e-06 1.916895114354590091e-01 -3.356430067751545870e-02
7.539999999999999807e-06 1.913243806890230214e-01 -3.366802805395188031e-02
7.560000000000000463e-06 1.909789240167794611e-01 -3.373693281171293717e-02
7.580000000000000271e-06 1.906718530424826308e-01 -3.382425639344053409e-02
7.600000000000000080e-06 1.902577975137418886e-01 -3.389662989657854508e-02
7.619999999999999888e-06 1.899675991297459510e-01 -3.392248438762426876e-02
7.639999999999999697e-06 1.897056029875082706e-01 -3.394833887866999245e-02
7.659999999999999505e-06 1.894673512538459226e-01 -3.393241633741018309e-02
7.680000000000001008e-06 1.891707778216591973e-01 -3.388586950135275694e-02
7.700000000000000816e-06 1.888686251950316142e-01 -3.383932266529533078e-02
7.720000000000000625e-06 1.885946748101622328e-01 -3.375753244538056558e-02
7.740000000000000433e-06 1.883074760183631735e-01 -3.367574222546580731e-02
7.760000000000000242e-06 1.880519752916163245e-01 -3.360276606801163024e-02
7.780000000000000050e-06 1.878365249223462319e-01 -3.352010964057954012e-02
7.799999999999999859e-06 1.876478191730154010e-01 -3.345292727201161498e-02
7.819999999999999667e-06 1.874358285326593321e-01 -3.343738514286859198e-02
7.839999999999999476e-06 1.872817401585554764e-01 -3.336591965447043007e-02
7.860000000000000978e-06 1.872132339210614560e-01 -3.345681520499289158e-02
7.880000000000000787e-06 1.871055352932091409e-01 -3.351047465745684434e-02
7.900000000000000595e-06 1.869992955984046412e-01 -3.356333623743269073e-02
7.920000000000000404e-06 1.868309495990127800e-01 -3.361129169942920353e-02
7.940000000000000212e-06 1.866233390011284854e-01 -3.367290757397845696e-02
7.960000000000000021e-06 1.864609459547904857e-01 -3.370100675189020151e-02
7.979999999999999829e-06 1.862994573467661452e-01 -3.375983208852639805e-02
7.999999999999999638e-06 1.860688977965851143e-01 -3.377715638430478506e-02
8.019999999999999446e-06 1.858153389065434202e-01 -3.383423618052141396e-02
8.040000000000000949e-06 1.856817565316438712e-01 -3.388242227771270931e-02
8.060000000000000758e-06 1.855230721193064369e-01 -3.402563001608441967e-02
8.080000000000000566e-06 1.853680516600435535e-01 -3.410882704017778599e-02
8.100000000000000375e-06 1.851077705971324594e-01 -3.419153981467178832e-02
8.120000000000000183e-06 1.849312318789793630e-01 -3.429713569935299161e-02
8.139999999999999992e-06 1.847828954025845238e-01 -3.440273158403419490e-02
8.159999999999999800e-06 1.846627611679479142e-01 -3.450832746871540513e-02
8.179999999999999609e-06 1.844971808511944034e-01 -3.461392335339660148e-02
8.199999999999999417e-06 1.843295330697017620e-01 -3.471951923807780477e-02
8.220000000000000920e-06 1.841760973714413885e-01 -3.482673107518778621e-02
8.240000000000000728e-06 1.840069531122374147e-01 -3.491376144943807158e-02
8.260000000000000537e-06 1.838660110947916704e-01 -3.500079182368835695e-02
8.280000000000000345e-06 1.837565011569369799e-01 -3.502441146019440871e-02
8.300000000000000154e-06 1.836244321826968340e-01 -3.502657343401485018e-02
8.319999999999999962e-06 1.835385114120142436e-01 -3.495864310937871200e-02
8.339999999999999771e-06 1.834701159849563001e-01 -3.489071278474257382e-02
8.359999999999999579e-06 1.834375429074596719e-01 -3.482999909144424838e-02
8.379999999999999388e-06 1.834341335253752425e-01 -3.476954808507077416e-02
8.400000000000000890e-06 1.834589263850491259e-01 -3.470909707869729993e-02
8.420000000000000699e-06 1.834895579839943003e-01 -3.460458767524806495e-02
8.440000000000000507e-06 1.835993016344089901e-01 -3.447144564855478266e-02
8.460000000000000316e-06 1.837012364637231610e-01 -3.431158457386621063e-02
8.480000000000000124e-06 1.838162266713142534e-01 -3.412080159089001669e-02
8.499999999999999933e-06 1.839104047326531599e-01 -3.417470970554625093e-02
8.519999999999999742e-06 1.840199207570956119e-01 -3.399153418854203995e-02
8.539999999999999550e-06 1.841252867110759472e-01 -3.387444910537140003e-02
8.559999999999999359e-06 1.841768722052780916e-01 -3.375736402220076704e-02
8.580000000000000861e-06 1.842765085555674309e-01 -3.365779326228643398e-02
8.600000000000000670e-06 1.843992228323350357e-01 -3.350357780314676404e-02
8.620000000000000478e-06 1.845402245775343841e-01 -3.334102354558936276e-02
8.640000000000000287e-06 1.847094285644919898e-01 -3.317846928803195455e-02
8.660000000000000095e-06 1.848521561558363335e-01 -3.303425532939446851e-02
8.679999999999999904e-06 1.849900892764241300e-01 -3.289004137075697554e-02
8.699999999999999712e-06 1.851562246387702393e-01 -3.274582741211949644e-02
8.719999999999999521e-06 1.853427930718591632e-01 -3.257079464300498273e-02
8.740000000000001023e-06 1.855711245363044493e-01 -3.235891846790586029e-02
8.760000000000000832e-06 1.857882366380913253e-01 -3.212576323614922680e-02
8.780000000000000640e-06 1.860335509816364030e-01 -3.193310283891127171e-02
8.800000000000000449e-06 1.862490187117760709e-01 -3.171405622427772575e-02
8.820000000000000257e-06 1.864976894508953986e-01 -3.146148647033997214e-02
8.840000000000000066e-06 1.867626587475227362e-01 -3.122622391341036557e-02
8.859999999999999874e-06 1.870096437949396728e-01 -3.098395990612740417e-02
8.879999999999999683e-06 1.872866045977158167e-01 -3.073272073725073078e-02
8.899999999999999491e-06 1.876386548483527927e-01 -3.049302317770474779e-02
8.920000000000000994e-06 1.879669717287340835e-01 -3.023333025572185265e-02
8.940000000000000802e-06 1.882838511266780313e-01 -2.996214453500854052e-02
8.960000000000000611e-06 1.886644322599755619e-01 -2.976183511282175578e-02
8.980000000000000419e-06 1.890424594821431825e-01 -2.968200916457693073e-02
9.000000000000000228e-06 1.894269912033879066e-01 -2.951802397757136501e-02
9.020000000000000037e-06 1.897990428211227265e-01 -2.929941289986102287e-02
9.039999999999999845e-06 1.901757558976545082e-01 -2.909339646247595043e-02
9.059999999999999654e-06 1.904999578967581098e-01 -2.884612684773254707e-02
9.079999999999999462e-06 1.908744206844547042e-01 -2.862593136510925562e-02
9.100000000000000965e-06 1.912770857139094727e-01 -2.840573588248598846e-02
9.120000000000000773e-06 1.916666150842975813e-01 -2.818554039986271090e-02
9.140000000000000582e-06 1.920572642075224212e-01 -2.796534491723941945e-02
9.160000000000000390e-06 1.923796574467230847e-01 -2.777314365318477724e-02
9.180000000000000199e-06 1.927620998617511905e-01 -2.758554041680574831e-02
9.200000000000000007e-06 1.931310026154043902e-01 -2.740019935024726183e-02
9.219999999999999816e-06 1.934507249515851068e-01 -2.721485828368877882e-02
9.239999999999999624e-06 1.937986495295241085e-01 -2.702951721713030275e-02
9.259999999999999433e-06 1.941231227849893881e-01 -2.682744876631540376e-02
9.280000000000000935e-06 1.944232041254366772e-01 -2.662822943159667138e-02
9.300000000000000744e-06 1.946975540975107999e-01 -2.639762725106644531e-02
9.320000000000000552e-06 1.950000294958892932e-01 -2.612596472938582409e-02
9.340000000000000361e-06 1.953374770302203078e-01 -2.588335882708793501e-02
9.360000000000000169e-06 1.956402708516131461e-01 -2.566154303057806285e-02
9.379999999999999978e-06 1.959266591326394580e-01 -2.543497385795624732e-02
9.399999999999999786e-06 1.961635297813661694e-01 -2.518648115811155178e-02
9.419999999999999595e-06 1.965093675276263219e-01 -2.485863696167870188e-02
9.439999999999999403e-06 1.968692924510553055e-01 -2.456395323286691620e-02
9.460000000000000906e-06 1.972658575410268511e-01 -2.426621088474683469e-02
9.480000000000000715e-06 1.976880490683128877e-01 -2.402702553560399912e-02
9.500000000000000523e-06 1.981367203561957557e-01 -2.376523217190158049e-02
9.520000000000000332e-06 1.985808945445189655e-01 -2.349778709149586212e-02
9.540000000000000140e-06 1.990532709746004603e-01 -2.323034201109014721e-02
9.559999999999999949e-06 1.995538496464401568e-01 -2.296289693068441842e-02
9.579999999999999757e-06 1.999048134003805766e-01 -2.269545185027869311e-02
9.599999999999999566e-06 2.002839793960792814e-01 -2.242800676987297126e-02
9.619999999999999374e-06 2.006734762410777584e-01 -2.217785069085462940e-02
9.640000000000000877e-06 2.010510244172714067e-01 -2.189878062963267549e-02
9.660000000000000685e-06 2.014974493094063845e-01 -2.163201462438235981e-02
9.680000000000000494e-06 2.019520033517943902e-01 -2.135909882839338511e-02
9.700000000000000302e-06 2.023793380308892276e-01 -2.108618303240442082e-02
9.720000000000000111e-06 2.027791563875387393e-01 -2.077974545786585858e-02
9.739999999999999919e-06 2.031765686680382377e-01 -2.052165552457206957e-02
9.759999999999999728e-06 2.036024192192110727e-01 -2.019455759889838761e-02
9.779999999999999536e-06 2.040278129817611197e-01 -1.987907456501634626e-02
9.800000000000001039e-06 2.044316105858257626e-01 -1.956332463818332562e-02
9.820000000000000847e-06 2.048471486129649910e-01 -1.926170739554793412e-02
9.840000000000000656e-06 2.052876644283656571e-01 -1.902526409557649817e-02
9.860000000000000464e-06 2.057429696286574017e-01 -1.869471740357470449e-02
9.880000000000000273e-06 2.060188518163747762e-01 -1.850677959645814080e-02
9.900000000000000081e-06 2.062844646680659366e-01 -1.830562241829131534e-02
9.919999999999999890e-06 2.065743874053716789e-01 -1.803432805597125418e-02
9.939999999999999698e-06 2.068886025960330888e-01 -1.777378771624681109e-02
9.959999999999999507e-06 2.072310200284527559e-01 -1.756143476397904746e-02
9.980000000000001010e-06 2.075509856880337622e-01 -1.734908181171127689e-02
1.000000000000000082e-05 2.079103920433540142e-01 -1.714689324763472855e-02
1.002000000000000063e-05 2.081417002611874456e-01 -1.699446200046590694e-02
1.004000000000000044e-05 2.084197297079829203e-01 -1.684777332941561970e-02
1.006000000000000024e-05 2.087318353362678514e-01 -1.669403622622148489e-02
1.008000000000000005e-05 2.090289073816465060e-01 -1.653880322540924805e-02
1.009999999999999986e-05 2.093429337700634385e-01 -1.644501901566494673e-02
1.011999999999999967e-05 2.097043932505190666e-01 -1.631616574290777749e-02
1.013999999999999948e-05 2.100426791226332190e-01 -1.621426112371008102e-02
1.016000000000000098e-05 2.104296579352430419e-01 -1.610836916830639398e-02
1.018000000000000079e-05 2.108685358273225396e-01 -1.603168795065953653e-02
1.020000000000000060e-05 2.112562821803016522e-01 -1.592708725677274145e-02
1.022000000000000041e-05 2.116467540940502878e-01 -1.582383328877639411e-02
1.024000000000000021e-05 2.119620286618265348e-01 -1.569577172364414880e-02
1.026000000000000002e-05 2.123064838532763288e-01 -1.556348344174155081e-02
1.027999999999999983e-05 2.124853064216248588e-01 -1.540178174734752742e-02
1.029999999999999964e-05 2.125713389329222380e-01 -1.522925493540151255e-02
1.031999999999999945e-05 2.127796751797703112e-01 -1.505952687054331988e-02
1.034000000000000095e-05 2.129823568001723844e-01 -1.491918228428636140e-02
1.036000000000000076e-05 2.132151090190958220e-01 -1.475315059865447281e-02
1.038000000000000057e-05 2.134911514238713726e-01 -1.460725521024098389e-02
1.040000000000000038e-05 2.137688443577076824e-01 -1.446681797253292906e-02
1.042000000000000018e-05 2.140747395333022496e-01 -1.432638073482487250e-02
1.043999999999999999e-05 2.143839746813596125e-01 -1.418594349711681593e-02
1.045999999999999980e-05 2.147352619920808170e-01 -1.408205099680211354e-02
1.047999999999999961e-05 2.150891200183855378e-01 -1.398612984465387454e-02
1.049999999999999942e-05 2.155844932327457275e-01 -1.391583747611040492e-02
1.052000000000000092e-05 2.159899180523087991e-01 -1.390941264108068280e-02
1.054000000000000073e-05 2.164827646372206871e-01 -1.375174481681413520e-02
1.056000000000000054e-05 2.169609903222267655e-01 -1.364605141490236873e-02
1.058000000000000035e-05 2.173541499859275583e-01 -1.353684904724828351e-02
1.060000000000000016e-05 2.177403075984982173e-01 -1.338968265872600601e-02
1.061999999999999996e-05 2.180827010875918959e-01 -1.317940836451114532e-02
1.063999999999999977e-05 2.184214849490042354e-01 -1.296901251676631402e-02
1.065999999999999958e-05 2.186339864219974116e-01 -1.271547632823818302e-02
1.067999999999999939e-05 2.189563146156542905e-01 -1.248278259309810664e-02
1.070000000000000089e-05 2.192419048333774656e-01 -1.223068483634709956e-02
1.072000000000000070e-05 2.195556972928588979e-01 -1.197858707959609248e-02
1.074000000000000051e-05 2.198608963560082785e-01 -1.172648932284508366e-02
1.076000000000000032e-05 2.201942976609158331e-01 -1.147439156609407138e-02
1.078000000000000013e-05 2.204516380703619993e-01 -1.122229380934306256e-02
1.079999999999999993e-05 2.207485370778063949e-01 -1.093483388837579971e-02
1.081999999999999974e-05 2.210402034558711648e-01 -1.064737396740853513e-02
1.083999999999999955e-05 2.213600720756941087e-01 -1.035991404644126708e-02
1.086000000000000105e-05 2.217081429372752821e-01 -1.007245412547400250e-02
1.088000000000000086e-05 2.220621991895146974e-01 -9.780705844400845034e-03
1.090000000000000067e-05 2.224607091963930749e-01 -9.471739892640530789e-03
1.092000000000000048e-05 2.228864310331898912e-01 -9.139151993478367153e-03
1.094000000000000029e-05 2.233241873978314695e-01 -8.812384253479209339e-03
1.096000000000000010e-05 2.237307227735519932e-01 -8.485616513480044587e-03
1.097999999999999991e-05 2.241117110763499176e-01 -8.103167209802473667e-03
1.099999999999999971e-05 2.244407064157766807e-01 -7.706567400003810561e-03
1.101999999999999952e-05 2.247938119064069318e-01 -7.312636705280023582e-03
1.104000000000000103e-05 2.250817388787247353e-01 -6.912091236278187535e-03
1.106000000000000083e-05 2.253266296879795350e-01 -6.559763237555411679e-03
1.108000000000000064e-05 2.255698954281731838e-01 -6.207435238832639292e-03
1.110000000000000045e-05 2.257886973392151109e-01 -5.855107240109871242e-03
1.112000000000000026e-05 2.260002254573728886e-01 -5.502779241387100589e-03
1.114000000000000007e-05 2.261401597950102316e-01 -5.097180305220919486e-03
1.115999999999999988e-05 2.262897516395768471e-01 -4.729822381265740179e-03
1.117999999999999968e-05 2.264037115738457839e-01 -4.363467336795011364e-03
1.119999999999999949e-05 2.265063477135068060e-01 -4.016373093299966009e-03
1.122000000000000100e-05 2.266200713271067368e-01 -3.637967624479556805e-03
1.124000000000000080e-05 2.267082840683301015e-01 -3.256009012618671546e-03
1.126000000000000061e-05 2.267743178366827539e-01 -2.874050400757786720e-03
1.128000000000000042e-05 2.268268853280552000e-01 -2.554406990461133200e-03
1.130000000000000023e-05 2.268922454474526507e-01 -2.260038832281237656e-03
1.132000000000000004e-05 2.269311865847191689e-01 -1.956784984777084572e-03
1.133999999999999985e-05 2.269538549712204756e-01 -1.690260193849669676e-03
1.135999999999999966e-05 2.269992747758651230e-01 -1.393237731350707069e-03
1.137999999999999946e-05 2.270993891884696692e-01 -1.196973681751806531e-03
1.140000000000000097e-05 2.272510976438787966e-01 -1.058211978341383258e-03
1.142000000000000077e-05 2.273815278484906388e-01 -8.931347122173676194e-04
1.144000000000000058e-05 2.274768680834371171e-01 -7.280574460933550169e-04
1.146000000000000039e-05 2.276004105601418803e-01 -5.629801799693440406e-04
1.148000000000000020e-05 2.277521552786049008e-01 -3.979029138453295407e-04
1.150000000000000001e-05 2.277731928122146698e-01 -2.328256477213155829e-04
1.151999999999999982e-05 2.277769587607409163e-01 -5.907917212206237253e-05
1.153999999999999963e-05 2.277688862054174090e-01 1.238074651385137539e-04
1.155999999999999943e-05 2.276457263986928492e-01 2.895835502738103458e-04
1.158000000000000094e-05 2.275533757499597354e-01 3.971347407762460045e-04
1.160000000000000075e-05 2.274983940163765872e-01 5.038609671058677910e-04
1.162000000000000055e-05 2.273928417439810001e-01 5.663387758369839561e-04
1.164000000000000036e-05 2.272352481011933045e-01 7.022611061611227839e-04
1.166000000000000017e-05 2.270403406613274166e-01 8.581279007789005585e-04
1.167999999999999998e-05 2.268366195994343526e-01 9.825746859469081627e-04
1.169999999999999979e-05 2.266619960229200037e-01 1.107388282824561462e-03
1.171999999999999960e-05 2.265484770691634231e-01 1.180937883407372820e-03
1.173999999999999941e-05 2.263909131082639525e-01 1.244662839976294144e-03
1.176000000000000091e-05 2.262802042660366220e-01 1.363417750350145964e-03
1.178000000000000072e-05 2.261987361814203068e-01 1.457968593020951813e-03
1.180000000000000052e-05 2.261760862140904660e-01 1.503844482658473576e-03
1.182000000000000033e-05 2.262347143616214862e-01 1.576789075757865574e-03
1.184000000000000014e-05 2.262334578046598932e-01 1.610616697677883175e-03
1.185999999999999995e-05 2.262371095282808275e-01 1.644444319597900559e-03
1.187999999999999976e-05 2.262842121861553257e-01 1.732956130894071096e-03
1.189999999999999957e-05 2.265044616345797124e-01 1.774903059438080744e-03
1.192000000000000107e-05 2.265494588341394055e-01 1.933374058747169312e-03
1.194000000000000088e-05 2.266698091107729185e-01 2.002148165758389688e-03
1.196000000000000069e-05 2.267483643820489836e-01 2.052559299293880285e-03
1.198000000000000050e-05 2.268551218950832227e-01 2.102970432829363509e-03
1.200000000000000030e-05 2.269900816498757745e-01 2.187088409588185643e-03
1.202000000000000011e-05 2.270378667459659605e-01 2.280769602820005917e-03
1.203999999999999992e-05 2.271052272046406306e-01 2.421789701396072445e-03
1.205999999999999973e-05 2.271754501892326028e-01 2.570806245047135927e-03
1.207999999999999954e-05 2.272738754155828600e-01 2.719822788698197241e-03
1.210000000000000104e-05 2.274005028836913189e-01 2.851750752101976736e-03
1.212000000000000085e-05 2.275403420923123587e-01 2.975931047053408281e-03
1.214000000000000066e-05 2.277105029436745920e-01 3.096511961259913390e-03
1.216000000000000047e-05 2.278700369350691868e-01 3.247384383064976735e-03
1.218000000000000027e-05 2.279728312131192869e-01 3.398256804870045285e-03
1.220000000000000008e-05 2.281126374220524278e-01 3.568002650926254109e-03
1.221999999999999989e-05 2.281923840361885503e-01 3.775477540423288324e-03
1.223999999999999970e-05 2.283003328920828745e-01 3.982952429920322973e-03
1.225999999999999951e-05 2.284364839897354560e-01 4.247447391189859700e-03
1.228000000000000101e-05 2.286185264043778809e-01 4.511942352459401631e-03
1.230000000000000082e-05 2.287316713921741518e-01 4.776437313728937491e-03
1.232000000000000063e-05 2.288172425535641985e-01 5.040932274998467279e-03
1.234000000000000044e-05 2.289315014385591152e-01 5.305657531307421751e-03
1.236000000000000025e-05 2.290545320111324057e-01 5.622661820472017735e-03
1.238000000000000005e-05 2.292543689900360115e-01 5.852216236025139899e-03
1.239999999999999986e-05 2.294451826098557190e-01 6.127403969403168865e-03
1.241999999999999967e-05 2.296667386132363042e-01 6.428076279011717825e-03
1.243999999999999948e-05 2.298853473237919554e-01 6.652218647738453693e-03
1.246000000000000098e-05 2.301049964039151297e-01 6.826509107994990257e-03
1.248000000000000079e-05 2.302718067382694689e-01 7.009207802066386335e-03
1.250000000000000060e-05 2.303659306726462963e-01 7.212846206401750913e-03
1.252000000000000041e-05 2.304381651738395820e-01 7.374194466433639690e-03
1.254000000000000022e-05 2.305486875657122015e-01 7.436918788319909178e-03
1.256000000000000002e-05 2.306343492268124185e-01 7.500346190434188133e-03
1.257999999999999983e-05 2.306760960461566590e-01 7.598184248059568560e-03
1.259999999999999964e-05 2.306864755813654577e-01 7.696976089494670693e-03
1.261999999999999945e-05 2.305989987144270170e-01 7.795767930929775429e-03
1.264000000000000095e-05 2.305397240892467781e-01 7.894559772364870623e-03
1.266000000000000076e-05 2.305086517058248241e-01 8.013586618146894408e-03
1.268000000000000057e-05 2.303988070455075809e-01 8.034646127441204613e-03
1.270000000000000038e-05 2.303171646269485673e-01 8.055705636735516553e-03
1.272000000000000019e-05 2.302538137117979000e-01 8.098789891932033774e-03
1.274000000000000000e-05 2.301362379817298576e-01 8.141874147128568343e-03
1.275999999999999980e-05 2.300390841860580626e-01 8.178917266439086897e-03
1.277999999999999961e-05 2.299530131763197760e-01 8.191981725060533404e-03
1.279999999999999942e-05 2.298869331799764104e-01 8.181941471543281719e-03
1.282000000000000092e-05 2.298091858490413086e-01 8.156556762442430941e-03
1.284000000000000073e-05 2.297313536870133621e-01 8.224973053881420165e-03
1.286000000000000054e-05 2.296395651227792489e-01 8.242663752892967488e-03
1.288000000000000035e-05 2.295839262719245877e-01 8.221171106531222419e-03
1.290000000000000016e-05 2.295564896628282670e-01 8.199678460169479086e-03
1.291999999999999997e-05 2.294964607438837456e-01 8.178185813807734017e-03
1.293999999999999977e-05 2.294377871621542664e-01 8.156693167445992418e-03
1.295999999999999958e-05 2.293805320293463290e-01 8.177778094312545751e-03
1.298000000000000109e-05 2.293109585170360343e-01 8.121890448091537498e-03
1.300000000000000089e-05 2.292703951835603493e-01 8.063033557349169253e-03
1.302000000000000070e-05 2.292400354090635139e-01 7.937107177743126310e-03
1.304000000000000051e-05 2.292628992435977453e-01 7.783424745853199239e-03
1.306000000000000032e-05 2.293099927668275917e-01 7.643994281450437051e-03
1.308000000000000013e-05 2.294057922287040530e-01 7.495355433680248383e-03
1.309999999999999994e-05 2.295351101767685587e-01 7.375796126659557410e-03
1.311999999999999975e-05 2.296305680185970477e-01 7.279860587032385352e-03
1.313999999999999955e-05 2.296864533597064162e-01 7.174095136553882909e-03
1.316000000000000106e-05 2.295954138335819239e-01 7.011149233918203758e-03
1.318000000000000086e-05 2.295325765492156611e-01 6.848203331282522004e-03
1.320000000000000067e-05 2.294555616533560938e-01 6.685257428646841117e-03
1.322000000000000048e-05 2.293012792849404569e-01 6.522311526011165435e-03
1.324000000000000029e-05 2.291704114562527761e-01 6.354778892622544618e-03
1.326000000000000010e-05 2.290861853701208206e-01 6.194874071800141740e-03
1.327999999999999991e-05 2.289816060383502716e-01 6.055995947966751752e-03
1.329999999999999972e-05 2.289052289483379798e-01 5.917117824133364366e-03
1.331999999999999952e-05 2.288358662691422907e-01 5.766903024916831925e-03
1.334000000000000103e-05 2.287524563061275329e-01 5.618762478528425454e-03
1.336000000000000084e-05 2.286659284948952819e-01 5.437787123887399821e-03
1.338000000000000064e-05 2.285761358318440239e-01 5.322909252242456757e-03
1.340000000000000045e-05 2.283937495384111283e-01 5.244559897108254203e-03
1.342000000000000026e-05 2.281923458805573679e-01 5.111923858278296512e-03
1.344000000000000007e-05 2.280377166397669075e-01 4.958918781293474021e-03
1.345999999999999988e-05 2.278920719984343923e-01 4.795132205522927363e-03
1.347999999999999969e-05 2.277621215402767796e-01 4.639268571458434604e-03
1.349999999999999949e-05 2.276466153785122182e-01 4.496518987895932289e-03
1.352000000000000100e-05 2.275390653055021084e-01 4.353769404333436045e-03
1.354000000000000081e-05 2.274597174742502281e-01 4.252986745738154654e-03
1.356000000000000061e-05 2.273834838067992359e-01 4.129228631819064493e-03
1.358000000000000042e-05 2.273142250379960316e-01 3.981001015376086326e-03
1.360000000000000023e-05 2.272893359407135716e-01 3.822718105257470831e-03
1.362000000000000004e-05 2.272271399578545126e-01 3.673753895247352467e-03
1.363999999999999985e-05 2.270744530206012246e-01 3.524789685237226296e-03
1.365999999999999966e-05 2.269499683251061939e-01 3.375825475227105330e-03
1.367999999999999947e-05 2.268536858713694204e-01 3.226861265216984798e-03
1.370000000000000097e-05 2.267856056593908765e-01 3.027467163395554297e-03
1.372000000000000078e-05 2.267457276891705897e-01 2.828073061574132470e-03
1.374000000000000059e-05 2.267340519607085325e-01 2.628678959752708474e-03
1.376000000000000039e-05 2.266898086174077009e-01 2.442596233072820162e-03
1.378000000000000020e-05 2.266114515337355195e-01 2.258343240961031406e-03
1.380000000000000001e-05 2.265612792158334110e-01 2.071043932954681668e-03
1.381999999999999982e-05 2.265073540445688149e-01 1.850589677629914560e-03
1.383999999999999963e-05 2.264848080008852738e-01 1.624500524807828130e-03
1.386000000000000113e-05 2.264905441635748640e-01 1.362531308917388573e-03
1.388000000000000094e-05 2.265402055005587834e-01 1.131991435212236202e-03
1.390000000000000075e-05 2.265767660350284651e-01 8.559590047427679139e-04
1.392000000000000056e-05 2.264788989278567477e-01 5.943184062446727053e-04
1.394000000000000036e-05 2.264908920899866007e-01 2.968666158579269521e-04
1.396000000000000017e-05 2.264296933078154273e-01 5.356801771558949960e-05
1.397999999999999998e-05 2.263531975703425014e-01 -2.377266568128721914e-04
1.399999999999999979e-05 2.262867534577022721e-01 -4.733060543538103503e-04
1.401999999999999960e-05 2.263781322808376406e-01 -5.568304609843743912e-04
1.404000000000000110e-05 2.264027584920894620e-01 -7.258357538743831451e-04
1.406000000000000091e-05 2.264109178045638215e-01 -8.241767509354391884e-04
1.408000000000000072e-05 2.263970345906501092e-01 -9.270523097587090667e-04
1.410000000000000053e-05 2.263730927363997725e-01 -1.036572215137182519e-03
1.412000000000000034e-05 2.263474453461377378e-01 -1.181111571017226004e-03
1.414000000000000014e-05 2.263614058242503779e-01 -1.280739213250313598e-03
1.415999999999999995e-05 2.263741923394447797e-01 -1.338062724576121213e-03
1.417999999999999976e-05 2.263065539031655637e-01 -1.548788848683492134e-03
1.419999999999999957e-05 2.264020046959089039e-01 -1.616032621193146286e-03
1.422000000000000107e-05 2.263105847275135862e-01 -1.946077171341920086e-03
1.424000000000000088e-05 2.263314692188473087e-01 -2.044111366894685138e-03
1.426000000000000069e-05 2.263158651971634572e-01 -2.192520019024624209e-03
1.428000000000000050e-05 2.263204509011985943e-01 -2.292961026820741419e-03
1.430000000000000031e-05 2.263260081150204051e-01 -2.537806900096799701e-03
1.432000000000000011e-05 2.262555386671558366e-01 -2.488019233761617002e-03
1.433999999999999992e-05 2.263054002258949871e-01 -2.585379399157393832e-03
1.435999999999999973e-05 2.265108403999348541e-01 -2.510433453384293065e-03
1.437999999999999954e-05 2.266160196988834252e-01 -2.556690010907360869e-03
1.440000000000000104e-05 2.267398131566631392e-01 -2.627189387015496300e-03
1.442000000000000085e-05 2.269107363706075464e-01 -2.732470349220867799e-03
1.444000000000000066e-05 2.271118173871467805e-01 -2.763334616382924405e-03
1.446000000000000047e-05 2.273034805074691800e-01 -2.832849266003070396e-03
1.448000000000000028e-05 2.274966425802149028e-01 -2.923535917269518697e-03
1.450000000000000009e-05 2.277226313976487837e-01 -3.031192562441509426e-03
1.451999999999999989e-05 2.279417964450050904e-01 -3.125008976173075832e-03
1.453999999999999970e-05 2.282490457209137014e-01 -3.156847361557522155e-03
1.455999999999999951e-05 2.284773942658543389e-01 -3.207537123230927087e-03
1.458000000000000101e-05 2.286437305831273692e-01 -3.251197588770416043e-03
1.460000000000000082e-05 2.288404982347533312e-01 -3.273317225232939918e-03
1.462000000000000063e-05 2.290589725911310326e-01 -3.248414331122051468e-03
1.464000000000000044e-05 2.293035606331464693e-01 -3.319553191435886501e-03
1.466000000000000025e-05 2.295469945256337629e-01 -3.396275451834447276e-03
1.468000000000000006e-05 2.298277983638899735e-01 -3.488569295853558624e-03
1.469999999999999986e-05 2.300708855258377372e-01 -3.573967359080727334e-03
1.471999999999999967e-05 2.303077932883761114e-01 -3.659365422307890841e-03
1.473999999999999948e-05 2.305410717376032981e-01 -3.744763485535056516e-03
1.476000000000000098e-05 2.307537706880801731e-01 -3.838588636933837252e-03
1.478000000000000079e-05 2.309756786724486144e-01 -3.899584123592028315e-03
1.480000000000000060e-05 2.311313257705215896e-01 -3.971144585951070019e-03
1.482000000000000041e-05 2.312631657168794375e-01 -3.997540516151138271e-03
1.484000000000000022e-05 2.314235208044494729e-01 -3.935292885679908710e-03
1.486000000000000003e-05 2.315502491666630303e-01 -3.873045255208677849e-03
1.487999999999999983e-05 2.317051797706347893e-01 -3.790563579202246326e-03
1.489999999999999964e-05 2.317912543159980354e-01 -3.716256407282432419e-03
1.492000000000000115e-05 2.319146649220236722e-01 -3.729082501068819999e-03
1.494000000000000095e-05 2.321026522396502367e-01 -3.620989452175760182e-03
1.496000000000000076e-05 2.322810777667168591e-01 -3.504355062224897774e-03
1.498000000000000057e-05 2.324736334279672856e-01 -3.341351224637138968e-03
1.500000000000000038e-05 2.325813519273193519e-01 -3.282965089584730795e-03
1.502000000000000019e-05 2.328088480950938066e-01 -3.036617361225928211e-03
1.504000000000000000e-05 2.328923518955166860e-01 -2.914746770698469630e-03
1.505999999999999981e-05 2.329485775083215693e-01 -2.722628087520136044e-03
1.507999999999999961e-05 2.330921350987532614e-01 -2.563148515375199884e-03
1.510000000000000112e-05 2.332418095147565096e-01 -2.390950536871083807e-03
1.512000000000000093e-05 2.334196861725179317e-01 -2.206905716014770803e-03
1.514000000000000073e-05 2.336028073567298080e-01 -2.022860895158451293e-03
1.516000000000000054e-05 2.338141307826999693e-01 -1.838816074302132000e-03
1.518000000000000035e-05 2.340606783705394545e-01 -1.665318604758933086e-03
1.520000000000000016e-05 2.341993933010382278e-01 -1.441657729344867321e-03
1.521999999999999997e-05 2.343935429794791747e-01 -1.214246033816818258e-03
1.523999999999999978e-05 2.345688399357944709e-01 -9.868343382887646408e-04
1.525999999999999958e-05 2.347723391338679688e-01 -7.594226427607053860e-04
1.527999999999999939e-05 2.350040405736997240e-01 -5.320109472326550216e-04
1.529999999999999920e-05 2.352226346458219930e-01 -3.304767861890844948e-04
1.531999999999999901e-05 2.354575549920480126e-01 -1.442314689835577537e-04
1.533999999999999882e-05 2.357165071928414568e-01 3.784587298885089404e-05
1.536000000000000202e-05 2.359060819395273623e-01 2.129370878343195272e-04
1.538000000000000182e-05 2.360450445045024215e-01 3.885091579553856317e-04
1.540000000000000163e-05 2.361879205573297336e-01 5.584324910747240529e-04
1.542000000000000144e-05 2.363691800490740624e-01 7.251474403729740769e-04
1.544000000000000125e-05 2.365889107746927122e-01 8.856809311024627270e-04
1.546000000000000106e-05 2.367618982636741920e-01 1.046214421831959075e-03
1.548000000000000087e-05 2.368932734574925592e-01 1.194794599238774378e-03
1.550000000000000068e-05 2.369444774501298367e-01 1.329989733387843031e-03
1.552000000000000048e-05 2.370373278355172586e-01 1.414470366189688518e-03
1.554000000000000029e-05 2.371504291102213002e-01 1.509956188029034632e-03
1.556000000000000010e-05 2.372445410049816850e-01 1.639545933996794467e-03
1.557999999999999991e-05 2.372269655135389177e-01 1.776719724560897780e-03
1.559999999999999972e-05 2.371269282217151886e-01 1.996118662159819448e-03
1.561999999999999953e-05 2.371165392871065203e-01 2.204458535636816437e-03
1.563999999999999933e-05 2.371184770437233247e-01 2.591030019104632182e-03
1.565999999999999914e-05 2.371399024195790795e-01 2.831813965156690979e-03
1.567999999999999895e-05 2.371895300371930637e-01 3.020559583195647942e-03
1.569999999999999876e-05 2.372673598965653330e-01 3.209305201234610109e-03
1.572000000000000196e-05 2.373809664425024502e-01 3.393791526187031182e-03
1.574000000000000177e-05 2.375550243251548510e-01 3.557747102911369523e-03
1.576000000000000157e-05 2.376681677557645200e-01 3.755220621865584720e-03
1.578000000000000138e-05 2.378115231149485476e-01 4.054486313974588890e-03
1.580000000000000119e-05 2.378879035070970982e-01 4.290903429806405302e-03
1.582000000000000100e-05 2.379264541095867658e-01 4.640967688359768674e-03
1.584000000000000081e-05 2.380435929332344325e-01 4.896782585445163399e-03
1.586000000000000062e-05 2.381889339986403842e-01 5.152597482530552053e-03
1.588000000000000042e-05 2.383620206416514620e-01 5.415505696628667223e-03
1.590000000000000023e-05 2.385620064352380887e-01 5.698654691162180486e-03
1.592000000000000004e-05 2.387815495803537469e-01 5.982051867800102125e-03
1.593999999999999985e-05 2.390073189258534181e-01 6.274111158829917718e-03
1.595999999999999966e-05 2.393109316790396623e-01 6.584745949727382162e-03
1.597999999999999947e-05 2.395114894561662378e-01 6.802902770658323175e-03
1.599999999999999928e-05 2.396438707210890862e-01 7.079838964198040610e-03
1.601999999999999908e-05 2.401308638270688023e-01 7.406559453621021881e-03
1.603999999999999889e-05 2.404145800587536297e-01 7.686332970072388450e-03
1.605999999999999870e-05 2.407264985321966866e-01 7.966106486523755886e-03
1.608000000000000190e-05 2.409771738032864541e-01 8.245880002975124190e-03
1.610000000000000171e-05 2.412530400631697214e-01 8.496487403517494208e-03
1.612000000000000152e-05 2.414835342755103365e-01 8.738365709348416485e-03
1.614000000000000132e-05 2.417755978750599222e-01 8.982209452816494050e-03
1.616000000000000113e-05 2.420195257969196823e-01 9.312373670103417725e-03
1.618000000000000094e-05 2.422973510547986042e-01 9.621343423660923266e-03
1.620000000000000075e-05 2.425540905822801407e-01 9.930313177218421869e-03
1.622000000000000056e-05 2.427357266370887556e-01 1.023832068200093703e-02
1.624000000000000037e-05 2.429473204150728038e-01 1.055787431177691339e-02
1.626000000000000017e-05 2.431154446756587373e-01 1.093916680840925117e-02
1.627999999999999998e-05 2.432609447186283580e-01 1.129548011523856359e-02
1.629999999999999979e-05 2.434397410589765054e-01 1.163498102476976173e-02
1.631999999999999960e-05 2.434819355647067363e-01 1.190605515278508192e-02
1.633999999999999941e-05 2.435106929300307754e-01 1.231801933305804592e-02
1.635999999999999922e-05 2.435662049648538441e-01 1.256704468521204279e-02
1.637999999999999903e-05 2.435945381489823536e-01 1.292608800424872514e-02
1.639999999999999883e-05 2.435844132051251387e-01 1.329968789177220743e-02
1.642000000000000203e-05 2.436137071076402150e-01 1.367291820344200375e-02
1.644000000000000184e-05 2.436038863340849181e-01 1.392002053854700903e-02
1.646000000000000165e-05 2.435465208837224171e-01 1.415462136589796388e-02
1.648000000000000146e-05 2.434598562846552738e-01 1.437927570284118148e-02
1.650000000000000127e-05 2.432977803656180271e-01 1.458755702076958323e-02
1.652000000000000107e-05 2.431679236237808683e-01 1.481775035328138090e-02
1.654000000000000088e-05 2.429691881528673880e-01 1.501115722059618088e-02
1.656000000000000069e-05 2.427434435210671648e-01 1.519440254706349962e-02
1.658000000000000050e-05 2.425401120591735016e-01 1.538162468189872151e-02
1.660000000000000031e-05 2.423274106815363760e-01 1.553672346633685683e-02
1.662000000000000012e-05 2.421429115456573966e-01 1.569182225077497134e-02
1.663999999999999992e-05 2.419444818197768465e-01 1.581413289777800976e-02
1.665999999999999973e-05 2.417306315875621392e-01 1.594578054165483177e-02
1.667999999999999954e-05 2.415470676618258483e-01 1.607702770665422887e-02
1.669999999999999935e-05 2.413917059778478424e-01 1.620827487165361555e-02
1.671999999999999916e-05 2.412380912032482116e-01 1.636642652865539713e-02
1.673999999999999897e-05 2.410765260148708677e-01 1.654878100368871452e-02
1.675999999999999878e-05 2.408494995538815464e-01 1.671531303195745652e-02
1.678000000000000197e-05 2.405977480528448675e-01 1.689601336163134779e-02
1.680000000000000178e-05 2.404294672722463722e-01 1.716987383359651689e-02
1.682000000000000159e-05 2.402643253445351512e-01 1.742385422092084316e-02
1.684000000000000140e-05 2.401037128568025425e-01 1.769390460667174050e-02
1.686000000000000121e-05 2.400199584983802037e-01 1.805234698078826347e-02
1.688000000000000101e-05 2.398863914658393437e-01 1.836723151710378463e-02
1.690000000000000082e-05 2.397120381490056573e-01 1.870434905663478919e-02
1.692000000000000063e-05 2.395744170792302175e-01 1.906077614477505108e-02
1.694000000000000044e-05 2.394649982512130626e-01 1.941720323291529562e-02
1.696000000000000025e-05 2.393837816649541095e-01 1.977363032105555057e-02
1.698000000000000006e-05 2.393307673204534414e-01 2.013005740919581246e-02
1.699999999999999987e-05 2.392891378528067270e-01 2.048648449733606741e-02
1.701999999999999967e-05 2.392351692166963528e-01 2.084340816573425001e-02
1.703999999999999948e-05 2.391843757233986234e-01 2.119371852636580539e-02
1.705999999999999929e-05 2.390894666785062517e-01 2.154470829641370530e-02
1.707999999999999910e-05 2.389626327285974405e-01 2.189569806646160174e-02
1.709999999999999891e-05 2.388640010204469144e-01 2.226553169324553549e-02
1.711999999999999872e-05 2.387935715540546178e-01 2.263536532002947271e-02
1.714000000000000191e-05 2.387039030703925757e-01 2.304460023953150416e-02
1.716000000000000172e-05 2.386424368284887909e-01 2.345383515903352867e-02
1.718000000000000153e-05 2.385836462236663180e-01 2.385784510227518043e-02
1.720000000000000134e-05 2.384975025725295794e-01 2.426707871770463626e-02
1.722000000000000115e-05 2.384395611631510425e-01 2.464734288653342223e-02
1.724000000000000096e-05 2.383642000551247364e-01 2.502760705536221861e-02
1.726000000000000076e-05 2.383250640744022653e-01 2.541404806731476299e-02
1.728000000000000057e-05 2.383067940265972962e-01 2.581494310589135116e-02
1.730000000000000038e-05 2.383237029074417590e-01 2.619257458128573454e-02
1.732000000000000019e-05 2.383158552423525756e-01 2.651215675017317211e-02
1.734000000000000000e-05 2.383507402304491651e-01 2.682671784136579640e-02
1.735999999999999981e-05 2.383795074581151752e-01 2.713176138931472359e-02
1.737999999999999962e-05 2.384325557550834307e-01 2.743680493726365077e-02
1.739999999999999942e-05 2.384473839526649042e-01 2.774202394308452821e-02
1.741999999999999923e-05 2.384699686395975182e-01 2.808529674656243952e-02
1.743999999999999904e-05 2.384637595900026275e-01 2.847997747144443564e-02
1.745999999999999885e-05 2.384135243145561744e-01 2.888160440424052469e-02
1.748000000000000205e-05 2.384304510183573589e-01 2.915895953809927513e-02
1.750000000000000186e-05 2.384155940583539690e-01 2.938527778656381539e-02
1.752000000000000166e-05 2.383245086636655019e-01 2.980289626626572014e-02
1.754000000000000147e-05 2.383014339239296897e-01 3.011390888135868915e-02
1.756000000000000128e-05 2.383065614259521348e-01 3.042492149645166510e-02
1.758000000000000109e-05 2.383398911697328093e-01 3.074074953499349172e-02
1.760000000000000090e-05 2.383573160018775672e-01 3.105657757353532181e-02
1.762000000000000071e-05 2.384029430757805545e-01 3.130110482250102882e-02
1.764000000000000051e-05 2.384420103501330990e-01 3.152186773256415719e-02
1.766000000000000032e-05 2.385092798662439284e-01 3.174263064262728556e-02
1.768000000000000013e-05 2.386047516241129318e-01 3.196339355269040006e-02
1.769999999999999994e-05 2.386552601324472556e-01 3.216162226214557690e-02
1.771999999999999975e-05 2.387126209103014041e-01 3.235985097160074681e-02
1.773999999999999956e-05 2.387981839299138098e-01 3.259143688941963657e-02
1.775999999999999937e-05 2.389119491912844728e-01 3.278684056761483473e-02
1.777999999999999917e-05 2.390539166944133653e-01 3.295327657406792177e-02
1.779999999999999898e-05 2.391352043300281616e-01 3.311971258052102268e-02
1.781999999999999879e-05 2.392439334396954942e-01 3.329524631262886780e-02
1.784000000000000199e-05 2.393566251016528701e-01 3.349760300763555965e-02
1.786000000000000180e-05 2.394393126980448039e-01 3.368010827631395115e-02
1.788000000000000160e-05 2.395502025361950504e-01 3.386261354499235654e-02
1.790000000000000141e-05 2.396892946161034987e-01 3.402031848696897981e-02
1.792000000000000122e-05 2.398559817608624245e-01 3.419542742266151736e-02
1.794000000000000103e-05 2.400527501479853276e-01 3.438113240601748527e-02
1.796000000000000084e-05 2.402094811873445313e-01 3.451125559044464913e-02
1.798000000000000065e-05 2.403828714577903036e-01 3.463833585406292381e-02
1.800000000000000046e-05 2.405729216505899659e-01 3.476468862468020532e-02
1.802000000000000026e-05 2.407911740851479132e-01 3.487055516844780878e-02
1.804000000000000007e-05 2.409434417594225053e-01 3.499522042681111472e-02
1.805999999999999988e-05 2.411235373984264019e-01 3.512353457574233367e-02
1.807999999999999969e-05 2.413301821093087884e-01 3.526796575969140535e-02
1.809999999999999950e-05 2.415494908528127982e-01 3.542958026442297875e-02
1.811999999999999931e-05 2.417084695661098348e-01 3.552395050984245156e-02
1.813999999999999912e-05 2.419137910514893852e-01 3.553932962310223792e-02
1.815999999999999892e-05 2.421127687515934879e-01 3.554051486387588971e-02
1.817999999999999873e-05 2.422905118332037977e-01 3.556555067592449132e-02
1.820000000000000193e-05 2.424639001381522219e-01 3.555300449059894258e-02
1.822000000000000174e-05 2.426239201022825365e-01 3.554937741289187353e-02
1.824000000000000155e-05 2.426524996630088082e-01 3.555826138500061545e-02
1.826000000000000135e-05 2.425856161773123909e-01 3.540965281526016473e-02
1.828000000000000116e-05 2.426293492060162260e-01 3.522671550742342839e-02
1.830000000000000097e-05 2.426967135484310589e-01 3.506452647464938788e-02
1.832000000000000078e-05 2.427745140810919355e-01 3.489440175651742360e-02
1.834000000000000059e-05 2.428530105160037200e-01 3.472427703838545238e-02
1.836000000000000040e-05 2.429597091926737618e-01 3.455415232025348810e-02
1.838000000000000021e-05 2.430103444413397595e-01 3.437650743347259175e-02
1.840000000000000001e-05 2.430042661810629390e-01 3.424585908074000845e-02
1.841999999999999982e-05 2.430050183186428792e-01 3.410721874508490514e-02
1.843999999999999963e-05 2.429848711363748748e-01 3.404835181033001590e-02
1.845999999999999944e-05 2.429700838646910444e-01 3.402699849729864945e-02
1.847999999999999925e-05 2.429955842076829131e-01 3.404647523655128516e-02
1.849999999999999906e-05 2.429798009105729184e-01 3.404749508090779836e-02
1.851999999999999887e-05 2.429922198552211254e-01 3.397973524788212157e-02
1.854000000000000206e-05 2.429548723405497712e-01 3.391002971800122223e-02
1.856000000000000187e-05 2.428758091313545642e-01 3.385826482113993285e-02
1.858000000000000168e-05 2.428474199085394469e-01 3.372932054731436063e-02
1.860000000000000149e-05 2.427583763452388632e-01 3.362291852247337176e-02
1.862000000000000130e-05 2.427334186933051419e-01 3.348511388117898085e-02
1.864000000000000110e-05 2.427433411041153011e-01 3.334685153694240400e-02
1.866000000000000091e-05 2.427009874806539957e-01 3.331247495692925970e-02
1.868000000000000072e-05 2.426418640285638861e-01 3.322024686039858760e-02
1.870000000000000053e-05 2.426109428182320060e-01 3.312801876386792244e-02
1.872000000000000034e-05 2.425823936502521927e-01 3.304926887624932974e-02
1.874000000000000015e-05 2.425820467240306089e-01 3.295064250451820026e-02
1.875999999999999996e-05 2.424815779230181656e-01 3.285201613278707772e-02
1.877999999999999976e-05 2.423971364654159411e-01 3.278010929190403044e-02
1.879999999999999957e-05 2.423534025900021538e-01 3.271974728581301950e-02
1.881999999999999938e-05 2.423378709563465405e-01 3.265938527972200162e-02
1.883999999999999919e-05 2.423505415644492123e-01 3.259902327363098373e-02
1.885999999999999900e-05 2.423339709408700304e-01 3.252360990804304547e-02
1.887999999999999881e-05 2.422984200390821130e-01 3.244524369001226816e-02
1.890000000000000200e-05 2.421914894035335775e-01 3.236687747198149084e-02
1.892000000000000181e-05 2.421127610097432437e-01 3.228851125395072047e-02
1.894000000000000162e-05 2.420622348577112226e-01 3.221014503591994316e-02
1.896000000000000143e-05 2.420399109474374311e-01 3.217150765052870232e-02
1.898000000000000124e-05 2.420432365555855447e-01 3.214271160833771096e-02
1.900000000000000105e-05 2.419901864242915146e-01 3.207730702297336561e-02
1.902000000000000085e-05 2.419095053316892563e-01 3.205937772301656330e-02
1.904000000000000066e-05 2.418270025754789276e-01 3.204572176437638781e-02
1.906000000000000047e-05 2.417044880519353678e-01 3.202762279347656782e-02
1.908000000000000028e-05 2.415332235875556899e-01 3.201735647669425727e-02
1.910000000000000009e-05 2.413358503534464017e-01 3.195842126747393264e-02
1.911999999999999990e-05 2.412304300364108700e-01 3.177210126277554836e-02
1.913999999999999971e-05 2.411101183096679423e-01 3.164330479594566065e-02
1.915999999999999951e-05 2.410324231221227798e-01 3.151765881467729485e-02
1.917999999999999932e-05 2.410266181281169873e-01 3.136991085167125520e-02
1.919999999999999913e-05 2.410051366928645800e-01 3.123261834096879852e-02
1.921999999999999894e-05 2.410021217707205843e-01 3.109394844266118174e-02
1.923999999999999875e-05 2.409990109983319584e-01 3.098339350707296144e-02
1.926000000000000194e-05 2.409479375334298012e-01 3.091818916048059973e-02
1.928000000000000175e-05 2.409305638306417918e-01 3.079064302055414815e-02
1.930000000000000156e-05 2.409385992868263437e-01 3.066309688062767921e-02
1.932000000000000137e-05 2.409748369847691529e-01 3.051434031473430897e-02
1.934000000000000118e-05 2.409801967115844934e-01 3.035844139809746114e-02
1.936000000000000099e-05 2.409240471293823405e-01 3.024794214460543515e-02
1.938000000000000080e-05 2.409104680999649140e-01 3.009929624737481962e-02
1.940000000000000060e-05 2.409091987156868619e-01 2.994420537078692351e-02
1.942000000000000041e-05 2.408786113583070709e-01 2.976835211405667522e-02
1.944000000000000022e-05 2.407934287625466685e-01 2.955101711715912849e-02
1.946000000000000003e-05 2.407365507591061604e-01 2.933407230693988246e-02
1.947999999999999984e-05 2.407203737846385361e-01 2.919660452286490515e-02
1.949999999999999965e-05 2.406291958095237438e-01 2.908040121718178522e-02
1.951999999999999946e-05 2.405384167408774476e-01 2.896419791149866876e-02
1.953999999999999926e-05 2.404464743691042405e-01 2.884799460581555230e-02
1.955999999999999907e-05 2.403827342390892630e-01 2.873179130013243585e-02
1.957999999999999888e-05 2.403471963508325704e-01 2.861558799444931245e-02
1.960000000000000208e-05 2.402805506026004789e-01 2.849938468876619946e-02
1.962000000000000189e-05 2.402084407904160890e-01 2.832236716189219863e-02
1.964000000000000169e-05 2.401645332199900673e-01 2.814534963501820475e-02
1.966000000000000150e-05 2.401488278913221919e-01 2.796833210814419698e-02
1.968000000000000131e-05 2.401587594612641374e-01 2.779131458127019963e-02
1.970000000000000112e-05 2.401728142921468467e-01 2.763806876767202492e-02
1.972000000000000093e-05 2.402169494285583129e-01 2.748008589731138970e-02
1.974000000000000074e-05 2.402606790866965991e-01 2.728660181353182931e-02
1.976000000000000055e-05 2.404737190521784029e-01 2.700186843286749364e-02
1.978000000000000035e-05 2.406215188285507622e-01 2.678307472804197439e-02
1.980000000000000016e-05 2.408267911613494738e-01 2.656578290291969693e-02
1.981999999999999997e-05 2.410703442218702364e-01 2.633791926190586982e-02
1.983999999999999978e-05 2.413386933546169677e-01 2.603064621179846175e-02
1.985999999999999959e-05 2.415853126760321989e-01 2.578205439662920734e-02
1.987999999999999940e-05 2.418422029555512831e-01 2.544143151503210770e-02
1.989999999999999921e-05 2.419942424442024231e-01 2.514519152938611210e-02
1.991999999999999901e-05 2.421744841746118759e-01 2.490507353786310107e-02
1.993999999999999882e-05 2.423829281467795582e-01 2.466495554634009005e-02
1.996000000000000202e-05 2.426308994938718988e-01 2.447267874649104724e-02
1.998000000000000183e-05 2.429264000512733890e-01 2.430132118383007342e-02
