0.000000000000000000e+00 -7.348319376445744226e-03 2.440188261730527261e-03
2.000000000000000042e-08 -7.697696133468351354e-03 2.807997359071360329e-03
4.000000000000000084e-08 -7.407593655433748585e-03 2.665212437609705120e-03
6.000000000000000787e-08 -7.587295709533783267e-03 2.446596335915316497e-03
8.000000000000000167e-08 -7.530996958133731080e-03 2.333821538975509001e-03
9.999999999999999547e-08 -7.467354931461136353e-03 2.246635615974161733e-03
1.200000000000000157e-07 -7.365205401759731055e-03 2.203137980438679873e-03
1.400000000000000095e-07 -7.302691206590537255e-03 2.150764152378681175e-03
1.600000000000000033e-07 -7.202504571269679329e-03 2.101475617542114451e-03
1.799999999999999971e-07 -7.068658461372155123e-03 2.025461625123117435e-03
1.999999999999999909e-07 -6.858310928640952604e-03 1.942326276721468951e-03
2.200000000000000112e-07 -6.641986689536280401e-03 1.865063454534938688e-03
2.400000000000000315e-07 -6.415673707010171971e-03 1.809858211142345488e-03
2.599999999999999988e-07 -6.212093230049880316e-03 1.770147070106613566e-03
2.800000000000000191e-07 -5.992420391609848754e-03 1.765611976526277856e-03
2.999999999999999864e-07 -5.764419991840561731e-03 1.745154054959259212e-03
3.200000000000000067e-07 -5.530779143719620830e-03 1.724696133392242736e-03
3.400000000000000270e-07 -5.275040125411732152e-03 1.748531016489605038e-03
3.599999999999999943e-07 -5.022893226735285557e-03 1.778545362610870449e-03
3.800000000000000146e-07 -4.767099643107333348e-03 1.804029992922138136e-03
3.999999999999999819e-07 -4.474016144150608047e-03 1.830133146017387481e-03
4.200000000000000022e-07 -4.208161997479729216e-03 1.856236299112632489e-03
4.400000000000000224e-07 -3.933685093769052551e-03 1.885802981808830641e-03
4.599999999999999898e-07 -3.652689825970716498e-03 1.949751792858846937e-03
4.800000000000000630e-07 -3.447682275125267710e-03 1.995805434275626112e-03
4.999999999999999774e-07 -3.195964877668629103e-03 2.046862491409022836e-03
5.199999999999999976e-07 -2.989766021914135475e-03 2.089866933860700261e-03
5.400000000000000179e-07 -2.777475307665888595e-03 2.107304574464554867e-03
5.600000000000000382e-07 -2.558765072513915616e-03 2.126646364511694965e-03
5.800000000000000585e-07 -2.333562242201372636e-03 2.174159023843646836e-03
5.999999999999999728e-07 -2.138197944323567794e-03 2.261796975491141368e-03
6.199999999999999931e-07 -2.010390087227271767e-03 2.321180493679033795e-03
6.400000000000000134e-07 -1.811977481375617307e-03 2.271603453951054341e-03
6.600000000000000337e-07 -1.647015797728517078e-03 2.271189668176063371e-03
6.800000000000000539e-07 -1.443258878987232390e-03 2.286611424615034999e-03
6.999999999999999683e-07 -1.333268963645091107e-03 2.282492620656384474e-03
7.199999999999999886e-07 -1.221594349545636034e-03 2.349106326541181358e-03
7.400000000000000089e-07 -1.115168958522969695e-03 2.449325216599127549e-03
7.600000000000000291e-07 -7.625439697293989608e-04 2.415944771296443111e-03
7.800000000000000494e-07 -5.246558214425456682e-04 2.432736808664352941e-03
7.999999999999999638e-07 -2.622696758599895889e-04 2.419330963848649249e-03
8.199999999999999841e-07 3.167873275077282274e-05 2.411840975313264343e-03
8.400000000000000043e-07 3.173718864991070809e-04 2.415840849552797296e-03
8.600000000000000246e-07 5.962237578393070423e-04 2.405519268325322525e-03
8.800000000000000449e-07 8.880645820019861421e-04 2.349290495552582882e-03
9.000000000000000652e-07 1.147600774370993683e-03 2.283684603237778974e-03
9.199999999999999795e-07 1.410372254613216809e-03 2.205337640225746472e-03
9.399999999999999998e-07 1.695741636377383690e-03 2.206624266680947636e-03
9.600000000000001260e-07 1.961115123727646004e-03 2.212377258460413842e-03
9.799999999999999345e-07 2.221103829894648541e-03 2.208937979835878893e-03
9.999999999999999547e-07 2.494020847100841733e-03 2.194073918019627707e-03
1.019999999999999975e-06 2.681142628599124649e-03 2.303327892871902694e-03
1.039999999999999995e-06 3.012523821552477547e-03 2.312246039901944168e-03
1.060000000000000016e-06 3.242798763916514542e-03 2.340898637083057426e-03
1.080000000000000036e-06 3.434989453810843776e-03 2.304286693980481596e-03
1.100000000000000056e-06 3.558996448098943402e-03 2.353453458519618683e-03
1.120000000000000076e-06 3.739320638101433208e-03 2.343032049321334010e-03
1.140000000000000097e-06 3.962815317067276688e-03 2.354364166288216553e-03
1.160000000000000117e-06 4.239921433942610805e-03 2.386037730661183607e-03
1.179999999999999925e-06 4.458241154967512720e-03 2.402445725901458749e-03
1.199999999999999946e-06 4.694114963246114047e-03 2.424719775389154886e-03
1.219999999999999966e-06 4.940757290553332744e-03 2.389846689745540789e-03
1.239999999999999986e-06 5.118553442303643876e-03 2.382004188680424215e-03
1.260000000000000007e-06 5.356543650112954857e-03 2.355689671515188727e-03
1.280000000000000027e-06 5.600174306273892830e-03 2.329375154349948469e-03
1.300000000000000047e-06 5.847987944225245538e-03 2.257599164383903081e-03
1.320000000000000067e-06 6.074868695149285118e-03 2.226115634262704288e-03
1.340000000000000088e-06 6.277795210925148951e-03 2.120105340669739980e-03
1.360000000000000108e-06 6.457516434520822052e-03 2.064151749986744763e-03
1.380000000000000128e-06 6.624601537943732889e-03 2.049699919275360573e-03
1.399999999999999937e-06 6.810834863612591147e-03 2.044205124031677184e-03
1.419999999999999957e-06 6.947779071170230580e-03 2.033607098098490912e-03
1.439999999999999977e-06 7.099888367168035938e-03 2.030510794497144417e-03
1.459999999999999997e-06 7.243807637940611471e-03 2.016519958789211257e-03
1.480000000000000018e-06 7.340623818043166306e-03 2.023927760423558340e-03
1.500000000000000038e-06 7.504345808989637372e-03 2.092296001194073919e-03
1.520000000000000058e-06 7.657570152983989888e-03 2.128781738592289054e-03
1.540000000000000079e-06 7.684509879292921418e-03 2.192419499221226562e-03
1.560000000000000099e-06 7.809509567746783683e-03 2.200848001516750741e-03
1.580000000000000119e-06 7.911957121003841339e-03 2.205762938810357145e-03
1.599999999999999928e-06 8.015741039797212239e-03 2.273052823693178133e-03
1.619999999999999948e-06 8.117547805509021594e-03 2.337645745266713100e-03
1.639999999999999968e-06 8.168139681058424542e-03 2.329546253332069779e-03
1.659999999999999988e-06 8.238666907836634384e-03 2.427260656131104838e-03
1.680000000000000009e-06 8.348849658166060048e-03 2.499815970737089086e-03
1.700000000000000029e-06 8.441348011764280082e-03 2.572161756311607417e-03
1.720000000000000049e-06 8.559708434781694228e-03 2.703232666034493907e-03
1.740000000000000069e-06 8.617548064756563875e-03 2.865054723980580038e-03
1.760000000000000090e-06 8.676552730124593299e-03 2.932007744406737136e-03
1.780000000000000110e-06 8.736826260953612505e-03 3.035422495133552941e-03
1.800000000000000130e-06 8.800693272149695198e-03 3.166767609855882827e-03
1.819999999999999939e-06 8.883230363137484265e-03 3.239310034195352732e-03
1.839999999999999959e-06 8.850689872294535340e-03 3.394101099016514234e-03
1.859999999999999979e-06 8.902152562698148475e-03 3.516059407507603381e-03
1.880000000000000000e-06 8.927448007839898156e-03 3.565422123317218799e-03
1.900000000000000020e-06 8.966153969117133041e-03 3.641854309310799120e-03
1.920000000000000252e-06 8.996403352443237827e-03 3.713621168436969083e-03
1.940000000000000060e-06 9.028851979806148606e-03 3.781707398157894279e-03
1.959999999999999869e-06 9.123624307973598330e-03 3.785693423586764320e-03
1.980000000000000101e-06 9.192613034619446719e-03 3.821707788170345538e-03
1.999999999999999909e-06 9.268450544897109331e-03 3.865771615969568805e-03
2.020000000000000142e-06 9.352715429245844758e-03 3.927837601538739822e-03
2.039999999999999950e-06 9.403115884593034324e-03 4.039785316590585075e-03
2.060000000000000182e-06 9.477357418918554849e-03 4.153092060902510187e-03
2.079999999999999991e-06 9.550231651705438918e-03 4.267212101596199597e-03
2.100000000000000223e-06 9.639141351422061965e-03 4.354778146161059071e-03
2.120000000000000031e-06 9.688656253604070387e-03 4.427168926321322154e-03
2.139999999999999840e-06 9.738452149762710786e-03 4.552998231643661659e-03
2.160000000000000072e-06 9.859796899527839900e-03 4.638887001355646890e-03
2.179999999999999880e-06 9.885902270637736411e-03 4.689546684325962382e-03
2.200000000000000112e-06 9.989237169140883360e-03 4.701835011892699194e-03
2.219999999999999921e-06 1.009093875485866237e-02 4.780866607029323444e-03
2.240000000000000153e-06 1.017795417963287749e-02 4.802739051508346513e-03
2.259999999999999961e-06 1.030895705403864389e-02 4.843344222142348214e-03
2.280000000000000193e-06 1.041951516020146740e-02 4.883949392776354252e-03
2.300000000000000002e-06 1.053571371471594131e-02 4.924554563410356821e-03
2.320000000000000234e-06 1.065797315816409060e-02 4.963429029489728472e-03
2.340000000000000042e-06 1.078212251444946382e-02 4.966228278317128507e-03
2.359999999999999851e-06 1.081114287034959029e-02 4.995402908756645804e-03
2.380000000000000083e-06 1.090250089984669442e-02 5.036779055949902606e-03
2.399999999999999891e-06 1.108134835488126108e-02 5.053357663257137221e-03
2.420000000000000123e-06 1.119203422830606677e-02 5.090058936654865383e-03
2.439999999999999932e-06 1.126786940153678453e-02 5.069996630135741554e-03
2.460000000000000164e-06 1.137491134648362448e-02 5.061363429057152800e-03
2.479999999999999972e-06 1.147089911830447700e-02 5.031415084722271752e-03
2.500000000000000205e-06 1.153419884419562384e-02 4.957769713902591448e-03
2.520000000000000013e-06 1.161981842064103293e-02 4.918680200559515103e-03
2.540000000000000245e-06 1.176466656006999387e-02 4.830816218279760516e-03
2.560000000000000054e-06 1.184412574895714332e-02 4.689053805576666456e-03
2.579999999999999862e-06 1.190829730671076614e-02 4.556778230493987655e-03
2.600000000000000094e-06 1.215528672042028198e-02 4.290811934868512742e-03
2.619999999999999903e-06 1.228296265782424096e-02 4.101489525574050256e-03
2.640000000000000135e-06 1.247037515490392705e-02 3.879376762046096282e-03
2.659999999999999943e-06 1.247583250981776359e-02 3.813362863480066357e-03
2.680000000000000175e-06 1.256591380176472726e-02 3.614762627159623376e-03
2.699999999999999984e-06 1.263503690394624998e-02 3.348281969798293581e-03
2.720000000000000216e-06 1.270435320527720999e-02 3.110379261622645344e-03
2.740000000000000024e-06 1.269515339358935277e-02 2.924625935678787196e-03
2.760000000000000256e-06 1.270782550486216494e-02 2.732484417011480336e-03
2.780000000000000065e-06 1.273751349847012347e-02 2.541505297578151683e-03
2.799999999999999873e-06 1.275004250212652228e-02 2.350526178144821728e-03
2.820000000000000105e-06 1.275726908283449958e-02 2.165647929094436513e-03
2.839999999999999914e-06 1.275839924629288379e-02 1.995571346365940940e-03
2.860000000000000146e-06 1.273564649531016418e-02 1.814708175644950136e-03
2.879999999999999954e-06 1.283781629558333054e-02 1.519086406595240336e-03
2.900000000000000186e-06 1.289019814772885374e-02 1.317336022337524089e-03
2.919999999999999995e-06 1.296146749597194836e-02 1.104613345520192268e-03
2.940000000000000227e-06 1.302748734134270142e-02 9.069744850584160207e-04
2.960000000000000035e-06 1.309790516030289766e-02 6.917269206559662148e-04
2.980000000000000267e-06 1.317267311569091624e-02 5.003839908851948287e-04
3.000000000000000076e-06 1.320167263949635801e-02 3.466739282969366403e-04
3.019999999999999885e-06 1.322340645432266114e-02 2.148200229855834410e-04
3.040000000000000117e-06 1.326819229649978116e-02 1.196998051333009248e-04
3.059999999999999925e-06 1.331785841030655969e-02 2.299750428587876854e-05
3.080000000000000157e-06 1.338611118502472733e-02 -9.715393212424206003e-05
3.099999999999999966e-06 1.346159837151425682e-02 -2.171308184032572216e-04
3.120000000000000198e-06 1.355386730667133659e-02 -3.165448782676205598e-04
3.140000000000000006e-06 1.364321720305129368e-02 -4.155416997368122328e-04
3.160000000000000238e-06 1.374470779780512068e-02 -5.092398354051220133e-04
3.180000000000000047e-06 1.385936016126213324e-02 -5.667433932324561236e-04
3.199999999999999855e-06 1.393074381437395780e-02 -5.767808109256366894e-04
3.220000000000000087e-06 1.402287627146001601e-02 -6.080165292615802687e-04
3.239999999999999896e-06 1.409955948416779202e-02 -6.313268964831786866e-04
3.260000000000000128e-06 1.414421830552501508e-02 -6.585248939001020095e-04
3.279999999999999936e-06 1.421800933325814351e-02 -6.931369970274059607e-04
3.300000000000000168e-06 1.430125764201673963e-02 -7.097721713239535119e-04
3.319999999999999977e-06 1.430884785118428752e-02 -6.489171962320038935e-04
3.340000000000000209e-06 1.438309152079757583e-02 -6.441519442219134726e-04
3.360000000000000017e-06 1.445660146790231880e-02 -6.468550810184503031e-04
3.380000000000000249e-06 1.451679164471214069e-02 -6.304881122999573227e-04
3.400000000000000058e-06 1.458376164653178708e-02 -6.326424415969278533e-04
3.419999999999999866e-06 1.465073369483795192e-02 -6.381449928084471012e-04
3.440000000000000098e-06 1.473758887801896941e-02 -5.755885578214337168e-04
3.459999999999999907e-06 1.482536886358508735e-02 -5.536584773006980468e-04
3.480000000000000139e-06 1.489982305441144711e-02 -5.317283967799557630e-04
3.499999999999999947e-06 1.497052887236705043e-02 -5.129892093944987469e-04
3.520000000000000180e-06 1.498292433146587201e-02 -5.346247041048479221e-04
3.539999999999999988e-06 1.499664394864405788e-02 -5.608538271063179433e-04
3.560000000000000220e-06 1.500801086872897809e-02 -6.039059030250848968e-04
3.580000000000000029e-06 1.500544864370734199e-02 -6.248486911285144494e-04
3.600000000000000261e-06 1.502226329467833306e-02 -6.005651997058636697e-04
3.620000000000000069e-06 1.503672818028056746e-02 -6.237624652569939915e-04
3.639999999999999878e-06 1.505569166193160280e-02 -5.986657330118705638e-04
3.660000000000000110e-06 1.503821185948042184e-02 -5.702825024256352477e-04
3.679999999999999918e-06 1.504667505310668986e-02 -5.672892007902874010e-04
3.700000000000000150e-06 1.505875515204999765e-02 -5.825781974057231069e-04
3.719999999999999959e-06 1.507647569934495932e-02 -5.978671940211555602e-04
3.740000000000000191e-06 1.510878320797645266e-02 -5.711517934358567236e-04
3.759999999999999999e-06 1.514262180357806194e-02 -5.268255915947151358e-04
3.780000000000000231e-06 1.518237293225206154e-02 -4.823099251045459665e-04
3.800000000000000040e-06 1.523791813406866723e-02 -4.592271993097663224e-04
3.819999999999999848e-06 1.523276767182416697e-02 -4.705847521389927633e-04
3.840000000000000504e-06 1.524875351332307880e-02 -3.948497810092022032e-04
3.860000000000000312e-06 1.521558132569382840e-02 -3.151209865784931679e-04
3.880000000000000121e-06 1.518696783239617022e-02 -2.547892193623746220e-04
3.899999999999999929e-06 1.519502188405736851e-02 -1.418675305514394266e-04
3.919999999999999738e-06 1.525245162791723404e-02 2.558998956699753995e-05
3.940000000000000393e-06 1.525718279464021235e-02 1.590808710795799151e-04
3.960000000000000202e-06 1.524949157645340628e-02 2.801773951564190315e-04
3.980000000000000010e-06 1.523113325691680640e-02 4.425970255398769941e-04
3.999999999999999819e-06 1.519750125671551905e-02 7.005422752589662979e-04
4.020000000000000475e-06 1.522379306508696642e-02 9.013437814210101262e-04
4.040000000000000283e-06 1.525488743064776741e-02 1.080162413479447475e-03
4.060000000000000092e-06 1.530039448262935156e-02 1.286608526195825910e-03
4.079999999999999900e-06 1.533981414620129435e-02 1.494149111875692259e-03
4.099999999999999709e-06 1.543902530960612925e-02 1.691923607564803714e-03
4.120000000000000364e-06 1.549396445182891699e-02 1.959855978787297236e-03
4.140000000000000173e-06 1.554080131430779499e-02 2.171968319415097486e-03
4.159999999999999981e-06 1.558042558432538166e-02 2.384512436056525179e-03
4.179999999999999790e-06 1.564576239643278646e-02 2.606011255069020684e-03
4.200000000000000445e-06 1.571417365478647646e-02 2.826573926193831458e-03
4.220000000000000254e-06 1.577591908549247357e-02 3.047136597318642667e-03
4.240000000000000062e-06 1.584798772819309698e-02 3.275573586220135308e-03
4.259999999999999871e-06 1.590989513065944883e-02 3.533465263604358784e-03
4.279999999999999679e-06 1.604800602546162247e-02 3.838052414261670757e-03
4.300000000000000335e-06 1.613253772935959937e-02 4.090003743375720396e-03
4.320000000000000143e-06 1.628583929640154554e-02 4.331958476758719645e-03
4.339999999999999952e-06 1.643772420088676633e-02 4.604855354913624244e-03
4.359999999999999760e-06 1.660158450347042416e-02 4.884500208012026827e-03
4.380000000000000416e-06 1.675073630498454674e-02 5.155886075939294065e-03
4.400000000000000224e-06 1.687508777753771519e-02 5.451379293230345507e-03
4.420000000000000033e-06 1.700498530719722623e-02 5.745368456038981581e-03
4.439999999999999841e-06 1.717166983524187271e-02 6.024799159011036062e-03
4.460000000000000497e-06 1.735432844006455297e-02 6.297147902374724757e-03
4.480000000000000305e-06 1.756261386860656637e-02 6.563074737001659692e-03
4.500000000000000114e-06 1.776844222367953557e-02 6.831249801728085137e-03
4.519999999999999923e-06 1.798834260719683886e-02 7.095288765569830562e-03
4.539999999999999731e-06 1.819073464459066911e-02 7.366937269167690358e-03
4.560000000000000387e-06 1.844543065027258108e-02 7.569719601637001430e-03
4.580000000000000195e-06 1.868032696858093131e-02 7.805257067593685330e-03
4.600000000000000004e-06 1.888646724404459756e-02 8.038854483176056248e-03
4.619999999999999812e-06 1.910539179909864424e-02 8.263364731836617821e-03
4.640000000000000468e-06 1.932995680250434653e-02 8.502844749199099314e-03
4.660000000000000276e-06 1.955011106138005925e-02 8.733010520320506551e-03
4.680000000000000085e-06 1.977041158017192948e-02 8.967815214615789191e-03
4.699999999999999893e-06 1.995248645754740466e-02 9.196028976917453371e-03
4.719999999999999702e-06 2.014020178327451810e-02 9.424242739219122755e-03
4.740000000000000357e-06 2.033355755735328022e-02 9.652456501520800813e-03
4.760000000000000166e-06 2.053226159308879292e-02 9.879938540797921637e-03
4.779999999999999974e-06 2.069606954131988918e-02 1.008108141319718001e-02
4.799999999999999783e-06 2.085459456173975948e-02 1.029964164579001348e-02
4.820000000000000438e-06 2.101894696195431844e-02 1.052304879741442975e-02
4.840000000000000247e-06 2.115943389647735595e-02 1.069145269011657212e-02
4.860000000000000055e-06 2.127920545641238600e-02 1.090715903786935830e-02
4.879999999999999864e-06 2.144191036001636894e-02 1.115456847349780359e-02
4.900000000000000519e-06 2.152179982816722348e-02 1.132786184532710502e-02
4.920000000000000328e-06 2.156680019654460753e-02 1.149330944080414682e-02
4.940000000000000136e-06 2.161801811061754217e-02 1.172535711210211801e-02
4.959999999999999945e-06 2.167924607826849856e-02 1.200117851305847021e-02
4.979999999999999753e-06 2.174814293026232359e-02 1.228714704699282803e-02
5.000000000000000409e-06 2.181997811437488832e-02 1.254595168662681927e-02
5.020000000000000218e-06 2.192162941570899998e-02 1.280770720312378839e-02
5.040000000000000026e-06 2.191392666384153753e-02 1.308269790957498208e-02
5.059999999999999835e-06 2.195917425208657875e-02 1.334972851592208971e-02
5.080000000000000490e-06 2.201006228868325476e-02 1.357937337156042527e-02
5.100000000000000299e-06 2.205784490541576673e-02 1.378697557325295892e-02
5.120000000000000107e-06 2.210110473770533421e-02 1.397113707920372670e-02
5.139999999999999916e-06 2.217361003862635890e-02 1.419703017530691072e-02
5.159999999999999724e-06 2.224262428292752766e-02 1.444910598018837172e-02
5.180000000000000380e-06 2.233200947395163824e-02 1.471278068680520294e-02
5.200000000000000188e-06 2.242627295622758726e-02 1.498095043986107447e-02
5.219999999999999997e-06 2.251742988809517926e-02 1.526967242426143997e-02
5.239999999999999805e-06 2.264619942530617103e-02 1.554739955476620167e-02
5.260000000000000461e-06 2.278302953983208853e-02 1.578286970864962308e-02
5.280000000000000269e-06 2.293957055363585185e-02 1.602875324173019464e-02
5.300000000000000078e-06 2.306879709597293299e-02 1.625045769361559839e-02
5.319999999999999886e-06 2.318723812212157565e-02 1.649024317589127195e-02
5.339999999999999695e-06 2.334548597951306009e-02 1.670126812677617811e-02
5.360000000000000350e-06 2.354548237023790236e-02 1.688353515488962703e-02
5.380000000000000159e-06 2.373205125009742594e-02 1.714562658648651622e-02
5.399999999999999967e-06 2.392319077687359366e-02 1.738721805570496090e-02
5.419999999999999776e-06 2.412447801169196465e-02 1.760965668560549036e-02
5.440000000000000431e-06 2.433250785766190999e-02 1.784332330036996275e-02
5.460000000000000240e-06 2.454224808146727999e-02 1.812625892586839163e-02
5.480000000000000048e-06 2.482156503482822046e-02 1.831783340457707882e-02
5.499999999999999857e-06 2.509121541340103914e-02 1.857363674444994020e-02
5.520000000000000513e-06 2.533174265971263606e-02 1.875948822988338094e-02
5.540000000000000321e-06 2.560208849677382201e-02 1.890770355553109128e-02
5.560000000000000130e-06 2.586297204180650067e-02 1.913668536526404867e-02
5.579999999999999938e-06 2.615477284210795603e-02 1.933107953369210888e-02
5.599999999999999747e-06 2.639722591422269393e-02 1.956562621587209713e-02
5.620000000000000402e-06 2.666564036408995003e-02 1.976241238213645446e-02
5.640000000000000211e-06 2.694445382711530348e-02 1.996787169622425001e-02
5.660000000000000019e-06 2.721658253472763675e-02 2.017777677919394691e-02
5.679999999999999828e-06 2.746704782316967963e-02 2.042217792395679618e-02
5.700000000000000483e-06 2.770312897328738866e-02 2.065489160325997137e-02
5.720000000000000292e-06 2.795345143788820902e-02 2.085741898218764281e-02
5.740000000000000100e-06 2.818755999132944653e-02 2.102576873226708401e-02
5.759999999999999909e-06 2.844468322580032127e-02 2.118131962923405082e-02
5.779999999999999717e-06 2.868701268414739630e-02 2.139176184255758145e-02
5.800000000000000373e-06 2.884628049196749644e-02 2.161728106060491206e-02
5.820000000000000181e-06 2.898283659655337061e-02 2.183200092378791146e-02
5.839999999999999990e-06 2.920727860569445264e-02 2.203265653995607753e-02
5.859999999999999798e-06 2.943415773419987003e-02 2.223511616659482742e-02
5.880000000000000454e-06 2.964227174374691604e-02 2.244256222843210927e-02
5.900000000000000262e-06 2.983992054886068848e-02 2.262323108877347527e-02
5.920000000000000071e-06 3.002790395105256471e-02 2.284564054947250261e-02
5.939999999999999879e-06 3.020856284027411548e-02 2.295135427083433780e-02
5.960000000000000535e-06 3.038028604302207142e-02 2.314017387624135724e-02
5.980000000000000343e-06 3.050607748743619854e-02 2.326057672932999032e-02
6.000000000000000152e-06 3.068132067105777336e-02 2.341646486380600731e-02
6.019999999999999961e-06 3.086366115487118589e-02 2.356178458996169289e-02
6.039999999999999769e-06 3.107107750488568090e-02 2.365418885459294809e-02
6.060000000000000425e-06 3.129012556113106719e-02 2.374938416464827257e-02
6.080000000000000233e-06 3.156832507510465291e-02 2.379319016278456586e-02
6.100000000000000042e-06 3.179939573831587485e-02 2.387355617804961389e-02
6.119999999999999850e-06 3.204207094073164425e-02 2.393655248573364411e-02
6.140000000000000506e-06 3.230274480744774884e-02 2.403266195189571186e-02
6.160000000000000314e-06 3.248256192800560299e-02 2.409107189776521843e-02
6.180000000000000123e-06 3.272260861707848578e-02 2.415498972353920248e-02
6.199999999999999931e-06 3.296892519483278494e-02 2.416082806469549080e-02
6.219999999999999740e-06 3.322928696151836864e-02 2.415521505448535444e-02
6.240000000000000395e-06 3.345539977300280438e-02 2.411259453163612163e-02
6.260000000000000204e-06 3.369172545378831124e-02 2.410117537353400480e-02
6.280000000000000012e-06 3.390449562586964061e-02 2.408556262547702914e-02
6.299999999999999821e-06 3.410468594808516857e-02 2.403850915189886805e-02
6.320000000000000476e-06 3.431051671865234520e-02 2.399815796202239143e-02
6.340000000000000285e-06 3.448146416297175054e-02 2.395780677214591481e-02
6.360000000000000093e-06 3.465805205564279068e-02 2.391745558226944166e-02
6.379999999999999902e-06 3.484028039666548643e-02 2.387710439239296850e-02
6.399999999999999710e-06 3.502814918603982391e-02 2.383675320251649535e-02
6.420000000000000366e-06 3.522165842376581701e-02 2.379640201264002219e-02
6.440000000000000174e-06 3.543496099653244136e-02 2.379474380555084492e-02
6.459999999999999983e-06 3.563163620587778135e-02 2.379256739257033099e-02
6.479999999999999791e-06 3.580920712185140659e-02 2.380416940892954650e-02
6.500000000000000447e-06 3.601135983430204385e-02 2.379117270335619552e-02
6.520000000000000256e-06 3.616594358830916428e-02 2.380725091992815998e-02
6.540000000000000064e-06 3.634501913831852948e-02 2.381673628970069900e-02
6.559999999999999873e-06 3.653069864838538044e-02 2.382200718170552484e-02
6.580000000000000528e-06 3.672201860680388702e-02 2.382727807371035761e-02
6.600000000000000337e-06 3.691897901357402839e-02 2.381061117470526997e-02
6.620000000000000145e-06 3.712157986869581844e-02 2.380424881344216093e-02
6.639999999999999954e-06 3.733591718783148272e-02 2.379526059194778109e-02
6.659999999999999762e-06 3.754668593096914531e-02 2.378141025932131378e-02
6.680000000000000418e-06 3.776501000880103792e-02 2.374305203140332152e-02
6.700000000000000226e-06 3.799234390263987737e-02 2.370391771681241294e-02
6.720000000000000035e-06 3.812535102186145886e-02 2.376744567639855685e-02
6.739999999999999843e-06 3.831732946818981744e-02 2.376892538515202810e-02
6.760000000000000499e-06 3.846319548315537545e-02 2.378853376978045525e-02
6.780000000000000307e-06 3.859723523456116273e-02 2.369411779411167637e-02
6.800000000000000116e-06 3.873577031350858985e-02 2.363498677068767012e-02
6.819999999999999924e-06 3.887383529566770801e-02 2.357670704832767056e-02
6.839999999999999733e-06 3.901584498765164194e-02 2.352239771312947605e-02
6.860000000000000388e-06 3.917917538867542876e-02 2.338084645199784567e-02
6.880000000000000197e-06 3.933364476267481313e-02 2.325710077042503557e-02
6.900000000000000005e-06 3.946703919726405468e-02 2.314346799794712167e-02
6.919999999999999814e-06 3.960420182302625686e-02 2.309623273009129771e-02
6.940000000000000469e-06 3.972040329607349346e-02 2.301103298694595622e-02
6.960000000000000278e-06 3.975884734508164375e-02 2.293121661889117521e-02
6.980000000000000086e-06 3.985233884215450689e-02 2.284693846417229501e-02
6.999999999999999895e-06 3.995561927903228117e-02 2.276128868248812262e-02
7.020000000000000551e-06 4.005890000055136596e-02 2.267276608859801132e-02
7.040000000000000359e-06 4.016782117042207861e-02 2.258424349470790002e-02
7.060000000000000168e-06 4.028238278864444688e-02 2.249572090081778178e-02
7.079999999999999976e-06 4.040258485521846382e-02 2.239645437721313193e-02
7.099999999999999785e-06 4.052187268296684325e-02 2.229767024716768423e-02
7.120000000000000440e-06 4.064899236594245180e-02 2.219895971790592989e-02
7.140000000000000249e-06 4.078175249726970208e-02 2.210024918864418250e-02
7.160000000000000057e-06 4.092015307694860798e-02 2.197500507013625676e-02
7.179999999999999866e-06 4.106419410497915562e-02 2.184976095162833448e-02
7.200000000000000521e-06 4.116965515964780831e-02 2.174240334821590098e-02
7.220000000000000330e-06 4.126696481458966975e-02 2.162658081079333813e-02
7.240000000000000138e-06 4.136254149920933626e-02 2.151339199393562107e-02
7.259999999999999947e-06 4.148178587497183128e-02 2.143265220387221767e-02
7.279999999999999755e-06 4.161087655839182387e-02 2.133413446352554893e-02
7.300000000000000411e-06 4.174408155332857279e-02 2.125722579634902951e-02
7.320000000000000219e-06 4.180235804085973700e-02 2.121403515639546170e-02
7.340000000000000028e-06 4.191736206868465486e-02 2.114135990531403747e-02
7.359999999999999836e-06 4.204149114780546953e-02 2.106866467414425514e-02
7.380000000000000492e-06 4.218376179435903706e-02 2.100302732732063291e-02
7.400000000000000300e-06 4.233001772023183007e-02 2.094979929771829605e-02
7.420000000000000109e-06 4.243518019373242189e-02 2.087388713564889559e-02
7.439999999999999917e-06 4.257274810743102988e-02 2.080769482975408993e-02
7.460000000000000573e-06 4.271872003465897877e-02 2.074311960661698317e-02
7.480000000000000381e-06 4.285936852797094659e-02 2.066157288922411059e-02
7.500000000000000190e-06 4.299865283696801405e-02 2.056338446292660729e-02
7.519999999999999999e-06 4.312474464318883510e-02 2.047286671039048184e-02
7.539999999999999807e-06 4.324417629620722070e-02 2.033347878177194437e-02
7.560000000000000463e-06 4.333344218587882601e-02 2.026449447052969255e-02
7.580000000000000271e-06 4.345196303195642679e-02 2.021456901213962778e-02
7.600000000000000080e-06 4.364158580248339581e-02 2.016615628309324434e-02
7.619999999999999888e-06 4.375947735803006194e-02 2.014238206227284694e-02
7.639999999999999697e-06 4.390072856357964820e-02 2.010145640853942123e-02
7.659999999999999505e-06 4.405192292526418502e-02 2.007171065101005444e-02
7.680000000000001008e-06 4.421436305045808174e-02 2.004267598842502177e-02
7.700000000000000816e-06 4.438246390362246552e-02 2.005444998178147753e-02
7.720000000000000625e-06 4.454653368823672382e-02 2.005212660880729969e-02
7.740000000000000433e-06 4.470626255120586923e-02 2.001959573749585372e-02
7.760000000000000242e-06 4.484525260451480144e-02 2.001123933332937810e-02
7.780000000000000050e-06 4.499906136164735782e-02 2.000046102770875606e-02
7.799999999999999859e-06 4.514767494408685605e-02 1.996262262334503809e-02
7.819999999999999667e-06 4.529539248805822260e-02 1.992660533186869920e-02
7.839999999999999476e-06 4.543587872212791201e-02 1.988817857392196145e-02
7.860000000000000978e-06 4.555965079767378134e-02 1.982379106989961073e-02
7.880000000000000787e-06 4.572584711345136638e-02 1.976432678470133389e-02
7.900000000000000595e-06 4.589546666112067491e-02 1.970319273975183055e-02
7.920000000000000404e-06 4.604392434942670281e-02 1.962617432235588127e-02
7.940000000000000212e-06 4.619698124605550738e-02 1.952282487461148505e-02
7.960000000000000021e-06 4.633138455686732632e-02 1.941455436544562221e-02
7.979999999999999829e-06 4.646627836643071885e-02 1.929836970566170193e-02
7.999999999999999638e-06 4.660191109756730427e-02 1.917655244612344670e-02
8.019999999999999446e-06 4.675747945216968821e-02 1.906699275940117524e-02
8.040000000000000949e-06 4.683597226845998690e-02 1.890368109376425187e-02
8.060000000000000758e-06 4.698105490811171209e-02 1.874776817128235087e-02
8.080000000000000566e-06 4.712898820785436926e-02 1.859565121482644953e-02
8.100000000000000375e-06 4.728721356368686957e-02 1.845099790366887607e-02
8.120000000000000183e-06 4.745639729378498678e-02 1.832107493235359680e-02
8.139999999999999992e-06 4.763203680488075492e-02 1.818493411916190933e-02
8.159999999999999800e-06 4.781236911203978063e-02 1.808043466105179256e-02
8.179999999999999609e-06 4.799227173662250906e-02 1.796097091278402169e-02
8.199999999999999417e-06 4.818250117587857817e-02 1.785527690672584003e-02
8.220000000000000920e-06 4.836877078722436052e-02 1.776385786951718837e-02
8.240000000000000728e-06 4.848003683258905738e-02 1.763258743328316447e-02
8.260000000000000537e-06 4.858622559775616773e-02 1.753144421200180172e-02
8.280000000000000345e-06 4.868329673398205659e-02 1.743147567851545399e-02
8.300000000000000154e-06 4.871905573901809394e-02 1.733523247106394036e-02
8.319999999999999962e-06 4.880124087941570959e-02 1.724190562754512532e-02
8.339999999999999771e-06 4.889415772980486297e-02 1.713768777363509216e-02
8.359999999999999579e-06 4.897875409087517479e-02 1.701627102559704827e-02
8.379999999999999388e-06 4.906451145524039908e-02 1.690135659875648122e-02
8.400000000000000890e-06 4.915009001864443366e-02 1.679296127718983220e-02
8.420000000000000699e-06 4.924783289045023965e-02 1.670198166758300393e-02
8.440000000000000507e-06 4.932985866294106736e-02 1.662514475357030827e-02
8.460000000000000316e-06 4.940743203727022276e-02 1.654926029610361352e-02
8.480000000000000124e-06 4.951391591443142504e-02 1.647200513719131176e-02
8.499999999999999933e-06 4.964772359850489619e-02 1.636282349855271850e-02
8.519999999999999742e-06 4.978624384316889667e-02 1.627993904925567961e-02
8.539999999999999550e-06 4.982770251053295768e-02 1.621258537386966944e-02
8.559999999999999359e-06 4.999113556576208900e-02 1.605131931796703951e-02
8.580000000000000861e-06 5.009263178068436295e-02 1.596157630189093402e-02
8.600000000000000670e-06 5.018557742273124095e-02 1.586903252537582784e-02
8.620000000000000478e-06 5.032258122106477577e-02 1.578177582325296716e-02
8.640000000000000287e-06 5.039268625769121462e-02 1.565967287632342650e-02
8.660000000000000095e-06 5.048318434533214522e-02 1.555201742588404462e-02
8.679999999999999904e-06 5.065028477714392241e-02 1.539747833696738892e-02
8.699999999999999712e-06 5.074981537925891267e-02 1.525641609884203359e-02
8.719999999999999521e-06 5.086401475894806318e-02 1.509344370885310448e-02
8.740000000000001023e-06 5.099796163777430003e-02 1.498109148144677327e-02
8.760000000000000832e-06 5.113754896495217861e-02 1.486873925404042819e-02
8.780000000000000640e-06 5.126340317370593064e-02 1.475676455653759239e-02
8.800000000000000449e-06 5.137851723938595405e-02 1.465691503423909893e-02
8.820000000000000257e-06 5.149261470730163298e-02 1.455885912210158790e-02
8.840000000000000066e-06 5.156457935679241433e-02 1.437888351294969863e-02
8.859999999999999874e-06 5.162233290219860049e-02 1.417903867982798875e-02
8.879999999999999683e-06 5.170862377957123612e-02 1.402613644899783525e-02
8.899999999999999491e-06 5.180964674566240769e-02 1.387981712227463749e-02
8.920000000000000994e-06 5.193563353355348106e-02 1.372305132210900960e-02
8.940000000000000802e-06 5.201992986038064121e-02 1.357132443771287209e-02
8.960000000000000611e-06 5.213053895333127907e-02 1.342185035245963866e-02
8.980000000000000419e-06 5.230497497981246441e-02 1.328341545451544765e-02
9.000000000000000228e-06 5.244013270504428725e-02 1.321287479237846785e-02
9.020000000000000037e-06 5.262064591204838188e-02 1.316792314480882270e-02
9.039999999999999845e-06 5.279541956406223757e-02 1.306217267396944312e-02
9.059999999999999654e-06 5.297857710938742859e-02 1.294711075807240645e-02
9.079999999999999462e-06 5.316018487367894785e-02 1.283286533678961415e-02
9.100000000000000965e-06 5.333616598011929610e-02 1.269431932977806501e-02
9.120000000000000773e-06 5.350442900355303899e-02 1.253866446275010878e-02
9.140000000000000582e-06 5.360644238183504690e-02 1.241914678247962346e-02
9.160000000000000390e-06 5.372318125381864845e-02 1.231122265945293164e-02
9.180000000000000199e-06 5.384367698687683029e-02 1.220946350285795345e-02
9.200000000000000007e-06 5.397086018918161726e-02 1.213200501045872542e-02
9.219999999999999816e-06 5.405506208030626258e-02 1.206762223470724329e-02
9.239999999999999624e-06 5.415124155649182758e-02 1.202483398780873798e-02
9.259999999999999433e-06 5.423900570645513730e-02 1.199248781804612522e-02
9.280000000000000935e-06 5.430126357306962193e-02 1.186039564798986763e-02
9.300000000000000744e-06 5.439193705087268238e-02 1.179944842486562590e-02
9.320000000000000552e-06 5.448396321146438404e-02 1.172932131312589589e-02
9.340000000000000361e-06 5.459844136619368404e-02 1.166909314358350290e-02
9.360000000000000169e-06 5.468244817579472061e-02 1.163916585845691833e-02
9.379999999999999978e-06 5.477735041545375716e-02 1.159596511707389026e-02
9.399999999999999786e-06 5.484313062461360772e-02 1.155486002574712505e-02
9.419999999999999595e-06 5.491455128212510001e-02 1.151375493442035464e-02
9.439999999999999403e-06 5.499653063079252419e-02 1.146690189499185303e-02
9.460000000000000906e-06 5.516765576105336216e-02 1.140846757676957854e-02
9.480000000000000715e-06 5.531802861572620439e-02 1.135173084107874049e-02
9.500000000000000523e-06 5.549225519208697555e-02 1.129499410538789723e-02
9.520000000000000332e-06 5.567385103399041801e-02 1.123361694652696800e-02
9.540000000000000140e-06 5.584718368633822400e-02 1.115752026410036200e-02
9.559999999999999949e-06 5.601795932766862052e-02 1.107992983282540117e-02
9.579999999999999757e-06 5.616333324557869211e-02 1.103189397187990389e-02
9.599999999999999566e-06 5.631061265835293761e-02 1.099430472035146066e-02
9.619999999999999374e-06 5.645241870128723388e-02 1.098258005303676989e-02
9.640000000000000877e-06 5.665372040969428313e-02 1.094819343937880607e-02
9.660000000000000685e-06 5.683846142457989192e-02 1.101196802244375217e-02
9.680000000000000494e-06 5.703373114829195928e-02 1.096123421569106769e-02
9.700000000000000302e-06 5.723967138778795344e-02 1.097339484882993779e-02
9.720000000000000111e-06 5.749419178517738149e-02 1.099659843853278973e-02
9.739999999999999919e-06 5.767226902853302140e-02 1.097937635888837984e-02
9.759999999999999728e-06 5.782872953710214287e-02 1.094496156217046254e-02
9.779999999999999536e-06 5.799363589754259057e-02 1.091770240854381645e-02
9.800000000000001039e-06 5.816638100600906441e-02 1.089605037979847479e-02
9.820000000000000847e-06 5.834113017892089692e-02 1.086826127527156655e-02
9.840000000000000656e-06 5.852294499822397605e-02 1.082316130204001407e-02
9.860000000000000464e-06 5.870560788458387830e-02 1.078415725956900079e-02
9.880000000000000273e-06 5.883896866629758499e-02 1.073878699749588640e-02
9.900000000000000081e-06 5.899955242600148086e-02 1.069440029453172687e-02
9.919999999999999890e-06 5.915930220029842063e-02 1.065015734887268112e-02
9.939999999999999698e-06 5.926130533125778532e-02 1.060063436569345062e-02
9.959999999999999507e-06 5.939409413139916383e-02 1.053493828916499467e-02
9.980000000000001010e-06 5.952263429298389197e-02 1.046344621347577823e-02
1.000000000000000082e-05 5.961365049216404283e-02 1.036585610547477963e-02
1.002000000000000063e-05 5.971887371174244147e-02 1.024481532265111502e-02
1.004000000000000044e-05 5.982395129522404681e-02 1.011258366727090310e-02
1.006000000000000024e-05 6.001919237026623333e-02 9.991818284839783237e-03
1.008000000000000005e-05 6.017674836363876012e-02 9.853316316273740688e-03
1.009999999999999986e-05 6.033994480536294946e-02 9.714814347707710282e-03
1.011999999999999967e-05 6.048240393039397422e-02 9.576312379141672937e-03
1.013999999999999948e-05 6.063050350377665459e-02 9.437810410575635592e-03
1.016000000000000098e-05 6.078424352551097670e-02 9.299308442009596512e-03
1.018000000000000079e-05 6.094362399559694748e-02 9.160806473443566106e-03
1.020000000000000060e-05 6.110934360199479776e-02 9.022601194082048928e-03
1.022000000000000041e-05 6.125096944705662322e-02 8.869366197513333869e-03
1.024000000000000021e-05 6.140644093966319411e-02 8.734467618569757147e-03
1.026000000000000002e-05 6.153200423641466688e-02 8.599480662486239102e-03
1.027999999999999983e-05 6.162537446653316292e-02 8.445845900201037412e-03
1.029999999999999964e-05 6.171773200240873031e-02 8.296118349853560947e-03
1.031999999999999945e-05 6.180205145047299592e-02 8.157373521635034527e-03
1.034000000000000095e-05 6.189341129366325578e-02 7.987301756062440555e-03
1.036000000000000076e-05 6.203284108574455558e-02 7.826087837795677252e-03
1.038000000000000057e-05 6.224872210431778297e-02 7.649908833442848992e-03
1.040000000000000038e-05 6.241205205221773966e-02 7.469715474284556109e-03
1.042000000000000018e-05 6.258273008377961133e-02 7.308438286927040721e-03
1.043999999999999999e-05 6.274615519743320657e-02 7.133422900220345690e-03
1.045999999999999980e-05 6.295961853266768271e-02 6.944376687164942503e-03
1.047999999999999961e-05 6.316312660816497671e-02 6.784720342689070857e-03
1.049999999999999942e-05 6.330819412388503931e-02 6.647078011625109570e-03
1.052000000000000092e-05 6.350095572992761617e-02 6.478707025490806730e-03
1.054000000000000073e-05 6.370717831086256111e-02 6.285056486536838398e-03
1.056000000000000054e-05 6.396019442788977716e-02 6.096013756664481024e-03
1.058000000000000035e-05 6.418714197746738792e-02 5.976727929827742834e-03
1.060000000000000016e-05 6.443346559181722943e-02 5.827128120955263162e-03
1.061999999999999996e-05 6.469947610428118667e-02 5.723561496281628046e-03
1.063999999999999977e-05 6.490708290368651934e-02 5.599254632865273765e-03
1.065999999999999958e-05 6.514442541243720131e-02 5.455837505801930561e-03
1.067999999999999939e-05 6.534238548475024277e-02 5.305353075814049982e-03
1.070000000000000089e-05 6.557182812982371989e-02 5.254951615513892352e-03
1.072000000000000070e-05 6.579111420612515637e-02 5.155538812440888310e-03
1.074000000000000051e-05 6.601875134972061410e-02 5.082514563306963357e-03
1.076000000000000032e-05 6.624001194979296792e-02 5.006374618759123866e-03
1.078000000000000013e-05 6.647130768893018404e-02 4.956169971235546701e-03
1.079999999999999993e-05 6.670824387641902109e-02 4.935203467669351148e-03
1.081999999999999974e-05 6.695082051225952069e-02 4.914236964103162533e-03
1.083999999999999955e-05 6.719903759645165509e-02 4.893270460536960041e-03
1.086000000000000105e-05 6.743566764234694422e-02 4.872303956970770560e-03
1.088000000000000086e-05 6.768408729024319448e-02 4.845279306362764229e-03
1.090000000000000067e-05 6.795503714588296829e-02 4.825289699268394891e-03
1.092000000000000048e-05 6.821915389133004215e-02 4.804082686463924216e-03
1.094000000000000029e-05 6.848891108512876469e-02 4.782875673659456144e-03
1.096000000000000010e-05 6.876662574979548748e-02 4.762657679160124842e-03
1.097999999999999991e-05 6.900730448396201477e-02 4.738286535621558798e-03
1.099999999999999971e-05 6.926606200611731823e-02 4.691040946207199018e-03
1.101999999999999952e-05 6.947365457192876403e-02 4.638050288850177616e-03
1.104000000000000103e-05 6.969236394326268347e-02 4.704236385970768895e-03
1.106000000000000083e-05 6.984372065965337162e-02 4.675651580541029598e-03
1.108000000000000064e-05 7.003749189252161944e-02 4.661602125102684221e-03
1.110000000000000045e-05 7.020991976006268898e-02 4.606997052882904481e-03
1.112000000000000026e-05 7.037829140179102660e-02 4.553641807029420487e-03
1.114000000000000007e-05 7.051383884924615486e-02 4.491567123680617959e-03
1.115999999999999988e-05 7.072816558977797208e-02 4.403764000653689024e-03
1.117999999999999968e-05 7.086173579498636355e-02 4.465439492812599623e-03
1.119999999999999949e-05 7.101247075422705002e-02 4.263322635597743653e-03
1.122000000000000100e-05 7.125118167016890325e-02 4.228229025939927305e-03
1.124000000000000080e-05 7.154610558139454235e-02 4.106445802467740928e-03
1.126000000000000061e-05 7.168783000686818063e-02 4.030336456945517697e-03
1.128000000000000042e-05 7.187430546763629025e-02 4.007083210219528242e-03
1.130000000000000023e-05 7.204290190624927648e-02 3.986445232798468789e-03
1.132000000000000004e-05 7.221713879321388363e-02 3.956299765740063298e-03
1.133999999999999985e-05 7.239699498640460307e-02 3.933171156775541397e-03
1.135999999999999966e-05 7.258193807878970949e-02 3.895042020119303828e-03
1.137999999999999946e-05 7.277828302877110966e-02 3.858953415810868412e-03
1.140000000000000097e-05 7.298213920500340457e-02 3.840729737976637890e-03
1.142000000000000077e-05 7.319136775961267161e-02 3.843766250667965748e-03
1.144000000000000058e-05 7.341079984996518037e-02 3.853723125651411455e-03
1.146000000000000039e-05 7.363755935907705108e-02 3.887262473608252712e-03
1.148000000000000020e-05 7.386079336857143129e-02 3.922551986620925399e-03
1.150000000000000001e-05 7.411599902891333191e-02 3.951824378783044475e-03
1.151999999999999982e-05 7.427807778569070485e-02 3.988692729765921582e-03
1.153999999999999963e-05 7.452439956970299817e-02 4.004233555603322302e-03
1.155999999999999943e-05 7.477859619433575855e-02 4.043245145996278433e-03
1.158000000000000094e-05 7.503547301832752536e-02 4.110836034424410028e-03
1.160000000000000075e-05 7.529617048901761367e-02 4.170203399763637055e-03
1.162000000000000055e-05 7.549663686688619368e-02 4.273843803834005695e-03
1.164000000000000036e-05 7.570051519328661882e-02 4.342379193296250044e-03
1.166000000000000017e-05 7.593347003422758201e-02 4.448975896693229196e-03
1.167999999999999998e-05 7.625682789467559675e-02 4.677260088599626692e-03
1.169999999999999979e-05 7.652310974070611338e-02 4.822850066206496936e-03
1.171999999999999960e-05 7.678144115054257035e-02 4.992050079019856243e-03
1.173999999999999941e-05 7.712144573754006749e-02 5.123216599638082125e-03
1.176000000000000091e-05 7.743634495201183465e-02 5.278801743507556370e-03
1.178000000000000072e-05 7.775828985992436215e-02 5.441522373733174468e-03
1.180000000000000052e-05 7.809265228767503508e-02 5.587513588834188555e-03
1.182000000000000033e-05 7.843425447286209162e-02 5.708052188188304267e-03
1.184000000000000014e-05 7.877189349068956792e-02 5.811435858757823744e-03
1.185999999999999995e-05 7.914834272901698220e-02 5.961181779469422459e-03
1.187999999999999976e-05 7.935657902785890616e-02 5.996990593014072529e-03
1.189999999999999957e-05 7.956168026755437717e-02 6.014470633583157352e-03
1.192000000000000107e-05 7.980840189305472843e-02 6.356900714336750739e-03
1.194000000000000088e-05 8.004481897309222160e-02 6.498838443456991451e-03
1.196000000000000069e-05 8.029290055001198079e-02 6.617084399762296690e-03
1.198000000000000050e-05 8.056905453399969275e-02 6.731982935408760069e-03
1.200000000000000030e-05 8.082451200249400614e-02 6.844908337041850400e-03
1.202000000000000011e-05 8.107192792849783614e-02 6.957658108037484586e-03
1.203999999999999992e-05 8.131787731283107723e-02 7.048502962249863016e-03
1.205999999999999973e-05 8.153836039917124190e-02 7.199542942488246049e-03
1.207999999999999954e-05 8.178921428557089923e-02 7.299308868285856421e-03
1.210000000000000104e-05 8.197333811296018957e-02 7.410782511351303621e-03
1.212000000000000085e-05 8.224773334946650083e-02 7.518119501910995595e-03
1.214000000000000066e-05 8.251852726387745585e-02 7.615188025952394912e-03
1.216000000000000047e-05 8.282262397743909987e-02 7.704540424175521270e-03
1.218000000000000027e-05 8.315497550048174535e-02 7.859181967041323560e-03
1.220000000000000008e-05 8.344565645975900170e-02 7.992112847711419291e-03
1.221999999999999989e-05 8.370995898487652853e-02 8.120137090601029645e-03
1.223999999999999970e-05 8.405184402673189503e-02 8.296308020064153965e-03
1.225999999999999951e-05 8.431070621131300791e-02 8.425885023730620912e-03
1.228000000000000101e-05 8.457699789037528837e-02 8.545205159749118609e-03
1.230000000000000082e-05 8.484968096503471557e-02 8.679345104603162706e-03
1.232000000000000063e-05 8.510223760905408219e-02 8.813485049457199863e-03
1.234000000000000044e-05 8.535725146908840211e-02 8.946620582352838441e-03
1.236000000000000025e-05 8.557094610298751625e-02 9.110112793557027452e-03
1.238000000000000005e-05 8.578112379383454056e-02 9.278432296684808317e-03
1.239999999999999986e-05 8.599390129964383511e-02 9.438503411074262300e-03
1.241999999999999967e-05 8.618673864489030667e-02 9.599171791829824024e-03
1.243999999999999948e-05 8.640534701592959832e-02 9.735012441535715461e-03
1.246000000000000098e-05 8.658969813021205608e-02 9.939089921345676745e-03
1.248000000000000079e-05 8.674677159424033779e-02 1.004185302492666132e-02
1.250000000000000060e-05 8.697302120101481349e-02 1.018660578362061767e-02
1.252000000000000041e-05 8.712131611225093497e-02 1.033860707038404200e-02
1.254000000000000022e-05 8.729102625056794906e-02 1.047860936083069329e-02
1.256000000000000002e-05 8.746488162048737802e-02 1.061648519052000791e-02
1.257999999999999983e-05 8.761515904976828473e-02 1.074548382151296194e-02
1.259999999999999964e-05 8.778425165650242945e-02 1.090617349280085385e-02
1.261999999999999945e-05 8.795157317261802221e-02 1.109265231602211792e-02
1.264000000000000095e-05 8.802312122582095499e-02 1.122094353937974458e-02
1.266000000000000076e-05 8.815653881765524169e-02 1.136600507305562079e-02
1.268000000000000057e-05 8.827609820883985936e-02 1.149523695037087297e-02
1.270000000000000038e-05 8.838370693433844627e-02 1.161346633972690570e-02
1.272000000000000019e-05 8.849695610818870961e-02 1.174925136613153530e-02
1.274000000000000000e-05 8.860228744426205949e-02 1.188503639253617704e-02
1.275999999999999980e-05 8.871325922868701641e-02 1.202298272575419609e-02
1.277999999999999961e-05 8.883150711546723699e-02 1.218740392401251003e-02
1.279999999999999942e-05 8.897015829175908275e-02 1.232809499246971530e-02
1.282000000000000092e-05 8.909726681336131715e-02 1.246407422694640818e-02
1.284000000000000073e-05 8.924150961600897658e-02 1.261032093325283390e-02
1.286000000000000054e-05 8.941855643289965683e-02 1.274723453782990873e-02
1.288000000000000035e-05 8.955998502709831832e-02 1.282665032748368621e-02
1.290000000000000016e-05 8.960015492403193560e-02 1.299322557440854391e-02
1.291999999999999997e-05 8.972854957190570802e-02 1.314947473034567410e-02
1.293999999999999977e-05 8.981060593444943618e-02 1.309525358977919884e-02
1.295999999999999958e-05 8.996425361558170464e-02 1.307384101235158774e-02
1.298000000000000109e-05 9.008550254548756964e-02 1.314687900481242844e-02
1.300000000000000089e-05 9.019737173906143546e-02 1.324735243796865657e-02
1.302000000000000070e-05 9.033637153164661426e-02 1.334896126362725838e-02
1.304000000000000051e-05 9.047562418956499319e-02 1.345022712819053320e-02
1.306000000000000032e-05 9.064025268971763472e-02 1.355317440089841806e-02
1.308000000000000013e-05 9.076956563419344426e-02 1.365692863575833707e-02
1.309999999999999994e-05 9.095594280589976155e-02 1.376973217140309291e-02
1.311999999999999975e-05 9.119277133974038052e-02 1.390457774690131293e-02
1.313999999999999955e-05 9.137797820429290063e-02 1.403294944259219149e-02
1.316000000000000106e-05 9.153028881952895990e-02 1.413326853481626857e-02
1.318000000000000086e-05 9.167663165583091189e-02 1.422765629543156288e-02
1.320000000000000067e-05 9.182895870001728245e-02 1.435796005238750006e-02
1.322000000000000048e-05 9.196364271773534160e-02 1.444856844922877415e-02
1.324000000000000029e-05 9.210078215804567980e-02 1.456407844788509647e-02
1.326000000000000010e-05 9.225543582416140254e-02 1.469823167305882132e-02
1.327999999999999991e-05 9.241548587117637270e-02 1.480698829628062513e-02
1.329999999999999972e-05 9.253797472110168731e-02 1.491802698837611622e-02
1.331999999999999952e-05 9.279165570074690561e-02 1.506119499508874748e-02
1.334000000000000103e-05 9.292559369977182460e-02 1.516008258364990105e-02
1.336000000000000084e-05 9.309064095518398974e-02 1.528615718619385014e-02
1.338000000000000064e-05 9.324452863126467261e-02 1.534371866883761301e-02
1.340000000000000045e-05 9.338175688336032565e-02 1.542910040118545233e-02
1.342000000000000026e-05 9.357228264925074313e-02 1.551705589578713379e-02
1.344000000000000007e-05 9.373715736001225762e-02 1.566280879299759843e-02
1.345999999999999988e-05 9.398394529836537337e-02 1.577808179064299834e-02
1.347999999999999969e-05 9.417313536629839943e-02 1.587349679502467192e-02
1.349999999999999949e-05 9.445084590407466785e-02 1.602957492963556080e-02
1.352000000000000100e-05 9.465980963328238240e-02 1.619361212795487892e-02
1.354000000000000081e-05 9.486600910128772934e-02 1.637102296775713728e-02
1.356000000000000061e-05 9.506810887850887515e-02 1.656312576177040863e-02
1.358000000000000042e-05 9.530920859733132966e-02 1.678735011733317392e-02
1.360000000000000023e-05 9.552289643018366250e-02 1.695900013604684925e-02
1.362000000000000004e-05 9.567418685588513494e-02 1.712712289868735874e-02
1.363999999999999985e-05 9.582557910813133129e-02 1.730623968254657238e-02
1.365999999999999966e-05 9.594276660520952016e-02 1.743107276299220298e-02
1.367999999999999947e-05 9.610477848173530624e-02 1.758405021234192567e-02
1.370000000000000097e-05 9.627504196268742154e-02 1.771179483694550541e-02
1.372000000000000078e-05 9.645064776276347784e-02 1.785149202754909847e-02
1.374000000000000059e-05 9.657550565760499028e-02 1.799205923809913191e-02
1.376000000000000039e-05 9.670903017489955455e-02 1.813666387418676543e-02
1.378000000000000020e-05 9.682068954343932277e-02 1.825873831265435385e-02
1.380000000000000001e-05 9.700422814432912988e-02 1.839341244644147541e-02
1.381999999999999982e-05 9.714168872333107940e-02 1.853190465965323663e-02
1.383999999999999963e-05 9.730089698446324487e-02 1.867472505136683406e-02
1.386000000000000113e-05 9.747893968622800553e-02 1.881925998147289392e-02
1.388000000000000094e-05 9.769646944779138142e-02 1.896629720729145485e-02
1.390000000000000075e-05 9.792844609200043737e-02 1.912618499454662654e-02
1.392000000000000056e-05 9.815029953065231016e-02 1.925169966065785193e-02
1.394000000000000036e-05 9.837411852642188870e-02 1.936743249164834049e-02
1.396000000000000017e-05 9.857000723254913388e-02 1.943868005243876845e-02
1.397999999999999998e-05 9.877432086009876877e-02 1.954977787858040716e-02
1.399999999999999979e-05 9.899578554132708319e-02 1.963116994103432725e-02
1.401999999999999960e-05 9.917557328802968641e-02 1.969742545410097662e-02
1.404000000000000110e-05 9.937761261517275013e-02 1.974427365360013897e-02
1.406000000000000091e-05 9.957477332826762673e-02 1.978684823057849651e-02
1.408000000000000072e-05 9.978027247204607209e-02 1.983425018750805194e-02
1.410000000000000053e-05 1.000054779795163246e-01 1.987105703685958930e-02
1.412000000000000034e-05 1.002301799375618641e-01 1.991313069450080173e-02
1.414000000000000014e-05 1.004605223439590522e-01 1.995520435214201069e-02
1.415999999999999995e-05 1.006965051987078336e-01 1.999083550840275239e-02
1.417999999999999976e-05 1.009293931068737105e-01 2.000779465328943879e-02
1.419999999999999957e-05 1.011557986977629081e-01 2.002665210973053958e-02
1.422000000000000107e-05 1.013761726558760345e-01 2.000461345147357475e-02
1.424000000000000088e-05 1.015874385177908540e-01 2.001210904564642082e-02
1.426000000000000069e-05 1.017916874086808726e-01 2.002489236522688246e-02
1.428000000000000050e-05 1.019980270087388896e-01 2.003645231174344329e-02
1.430000000000000031e-05 1.022167760986751606e-01 2.008306704404973567e-02
1.432000000000000011e-05 1.024324315810054009e-01 2.014194707674665449e-02
1.433999999999999992e-05 1.026036277782171047e-01 2.019851261604662523e-02
1.435999999999999973e-05 1.027906917055491642e-01 2.025144215576549223e-02
1.437999999999999954e-05 1.029928361739502335e-01 2.029761936441699943e-02
1.440000000000000104e-05 1.032211789127173013e-01 2.035928949630045823e-02
1.442000000000000085e-05 1.033799906672875080e-01 2.043833708267641172e-02
1.444000000000000066e-05 1.036458908171413590e-01 2.040422169243789885e-02
1.446000000000000047e-05 1.038359088499741095e-01 2.043719850886532158e-02
1.448000000000000028e-05 1.040657219904816411e-01 2.045380330567868679e-02
1.450000000000000009e-05 1.042946736806969754e-01 2.043743957549937207e-02
1.451999999999999989e-05 1.045132194588664770e-01 2.045290705420507379e-02
1.453999999999999970e-05 1.047322798046990688e-01 2.046850477446872721e-02
1.455999999999999951e-05 1.048472110552164660e-01 2.047383526077346458e-02
1.458000000000000101e-05 1.050035894929574748e-01 2.051729035113779298e-02
1.460000000000000082e-05 1.051605376286633281e-01 2.054695420429341127e-02
1.462000000000000063e-05 1.053246535134164386e-01 2.057961619134556636e-02
1.464000000000000044e-05 1.054832521967549869e-01 2.063076414621323532e-02
1.466000000000000025e-05 1.056609528482389676e-01 2.074734485201501152e-02
1.468000000000000006e-05 1.057832754353307120e-01 2.082627439164038557e-02
1.469999999999999986e-05 1.059108127622413742e-01 2.092795101976747604e-02
1.471999999999999967e-05 1.060787582812960511e-01 2.110980452298101551e-02
1.473999999999999948e-05 1.062047973191721090e-01 2.125748102323429464e-02
1.476000000000000098e-05 1.064325780078882455e-01 2.137934047067138049e-02
1.478000000000000079e-05 1.065932329588387961e-01 2.153439991989013202e-02
1.480000000000000060e-05 1.068898358687878219e-01 2.168795336797323461e-02
1.482000000000000041e-05 1.071102679057298751e-01 2.186832669026975151e-02
1.484000000000000022e-05 1.073418055874654498e-01 2.205843381600849223e-02
1.486000000000000003e-05 1.075638569172038955e-01 2.223573333061980642e-02
1.487999999999999983e-05 1.077915486952940316e-01 2.241303284523111713e-02
1.489999999999999964e-05 1.080238924257784228e-01 2.257677444322105098e-02
1.492000000000000115e-05 1.082632497376842945e-01 2.271882645897198294e-02
1.494000000000000095e-05 1.084585294753550866e-01 2.285953666052303532e-02
1.496000000000000076e-05 1.086938326423790291e-01 2.298381623474659435e-02
1.498000000000000057e-05 1.089874290400653922e-01 2.325013230137642356e-02
1.500000000000000038e-05 1.092580865937328449e-01 2.339794821819543569e-02
1.502000000000000019e-05 1.095160686711409009e-01 2.355706870566501993e-02
1.504000000000000000e-05 1.097705729109164918e-01 2.371081463124670441e-02
1.505999999999999981e-05 1.100121607978943872e-01 2.390560271195831671e-02
1.507999999999999961e-05 1.102864455608497385e-01 2.405765269601374545e-02
1.510000000000000112e-05 1.105380417794258469e-01 2.424861825889921760e-02
1.512000000000000093e-05 1.108186532989263590e-01 2.441663092621214684e-02
1.514000000000000073e-05 1.110495272495112956e-01 2.466324158877089556e-02
1.516000000000000054e-05 1.113193349543564747e-01 2.486514106673393468e-02
1.518000000000000035e-05 1.115674449734241902e-01 2.506210714084376734e-02
1.520000000000000016e-05 1.118259958965744927e-01 2.524784181308442274e-02
1.521999999999999997e-05 1.120766528321432559e-01 2.542986415774936559e-02
1.523999999999999978e-05 1.122888496609269343e-01 2.557355104297441908e-02
1.525999999999999958e-05 1.126171151874794385e-01 2.574100343849962391e-02
1.527999999999999939e-05 1.129115868038224196e-01 2.591093488020011770e-02
1.529999999999999920e-05 1.131926346170997605e-01 2.607812609558497752e-02
1.531999999999999901e-05 1.134811385203068762e-01 2.622992859889461403e-02
1.533999999999999882e-05 1.137400387401625301e-01 2.640685986976191307e-02
1.536000000000000202e-05 1.140407558343437405e-01 2.657838048498095684e-02
1.538000000000000182e-05 1.143145660334267816e-01 2.672380018542737032e-02
1.540000000000000163e-05 1.145483773904934222e-01 2.692163738266476272e-02
1.542000000000000144e-05 1.146772733981957504e-01 2.705045564984782588e-02
1.544000000000000125e-05 1.149130099900627089e-01 2.721825113702905710e-02
1.546000000000000106e-05 1.151729884050929076e-01 2.723182486567206351e-02
1.548000000000000087e-05 1.153343565793347042e-01 2.733214762938133979e-02
1.550000000000000068e-05 1.155407114382372979e-01 2.745627340273664244e-02
1.552000000000000048e-05 1.157435710959789366e-01 2.758252629788841837e-02
1.554000000000000029e-05 1.158746565667712891e-01 2.771089881736128052e-02
1.556000000000000010e-05 1.160086968460287832e-01 2.780557034334239438e-02
1.557999999999999991e-05 1.161203178202448727e-01 2.789558003588258478e-02
1.559999999999999972e-05 1.162616923913856598e-01 2.799364122744058339e-02
1.561999999999999953e-05 1.163762736684829380e-01 2.809458502511489458e-02
1.563999999999999933e-05 1.165056478062544421e-01 2.819888403767080789e-02
1.565999999999999914e-05 1.166529561280779670e-01 2.833957842447742959e-02
1.567999999999999895e-05 1.168262940262867061e-01 2.854787753157301752e-02
1.569999999999999876e-05 1.169893351268340015e-01 2.867521417617429486e-02
1.572000000000000196e-05 1.171303768569870174e-01 2.879824879693644243e-02
1.574000000000000177e-05 1.172572741939541530e-01 2.896037531757281527e-02
1.576000000000000157e-05 1.173145692857361228e-01 2.910463769862390790e-02
1.578000000000000138e-05 1.174221381042389462e-01 2.920664423239711580e-02
1.580000000000000119e-05 1.175311797990428592e-01 2.931055685150593670e-02
1.582000000000000100e-05 1.176563603866739582e-01 2.939825676703530094e-02
1.584000000000000081e-05 1.178066598114478891e-01 2.948702701220594358e-02
1.586000000000000062e-05 1.179265626798652877e-01 2.958439721633941352e-02
1.588000000000000042e-05 1.180378014642236711e-01 2.968176742047289041e-02
1.590000000000000023e-05 1.181546806969337171e-01 2.977913762460634994e-02
1.592000000000000004e-05 1.182837406142458608e-01 2.986496091263870015e-02
1.593999999999999985e-05 1.184230535109811605e-01 2.990776892218233521e-02
1.595999999999999966e-05 1.185567123927246391e-01 2.994842387334794784e-02
1.597999999999999947e-05 1.186876263298938805e-01 2.996035037352348662e-02
1.599999999999999928e-05 1.188184010252063411e-01 2.998385821816033914e-02
1.601999999999999908e-05 1.189533473263758995e-01 3.000589923685552732e-02
1.603999999999999889e-05 1.190586644997248256e-01 3.003307241953837026e-02
1.605999999999999870e-05 1.191710227625906587e-01 3.005218553224574263e-02
1.608000000000000190e-05 1.192383932905080879e-01 3.004687564085707988e-02
1.610000000000000171e-05 1.192827481975558546e-01 3.017844874305401770e-02
1.612000000000000152e-05 1.193166030742043721e-01 3.019056653607679955e-02
1.614000000000000132e-05 1.194472472365175619e-01 3.025193508140384610e-02
1.616000000000000113e-05 1.194620625597594410e-01 3.041359876207299154e-02
1.618000000000000094e-05 1.196201081866693217e-01 3.054051941558860381e-02
1.620000000000000075e-05 1.197318302056826350e-01 3.060038465673391855e-02
1.622000000000000056e-05 1.198220952902859099e-01 3.067376583724729794e-02
1.624000000000000037e-05 1.199874779741646885e-01 3.073464423589821262e-02
1.626000000000000017e-05 1.200613484852193769e-01 3.077812338556025484e-02
1.627999999999999998e-05 1.201642348788810599e-01 3.084082551328170066e-02
1.629999999999999979e-05 1.202724029173316000e-01 3.090014902721911413e-02
1.631999999999999960e-05 1.203624327759672819e-01 3.092845782536566765e-02
1.633999999999999941e-05 1.204486580758125092e-01 3.097486871623365487e-02
1.635999999999999922e-05 1.205510356664614702e-01 3.116107184802643232e-02
1.637999999999999903e-05 1.206940695075243708e-01 3.125503468051204353e-02
1.639999999999999883e-05 1.208501230719494779e-01 3.140282084508444482e-02
1.642000000000000203e-05 1.209748187354640625e-01 3.152555551189448191e-02
1.644000000000000184e-05 1.210910817974701070e-01 3.164927560458770384e-02
1.646000000000000165e-05 1.212134356347287639e-01 3.176808548019772332e-02
1.648000000000000146e-05 1.213266356863865192e-01 3.183472909044537252e-02
1.650000000000000127e-05 1.214608768861515364e-01 3.191996522412601789e-02
1.652000000000000107e-05 1.216036102091420934e-01 3.199997306162138261e-02
1.654000000000000088e-05 1.217269874669116569e-01 3.209695337870131088e-02
1.656000000000000069e-05 1.218482348927060477e-01 3.222097082987566974e-02
1.658000000000000050e-05 1.219660300526044655e-01 3.236215209351477051e-02
1.660000000000000031e-05 1.221052939869630843e-01 3.251618790161205086e-02
1.662000000000000012e-05 1.222363439254558759e-01 3.268130129987133897e-02
1.663999999999999992e-05 1.223562083672577600e-01 3.284913751733212900e-02
1.665999999999999973e-05 1.224610697115676994e-01 3.298834422212419681e-02
1.667999999999999954e-05 1.225849609158849440e-01 3.314271368864704637e-02
1.669999999999999935e-05 1.226893040898429654e-01 3.327980397293741482e-02
1.671999999999999916e-05 1.227952384765294974e-01 3.342527646786887935e-02
1.673999999999999897e-05 1.228293329584244364e-01 3.358812737020537564e-02
1.675999999999999878e-05 1.229235759004621564e-01 3.376794218588779345e-02
1.678000000000000197e-05 1.229912078887706178e-01 3.391308704867903451e-02
1.680000000000000178e-05 1.230644803254307418e-01 3.405823191147027557e-02
1.682000000000000159e-05 1.231433932104424728e-01 3.420337677426152356e-02
1.684000000000000140e-05 1.232279465438058663e-01 3.434852163705276462e-02
1.686000000000000121e-05 1.233181403255209224e-01 3.449366649984399874e-02
1.688000000000000101e-05 1.234338529364378129e-01 3.462858631344278154e-02
1.690000000000000082e-05 1.235431125253791812e-01 3.472740574723781615e-02
1.692000000000000063e-05 1.236694183064097341e-01 3.480980142098413083e-02
1.694000000000000044e-05 1.237991591124950330e-01 3.488261748809065588e-02
1.696000000000000025e-05 1.239098028069456209e-01 3.500075915749974176e-02
1.698000000000000006e-05 1.240002464105261076e-01 3.507164989965987079e-02
1.699999999999999987e-05 1.240847203128362386e-01 3.518601918766180864e-02
1.701999999999999967e-05 1.241874990416891450e-01 3.527879074084971228e-02
1.703999999999999948e-05 1.242795519485133948e-01 3.539950058227116919e-02
1.705999999999999929e-05 1.243838184513344908e-01 3.547640531900033561e-02
1.707999999999999910e-05 1.244937254025072076e-01 3.555331005572950898e-02
1.709999999999999891e-05 1.246092728020315593e-01 3.563021479245867540e-02
1.711999999999999872e-05 1.247277475455504381e-01 3.570635388492984785e-02
1.714000000000000191e-05 1.248277258086937930e-01 3.576449558349113766e-02
1.716000000000000172e-05 1.249113196298789474e-01 3.580165479119291894e-02
1.718000000000000153e-05 1.249933888360238721e-01 3.585289866129506842e-02
1.720000000000000134e-05 1.250731233950190813e-01 3.587480326110190076e-02
1.722000000000000115e-05 1.251148590458593113e-01 3.591335748913666859e-02
1.724000000000000096e-05 1.252316185151491346e-01 3.597571212994731676e-02
1.726000000000000076e-05 1.253230092532552631e-01 3.603513799665760547e-02
1.728000000000000057e-05 1.253662267084451054e-01 3.611556612783077547e-02
1.730000000000000038e-05 1.254341191038230996e-01 3.615994995868711953e-02
1.732000000000000019e-05 1.255093710285741238e-01 3.622930343718069185e-02
1.734000000000000000e-05 1.255902634016768105e-01 3.629865691567427111e-02
1.735999999999999981e-05 1.256767962231310765e-01 3.636801039416784342e-02
1.737999999999999962e-05 1.257699885489282354e-01 3.643531299781453681e-02
1.739999999999999942e-05 1.258298265505321534e-01 3.650306461615072939e-02
1.741999999999999923e-05 1.258885748952202344e-01 3.655059048683115264e-02
1.743999999999999904e-05 1.259294256776603282e-01 3.666566412770249500e-02
1.745999999999999885e-05 1.259955718552856485e-01 3.672710428521921283e-02
1.748000000000000205e-05 1.260211637851730848e-01 3.675413581444492150e-02
1.750000000000000186e-05 1.260286305442246679e-01 3.678969032535321648e-02
1.752000000000000166e-05 1.260557619277763164e-01 3.681981645428226979e-02
1.754000000000000147e-05 1.260865708210140990e-01 3.685117698236931028e-02
1.756000000000000128e-05 1.261097906664079560e-01 3.685588118298113725e-02
1.758000000000000109e-05 1.261255047629725734e-01 3.698229139847900027e-02
1.760000000000000090e-05 1.261158361458164512e-01 3.699642050935786353e-02
1.762000000000000071e-05 1.261489581094245027e-01 3.706364364259576161e-02
1.764000000000000051e-05 1.261568643924950162e-01 3.709850701834468967e-02
1.766000000000000032e-05 1.261583202677112048e-01 3.712571358688088186e-02
1.768000000000000013e-05 1.261628182021498346e-01 3.714684516528774655e-02
1.769999999999999994e-05 1.261731181657436418e-01 3.717150835788497060e-02
1.771999999999999975e-05 1.262016164967690590e-01 3.720243949028257530e-02
1.773999999999999956e-05 1.262449366626214042e-01 3.725051513893833099e-02
1.775999999999999937e-05 1.262810569397815053e-01 3.725170425742654889e-02
1.777999999999999917e-05 1.263360704777376775e-01 3.725372399396447570e-02
1.779999999999999898e-05 1.263570351642960832e-01 3.726228521641790359e-02
1.781999999999999879e-05 1.263836402992061236e-01 3.727084643887132454e-02
1.784000000000000199e-05 1.264158858824678267e-01 3.727940766132473160e-02
1.786000000000000180e-05 1.264557429631603669e-01 3.730023800805613854e-02
1.788000000000000160e-05 1.264979300114827399e-01 3.732398241905530295e-02
1.790000000000000141e-05 1.265460917593831947e-01 3.734296781405101184e-02
1.792000000000000122e-05 1.266006530725835577e-01 3.735114502220992366e-02
1.794000000000000103e-05 1.266608548341355833e-01 3.735932223036884242e-02
1.796000000000000084e-05 1.267266970440392715e-01 3.736749943852775424e-02
1.798000000000000065e-05 1.267981797022945667e-01 3.737567664668665912e-02
1.800000000000000046e-05 1.268814547525403125e-01 3.739071433706885744e-02
1.802000000000000026e-05 1.269713782561969484e-01 3.740855148075644676e-02
1.804000000000000007e-05 1.270574886980698759e-01 3.739926796003675141e-02
1.805999999999999988e-05 1.271436720792116781e-01 3.740603331610188598e-02
1.807999999999999969e-05 1.272500933173007498e-01 3.741161870091744279e-02
1.809999999999999950e-05 1.273435110116339086e-01 3.741542317660313810e-02
1.811999999999999931e-05 1.274452655189197148e-01 3.742366322303568998e-02
1.813999999999999912e-05 1.275478875009675717e-01 3.741619965824581617e-02
1.815999999999999892e-05 1.276280086104147893e-01 3.740935175346452035e-02
1.817999999999999873e-05 1.277239372527505523e-01 3.748661621780982611e-02
1.820000000000000193e-05 1.278417592133412883e-01 3.750055136282155061e-02
1.822000000000000174e-05 1.279136667031079977e-01 3.753735070727828166e-02
1.824000000000000155e-05 1.280204702674553607e-01 3.751339498551006096e-02
1.826000000000000135e-05 1.281779154404666388e-01 3.755265933257372069e-02
1.828000000000000116e-05 1.282881645622319100e-01 3.752963044866113040e-02
1.830000000000000097e-05 1.283969739491374051e-01 3.752197716745959977e-02
1.832000000000000078e-05 1.285062417293952042e-01 3.752871890095552804e-02
1.834000000000000059e-05 1.286340665870451261e-01 3.753199827148716999e-02
1.836000000000000040e-05 1.288151794569537267e-01 3.762167379404468548e-02
1.838000000000000021e-05 1.289764564759824927e-01 3.768709039754468415e-02
1.840000000000000001e-05 1.291447465087169899e-01 3.775067909582183884e-02
1.841999999999999982e-05 1.293186769898031219e-01 3.781426779409899352e-02
1.843999999999999963e-05 1.294929517431429034e-01 3.788741746134174915e-02
1.845999999999999944e-05 1.296643450475163661e-01 3.793036393551779684e-02
1.847999999999999925e-05 1.297870153168989849e-01 3.798024556868218049e-02
1.849999999999999906e-05 1.299265497162284677e-01 3.805809266520751577e-02
1.851999999999999887e-05 1.301782972195692223e-01 3.814168101188292886e-02
1.854000000000000206e-05 1.303531939540488460e-01 3.821397758572420145e-02
1.856000000000000187e-05 1.305448918415596793e-01 3.830605681203426427e-02
1.858000000000000168e-05 1.307472326182527178e-01 3.839668663483183225e-02
1.860000000000000149e-05 1.309346647093828087e-01 3.848492435829213576e-02
1.862000000000000130e-05 1.311466719931915770e-01 3.855691310983548614e-02
1.864000000000000110e-05 1.313624456732257195e-01 3.860957183492769174e-02
1.866000000000000091e-05 1.315734411241878676e-01 3.867503915026093003e-02
1.868000000000000072e-05 1.317097099734718668e-01 3.876020942468503400e-02
1.870000000000000053e-05 1.318910738548711992e-01 3.879326648309142783e-02
1.872000000000000034e-05 1.320913611313132563e-01 3.878707074289572398e-02
1.874000000000000015e-05 1.321422487068448504e-01 3.876198159363796608e-02
1.875999999999999996e-05 1.323285886295866021e-01 3.884443234456352867e-02
1.877999999999999976e-05 1.325493572622461480e-01 3.887713141018837859e-02
1.879999999999999957e-05 1.326859101890564552e-01 3.888552591515881396e-02
1.881999999999999938e-05 1.327699354264282872e-01 3.889095489016253238e-02
1.883999999999999919e-05 1.328021318454043476e-01 3.887576302522683519e-02
1.885999999999999900e-05 1.328754909527543326e-01 3.894037701637004939e-02
1.887999999999999881e-05 1.329270669473852640e-01 3.894947599996270715e-02
1.890000000000000200e-05 1.329842833903678301e-01 3.895857498355536491e-02
1.892000000000000181e-05 1.330471402817020310e-01 3.896767396714802961e-02
1.894000000000000162e-05 1.330875364164344210e-01 3.897677295074068737e-02
1.896000000000000143e-05 1.331335729995184736e-01 3.898587193433335207e-02
1.898000000000000124e-05 1.331788550580677577e-01 3.900950291623221655e-02
1.900000000000000105e-05 1.332502306658057967e-01 3.901312106819068010e-02
1.902000000000000085e-05 1.333094967711888623e-01 3.901483734454146146e-02
1.904000000000000066e-05 1.333778535517999297e-01 3.907121687291954110e-02
1.906000000000000047e-05 1.334445598802737332e-01 3.911417378521749033e-02
1.908000000000000028e-05 1.335169066570991714e-01 3.915713069751544650e-02
1.910000000000000009e-05 1.335864640223544120e-01 3.919017377838630856e-02
1.911999999999999990e-05 1.336616618359612596e-01 3.922321685925718449e-02
1.913999999999999971e-05 1.337447146759337679e-01 3.925820315174530228e-02
1.915999999999999951e-05 1.338082954001917346e-01 3.931272904102055959e-02
1.917999999999999932e-05 1.339204667833617524e-01 3.937419714316352931e-02
1.919999999999999913e-05 1.340025789792049227e-01 3.942338090747918300e-02
1.921999999999999894e-05 1.340903316233997278e-01 3.947256467179482281e-02
1.923999999999999875e-05 1.341837247159461954e-01 3.952174843611047650e-02
1.926000000000000194e-05 1.342825719248210981e-01 3.957932090281155585e-02
1.928000000000000175e-05 1.344027195023057286e-01 3.963198648719822720e-02
1.930000000000000156e-05 1.344878458110576602e-01 3.968028651667541290e-02
1.932000000000000137e-05 1.346126451930756696e-01 3.973645152046363649e-02
1.934000000000000118e-05 1.346337436832934775e-01 3.981721526381996890e-02
1.936000000000000099e-05 1.347383627942517481e-01 3.986253927733753727e-02
1.938000000000000080e-05 1.348370296089267950e-01 3.993102759245634875e-02
1.940000000000000060e-05 1.349364788348143551e-01 4.003597265160302454e-02
1.942000000000000041e-05 1.350796197769385532e-01 4.011028760843197982e-02
1.944000000000000022e-05 1.352136303890494329e-01 4.018515011013302357e-02
1.946000000000000003e-05 1.353485772252655539e-01 4.025881006353058261e-02
1.947999999999999984e-05 1.354637804059009576e-01 4.033516013628928032e-02
1.949999999999999965e-05 1.356100311046367912e-01 4.040634601641977797e-02
1.951999999999999946e-05 1.357534389027401367e-01 4.048857961640451447e-02
1.953999999999999926e-05 1.359005036844708747e-01 4.057170439760336006e-02
1.955999999999999907e-05 1.360532089145532753e-01 4.065482917880219177e-02
1.957999999999999888e-05 1.362006933600954095e-01 4.075059822749804717e-02
1.960000000000000208e-05 1.363355846922408576e-01 4.084871301392279525e-02
1.962000000000000189e-05 1.364777474966081816e-01 4.094857510817033475e-02
1.964000000000000169e-05 1.366237442664492985e-01 4.103468856221157562e-02
1.966000000000000150e-05 1.367984047491256627e-01 4.111808308429149711e-02
1.968000000000000131e-05 1.369905394759784178e-01 4.122779027782184913e-02
1.970000000000000112e-05 1.371596158116189235e-01 4.129309258400844923e-02
1.972000000000000093e-05 1.374300951908179746e-01 4.146446101580796018e-02
1.974000000000000074e-05 1.376280676695997296e-01 4.156490437930118742e-02
1.976000000000000055e-05 1.378378151188412171e-01 4.165423400495724127e-02
1.978000000000000035e-05 1.380586893773596835e-01 4.172981150561776154e-02
1.980000000000000016e-05 1.382542728227379447e-01 4.180997925850420821e-02
1.981999999999999997e-05 1.384363351530951414e-01 4.189014701139064101e-02
1.983999999999999978e-05 1.386151195059737995e-01 4.195883225699328922e-02
1.985999999999999959e-05 1.387966538435096986e-01 4.201204165249059624e-02
1.987999999999999940e-05 1.389730350265834247e-01 4.206121867730934494e-02
1.989999999999999921e-05 1.391597414362201190e-01 4.210253757662354296e-02
1.991999999999999901e-05 1.393476744101214415e-01 4.214906961126296120e-02
1.993999999999999882e-05 1.395268820792148479e-01 4.219171878226507522e-02
1.996000000000000202e-05 1.396621964442963937e-01 4.223416083138624433e-02
1.998000000000000183e-05 1.398269120652989861e-01 4.228120657968811869e-02
