1.380000000000000128e-06 1.333308961638456080e-01 1.329757357052399891e-01 9.725306447837171395e-03 0.000000000000000000e+00
1.819999999999999939e-06 2.471411194182369098e-01 2.115548298859342147e-01 1.277626191780391884e-01 0.000000000000000000e+00
1.866000000000000091e-05 1.798436184282034889e+00 1.216768509776587015e+00 1.324328925362195930e+00 0.000000000000000000e+00
2.000000000000000042e-08 4.691912837143140738e-04 3.544020413936417959e-04 3.074730130751402563e-04 0.000000000000000000e+00
6.800000000000000116e-06 9.674887417536087719e-01 9.571716238341292371e-01 1.409146832190219800e-01 0.000000000000000000e+00
2.000000000000000042e-08 1.128657025219092797e-03 5.822876726730775217e-04 9.668545634320515128e-04 0.000000000000000000e+00
9.100000000000000965e-06 7.594859845423319600e-01 1.542100906699144236e-01 7.436653875580145900e-01 0.000000000000000000e+00
8.899999999999999491e-06 5.586014747991874252e-01 1.610771144043795511e-01 5.348736026978575531e-01 0.000000000000000000e+00
9.579999999999999757e-06 3.998300000977691449e-01 3.496715102618077609e-01 1.938913713639896785e-01 0.000000000000000000e+00
2.000000000000000042e-08 1.025212793867262030e-03 7.773091336814405995e-04 6.684697326016530473e-04 0.000000000000000000e+00
2.820000000000000105e-06 1.280770041968335993e-01 8.362747201510322553e-03 1.278036911175861323e-01 0.000000000000000000e+00
2.820000000000000105e-06 1.261695990215132290e-01 4.759244645976196293e-03 1.260798053125447293e-01 0.000000000000000000e+00
2.500000000000000205e-06 1.474765716338422017e-01 1.463049665420141088e-01 1.855251858945096075e-02 0.000000000000000000e+00
3.980000000000000010e-06 1.277129209860880799e-01 1.247765668807856998e-01 2.722863463788793154e-02 0.000000000000000000e+00
1.120000000000000076e-06 1.262742859473109935e-01 1.261084270274706876e-01 6.469924586914810316e-03 0.000000000000000000e+00
2.000000000000000042e-08 1.002994665575745016e-03 8.432554416294497012e-04 5.430640471765023998e-04 0.000000000000000000e+00
2.000000000000000042e-08 1.573752129306966487e-03 1.292791962362135460e-03 8.974322852171464325e-04 0.000000000000000000e+00
2.000000000000000042e-08 8.102603338035459322e-04 7.705014723556636311e-04 2.506976059582305080e-04 0.000000000000000000e+00
2.000000000000000042e-08 6.711398750910063443e-04 5.309556381733731428e-04 4.105055934199649962e-04 0.000000000000000000e+00
2.000000000000000042e-08 6.031741342362538895e-04 5.980470087895676948e-04 7.847809560320107231e-05 0.000000000000000000e+00
2.000000000000000042e-08 1.453005945130146940e-03 1.221022171801666419e-03 7.876110287142335919e-04 0.000000000000000000e+00
9.520000000000000332e-06 5.585600739758408428e-01 5.210701443099172714e-01 2.011846439188111069e-01 0.000000000000000000e+00
2.000000000000000042e-08 1.112522102353346405e-03 5.908000190777610129e-04 9.426880532193175274e-04 0.000000000000000000e+00
9.059999999999999654e-06 3.796803196561331362e-01 3.267334746812906032e-01 1.933969535873661660e-01 0.000000000000000000e+00
