$SPEC_ID:
No sample description was entered.
$SPEC_REM:
DET# 3
DETDESC# PHY-0040-AA Easy-MCA-8k SN 23293928
AP# Maestro Version 7.01
$DATE_MEA:
03/10/2025 09:47:34
$MEAS_TIM:
1037 1042
$DATA:
0 4095
       0
       0
       0
       0
       0
       0
       0
       0
       0
       0
       0
       0
       0
       0
       0
       0
       0
       0
       0
       0
       0
       0
       0
       0
       0
       0
       0
       2
     119
     169
     176
     178
     176
     193
     190
     216
     210
     216
     190
     190
     220
     206
     197
     190
     224
     216
     232
     212
     234
     232
     227
     215
     221
     236
     226
     266
     259
     272
     273
     278
     293
     314
     333
     374
     375
     363
     457
     438
     537
     629
     575
     707
     721
     785
     819
     923
    1076
    1018
    1112
    1163
    1193
    1274
    1271
    1341
    1259
    1382
    1337
    1343
    1208
    1227
    1158
    1041
    1068
     981
     904
     869
     803
     737
     670
     702
     546
     507
     480
     459
     442
     387
     394
     389
     358
     288
     305
     314
     270
     299
     292
     268
     270
     282
     260
     270
     249
     274
     301
     282
     271
     295
     238
     270
     261
     258
     292
     283
     255
     284
     292
     315
     290
     281
     284
     311
     307
     291
     286
     296
     296
     282
     288
     315
     311
     298
     297
     290
     313
     314
     310
     314
     346
     316
     326
     312
     300
     321
     289
     308
     315
     298
     311
     336
     336
     342
     351
     342
     378
     379
     359
     346
     337
     342
     379
     365
     395
     359
     352
     420
     401
     384
     389
     361
     419
     411
     374
     419
     425
     408
     422
     439
     434
     423
     378
     428
     419
     451
     454
     443
     463
     487
     430
     465
     456
     479
     511
     472
     474
     498
     524
     522
     498
     523
     490
     549
     493
     531
     511
     526
     497
     514
     539
     540
     503
     481
     531
     515
     529
     510
     518
     504
     523
     537
     522
     512
     486
     541
     552
     486
     512
     524
     535
     492
     534
     498
     494
     553
     564
     497
     499
     495
     506
     525
     513
     520
     484
     473
     490
     487
     523
     469
     480
     485
     501
     458
     489
     495
     494
     517
     501
     496
     523
     489
     501
     488
     473
     459
     517
     459
     471
     470
     476
     482
     458
     491
     494
     468
     461
     457
     483
     468
     508
     465
     473
     514
     491
     460
     464
     498
     562
     532
     533
     531
     541
     562
     560
     664
     595
     587
     589
     666
     615
     687
     721
     655
     734
     766
     837
     809
     841
     841
     944
     952
     960
     973
     991
    1041
    1089
    1144
    1071
    1153
    1136
    1195
    1137
    1295
    1135
    1225
    1249
    1269
    1268
    1193
    1222
    1262
    1320
    1191
    1253
    1154
    1170
    1112
    1136
    1089
    1091
    1065
    1033
    1037
     979
     955
     916
     895
     840
     809
     813
     842
     778
     777
     805
     713
     734
     742
     670
     687
     602
     640
     587
     568
     539
     537
     600
     550
     480
     549
     557
     552
     512
     491
     500
     468
     487
     493
     484
     462
     493
     484
     446
     431
     497
     408
     449
     394
     441
     416
     390
     405
     418
     376
     406
     410
     397
     389
     406
     404
     410
     379
     409
     370
     365
     395
     360
     374
     374
     355
     363
     362
     398
     395
     329
     388
     377
     394
     341
     383
     385
     350
     387
     344
     373
     400
     343
     402
     381
     354
     356
     349
     352
     367
     343
     333
     355
     366
     363
     339
     375
     353
     358
     347
     358
     369
     380
     355
     361
     372
     365
     366
     329
     335
     337
     344
     343
     367
     337
     336
     321
     372
     347
     310
     347
     357
     371
     327
     343
     332
     392
     323
     326
     341
     379
     355
     382
     340
     430
     322
     358
     380
     341
     368
     365
     340
     339
     361
     384
     367
     383
     371
     332
     344
     375
     357
     362
     372
     353
     358
     372
     388
     390
     380
     353
     393
     341
     351
     366
     335
     355
     370
     364
     373
     345
     386
     348
     354
     353
     338
     358
     383
     373
     332
     395
     363
     368
     374
     366
     373
     372
     363
     326
     358
     348
     380
     330
     334
     358
     319
     368
     362
     335
     334
     358
     329
     343
     352
     347
     332
     377
     320
     369
     341
     318
     325
     362
     359
     339
     356
     350
     349
     362
     328
     342
     341
     375
     369
     365
     352
     337
     362
     317
     365
     353
     329
     346
     343
     300
     358
     299
     308
     331
     322
     323
     339
     318
     317
     312
     324
     302
     306
     341
     350
     320
     311
     297
     321
     331
     296
     306
     305
     337
     315
     326
     318
     351
     287
     296
     299
     315
     311
     302
     293
     339
     286
     298
     305
     318
     295
     302
     310
     296
     291
     263
     331
     289
     291
     322
     301
     313
     269
     290
     267
     287
     298
     308
     268
     280
     256
     275
     253
     257
     304
     258
     263
     302
     288
     254
     286
     274
     266
     280
     270
     291
     242
     273
     262
     257
     253
     269
     276
     279
     298
     280
     270
     300
     264
     282
     253
     283
     271
     240
     248
     275
     268
     295
     247
     259
     252
     278
     248
     242
     253
     269
     256
     259
     248
     242
     274
     263
     259
     236
     232
     244
     255
     253
     249
     239
     252
     243
     241
     239
     234
     252
     262
     252
     235
     237
     252
     257
     245
     230
     254
     245
     259
     251
     244
     217
     249
     264
     220
     235
     255
     252
     243
     249
     245
     239
     230
     253
     227
     279
     247
     217
     234
     252
     218
     244
     217
     233
     231
     235
     245
     220
     221
     246
     256
     224
     227
     233
     239
     236
     245
     236
     240
     219
     238
     245
     230
     239
     201
     227
     214
     255
     194
     218
     245
     222
     248
     227
     266
     210
     212
     209
     247
     229
     232
     230
     243
     234
     239
     205
     225
     209
     244
     231
     229
     236
     227
     198
     238
     198
     242
     212
     211
     204
     215
     223
     206
     218
     234
     188
     227
     199
     208
     232
     229
     212
     212
     191
     235
     221
     205
     228
     217
     208
     226
     192
     194
     248
     212
     222
     226
     191
     210
     213
     214
     221
     224
     224
     199
     213
     205
     195
     204
     217
     226
     190
     194
     210
     225
     221
     204
     217
     200
     210
     228
     208
     223
     193
     212
     230
     221
     223
     227
     209
     219
     201
     214
     214
     199
     238
     211
     203
     180
     221
     198
     238
     221
     241
     216
     204
     199
     205
     230
     222
     242
     220
     194
     239
     230
     211
     208
     189
     228
     229
     220
     220
     212
     249
     216
     187
     209
     217
     220
     208
     252
     210
     219
     232
     233
     238
     221
     229
     225
     226
     172
     223
     224
     211
     231
     214
     228
     216
     197
     212
     218
     213
     257
     210
     214
     228
     212
     227
     217
     226
     212
     210
     223
     214
     216
     198
     198
     210
     203
     222
     202
     219
     218
     224
     207
     209
     193
     226
     206
     221
     197
     203
     189
     221
     203
     190
     196
     206
     203
     218
     198
     181
     209
     208
     220
     204
     174
     208
     192
     173
     214
     197
     183
     201
     188
     221
     195
     181
     188
     200
     184
     187
     192
     187
     165
     152
     146
     189
     164
     166
     166
     180
     146
     182
     157
     168
     181
     181
     166
     175
     170
     168
     168
     169
     157
     159
     175
     185
     178
     196
     171
     145
     175
     185
     179
     167
     145
     160
     160
     160
     150
     165
     181
     146
     156
     176
     176
     175
     177
     165
     170
     165
     151
     145
     197
     170
     178
     159
     149
     168
     171
     147
     178
     166
     154
     144
     157
     144
     171
     143
     149
     179
     169
     143
     144
     121
     159
     153
     152
     167
     153
     132
     144
     130
     154
     150
     170
     168
     153
     156
     132
     160
     149
     151
     149
     153
     139
     179
     152
     158
     141
     170
     125
     150
     151
     160
     155
     167
     142
     166
     147
     141
     153
     139
     144
     184
     154
     166
     151
     160
     166
     174
     142
     137
     147
     150
     153
     138
     163
     155
     178
     164
     164
     155
     154
     147
     158
     171
     153
     160
     155
     148
     143
     140
     147
     147
     147
     145
     171
     149
     127
     141
     162
     166
     148
     156
     150
     142
     158
     145
     150
     154
     142
     166
     155
     168
     156
     157
     150
     148
     142
     142
     131
     168
     153
     167
     153
     136
     152
     143
     155
     138
     159
     152
     138
     135
     141
     165
     160
     148
     149
     151
     160
     150
     126
     138
     153
     155
     148
     147
     146
     152
     136
     150
     146
     165
     141
     145
     157
     158
     140
     142
     143
     159
     140
     133
     153
     150
     142
     147
     124
     138
     120
     152
     124
     127
     145
     112
     146
     134
     124
     144
     127
     123
     141
     138
     130
     144
     108
     126
     126
     125
     139
     123
     128
     120
     106
     125
     152
     142
     113
     134
     130
     123
     134
     122
     125
     134
     126
     119
     131
     119
     108
     124
     117
     138
     117
     106
     106
     112
     119
     116
     121
     122
     124
     126
     114
      97
     111
     106
     119
     128
      94
     119
     106
     120
     105
     118
     111
     118
     128
     124
     104
      97
     113
     122
     129
      95
     123
     118
     112
     121
      96
     108
     110
     106
     103
     112
     128
     122
     109
      98
     101
     112
     114
     106
     119
     109
     126
     103
     110
     122
     115
     116
     111
     123
     110
     118
     102
     102
     101
     114
      97
     100
      98
     111
     117
     106
     115
     118
     110
     105
     109
      98
     111
      87
     108
     101
     108
     110
     109
     110
     106
      94
     100
      97
      88
     120
     109
     101
      92
      88
      97
      89
      87
      96
      96
      82
      87
     115
      76
      92
     102
      96
      92
     100
      93
      89
      90
     110
     105
     107
      88
     109
     110
      73
      87
      87
      98
      69
      88
      89
      75
      72
      76
      87
      79
      80
      81
      86
      73
      92
      87
      84
      81
      68
      67
      65
      85
      77
      82
      66
      74
      78
      83
      78
      82
      67
      75
      55
      70
      77
      88
      75
      74
      68
      74
      69
      86
      65
      62
      73
      63
      64
      73
      58
      62
      56
      68
      76
      57
      53
      66
      50
      62
      62
      73
      52
      57
      64
      63
      75
      62
      62
      57
      62
      75
      48
      48
      63
      48
      67
      57
      64
      76
      63
      57
      60
      56
      65
      54
      55
      61
      57
      57
      57
      68
      67
      51
      58
      64
      56
      60
      62
      56
      68
      43
      52
      53
      60
      57
      61
      58
      56
      58
      48
      54
      68
      65
      58
      61
      55
      51
      51
      61
      62
      57
      48
      63
      62
      61
      50
      62
      63
      52
      63
      65
      55
      63
      63
      60
      74
      64
      83
      63
      70
      58
      43
      52
      59
      71
      56
      59
      60
      78
      65
      52
      61
      55
      65
      70
      74
      71
      57
      72
      61
      66
      68
      58
      73
      63
      72
      68
      50
      74
      73
      73
      61
      84
      57
      85
      65
      65
      65
      57
      71
      77
      67
      84
      89
      56
      79
      84
      87
      96
      79
      87
      91
      98
      81
     102
      90
      98
      88
      99
      91
      91
     101
     126
     100
     111
     105
     122
     104
      98
      92
     102
     108
     103
     108
     117
     117
     127
     134
     117
     116
     126
     125
     151
     125
     130
     134
     150
     128
     137
     133
     144
     120
     150
     157
     156
     146
     176
     161
     202
     207
     209
     176
     185
     168
     187
     213
     211
     196
     182
     191
     195
     206
     198
     232
     213
     263
     254
     221
     221
     247
     252
     247
     251
     230
     267
     249
     309
     261
     293
     299
     291
     291
     301
     276
     309
     301
     328
     358
     335
     329
     376
     382
     360
     407
     370
     324
     371
     349
     355
     345
     390
     430
     378
     452
     415
     402
     422
     422
     425
     441
     444
     468
     430
     467
     431
     479
     480
     492
     450
     493
     481
     486
     497
     459
     540
     532
     540
     526
     506
     539
     519
     534
     558
     525
     530
     561
     579
     562
     557
     544
     574
     565
     612
     574
     631
     564
     541
     603
     587
     607
     611
     571
     596
     568
     560
     597
     588
     626
     582
     577
     612
     616
     600
     603
     591
     588
     551
     594
     599
     569
     615
     550
     522
     550
     567
     581
     592
     586
     557
     541
     470
     577
     536
     562
     514
     496
     516
     510
     494
     484
     464
     492
     469
     495
     449
     453
     476
     477
     422
     402
     443
     436
     419
     418
     408
     399
     400
     424
     358
     416
     381
     383
     420
     382
     354
     373
     344
     350
     357
     314
     338
     312
     348
     307
     320
     315
     287
     283
     289
     276
     319
     246
     268
     265
     268
     272
     257
     273
     241
     212
     231
     224
     247
     202
     208
     191
     176
     178
     195
     196
     209
     173
     156
     176
     157
     178
     164
     148
     121
     145
     149
     136
     116
     133
     138
     120
     113
     115
     113
     111
     112
     131
     125
     104
     113
     102
     115
     104
      96
      86
      82
      88
      91
      89
      66
      90
      65
      90
      83
      65
      77
      84
      65
      94
      68
      73
      56
      73
      65
      74
      70
      61
      66
      63
      72
      63
      62
      48
      59
      56
      60
      60
      53
      55
      48
      41
      44
      58
      53
      58
      54
      51
      56
      64
      48
      54
      56
      53
      61
      54
      44
      47
      41
      51
      59
      36
      44
      49
      53
      49
      53
      46
      57
      48
      45
      57
      64
      52
      39
      36
      42
      50
      39
      46
      50
      51
      45
      43
      55
      40
      39
      39
      48
      45
      46
      43
      58
      47
      41
      41
      49
      44
      59
      64
      43
      50
      39
      35
      38
      53
      44
      49
      48
      45
      51
      43
      37
      53
      38
      44
      47
      42
      53
      45
      58
      49
      34
      49
      50
      32
      46
      44
      48
      39
      46
      50
      41
      51
      39
      42
      58
      41
      43
      43
      45
      50
      55
      36
      36
      51
      36
      47
      65
      37
      44
      38
      45
      41
      43
      58
      47
      42
      42
      44
      41
      53
      39
      41
      43
      35
      37
      35
      47
      54
      50
      46
      60
      53
      56
      43
      68
      47
      44
      50
      40
      36
      44
      50
      48
      56
      40
      47
      48
      49
      54
      52
      45
      48
      37
      36
      43
      30
      64
      42
      47
      45
      48
      50
      51
      57
      39
      51
      38
      48
      56
      47
      44
      48
      48
      50
      39
      51
      52
      57
      43
      54
      61
      44
      47
      45
      48
      40
      33
      41
      32
      41
      49
      42
      50
      44
      46
      61
      51
      61
      58
      43
      32
      49
      49
      48
      48
      36
      51
      37
      47
      40
      52
      53
      49
      51
      55
      52
      56
      40
      49
      55
      51
      44
      42
      67
      49
      52
      56
      53
      66
      57
      66
      57
      53
      47
      38
      46
      67
      49
      37
      56
      57
      47
      35
      50
      42
      53
      43
      45
      41
      52
      42
      47
      43
      44
      50
      40
      42
      38
      51
      46
      52
      55
      49
      51
      63
      64
      59
      44
      50
      52
      49
      42
      43
      47
      55
      56
      55
      43
      42
      44
      52
      51
      53
      39
      44
      45
      46
      67
      42
      39
      48
      47
      38
      57
      51
      41
      36
      48
      48
      46
      53
      49
      44
      47
      47
      35
      46
      45
      56
      48
      57
      56
      61
      39
      43
      52
      49
      51
      51
      54
      50
      53
      57
      43
      54
      43
      41
      55
      42
      47
      64
      47
      55
      47
      58
      55
      50
      45
      57
      53
      43
      56
      46
      50
      37
      51
      51
      47
      42
      49
      47
      46
      50
      52
      50
      45
      48
      49
      47
      53
      71
      40
      51
      52
      42
      47
      38
      68
      56
      55
      36
      53
      55
      57
      51
      49
      50
      43
      48
      50
      52
      60
      38
      56
      58
      59
      56
      60
      43
      48
      47
      55
      65
      53
      56
      59
      33
      54
      54
      64
      42
      55
      54
      62
      45
      59
      53
      46
      40
      49
      56
      64
      41
      57
      46
      46
      39
      55
      41
      52
      46
      44
      50
      64
      47
      59
      65
      67
      59
      41
      56
      48
      54
      49
      49
      46
      56
      50
      46
      58
      65
      50
      43
      60
      46
      50
      52
      43
      47
      46
      55
      40
      45
      64
      59
      56
      57
      46
      54
      60
      57
      43
      44
      59
      51
      46
      44
      47
      50
      46
      48
      49
      67
      44
      57
      48
      47
      43
      39
      38
      44
      49
      49
      47
      54
      42
      46
      55
      53
      45
      57
      40
      43
      52
      50
      42
      61
      46
      40
      51
      58
      50
      38
      41
      48
      51
      48
      54
      49
      64
      61
      39
      39
      54
      52
      60
      48
      41
      51
      50
      40
      41
      41
      43
      57
      39
      45
      53
      51
      47
      62
      36
      49
      50
      45
      42
      44
      50
      50
      55
      47
      50
      50
      48
      35
      55
      43
      58
      46
      54
      40
      40
      47
      44
      45
      47
      46
      43
      46
      43
      33
      36
      40
      49
      32
      37
      46
      44
      31
      39
      39
      42
      47
      37
      50
      49
      35
      36
      37
      46
      45
      33
      45
      33
      47
      45
      38
      36
      27
      35
      56
      43
      34
      32
      36
      48
      35
      43
      33
      32
      42
      35
      45
      38
      40
      37
      51
      38
      34
      36
      53
      42
      33
      42
      46
      34
      43
      33
      35
      31
      34
      44
      32
      27
      43
      26
      33
      42
      40
      38
      36
      37
      52
      42
      38
      38
      30
      27
      41
      35
      36
      32
      52
      40
      35
      30
      35
      37
      36
      33
      45
      35
      43
      38
      38
      38
      26
      44
      36
      25
      37
      31
      43
      32
      35
      49
      36
      44
      27
      31
      38
      25
      35
      28
      47
      36
      42
      42
      26
      35
      59
      37
      40
      25
      25
      40
      31
      38
      43
      28
      34
      35
      45
      36
      35
      34
      32
      29
      36
      30
      25
      29
      35
      34
      35
      43
      25
      39
      29
      31
      25
      42
      37
      35
      28
      31
      36
      38
      27
      26
      35
      21
      37
      36
      38
      32
      27
      31
      31
      28
      30
      27
      33
      34
      37
      28
      31
      34
      26
      38
      34
      33
      36
      32
      36
      37
      28
      38
      32
      37
      25
      35
      32
      25
      41
      27
      25
      26
      30
      31
      30
      36
      33
      28
      32
      31
      35
      33
      32
      34
      36
      35
      39
      33
      35
      39
      18
      21
      32
      36
      36
      44
      31
      33
      29
      21
      36
      27
      29
      38
      40
      20
      23
      38
      36
      46
      30
      30
      33
      27
      35
      29
      31
      29
      27
      27
      44
      28
      29
      27
      29
      33
      24
      26
      28
      25
      31
      30
      41
      41
      28
      28
      38
      20
      34
      35
      33
      29
      27
      28
      27
      27
      28
      34
      28
      41
      21
      42
      33
      28
      29
      27
      37
      36
      31
      33
      39
      25
      33
      36
      29
      29
      48
      29
      27
      31
      34
      35
      31
      29
      30
      37
      31
      17
      28
      28
      32
      32
      28
      31
      28
      37
      33
      31
      36
      39
      39
      33
      26
      40
      31
      26
      22
      43
      28
      31
      33
      32
      29
      31
      35
      38
      35
      31
      34
      35
      27
      25
      35
      32
      35
      31
      24
      28
      31
      28
      31
      35
      24
      27
      34
      30
      39
      35
      31
      42
      33
      37
      34
      26
      40
      33
      24
      31
      27
      30
      33
      30
      32
      41
      33
      33
      39
      37
      43
      29
      46
      33
      33
      36
      44
      40
      38
      24
      33
      32
      32
      27
      40
      35
      40
      36
      34
      33
      40
      53
      48
      40
      46
      37
      50
      39
      42
      44
      48
      43
      43
      55
      58
      45
      48
      40
      44
      38
      38
      48
      43
      38
      64
      63
      42
      50
      49
      42
      43
      51
      42
      47
      48
      52
      37
      50
      50
      50
      52
      57
      53
      60
      52
      67
      63
      49
      58
      59
      73
      44
      60
      48
      62
      68
      63
      71
      51
      67
      58
      61
      54
      52
      64
      73
      59
      50
      62
      58
      63
      62
      71
      66
      57
      70
      70
      63
      70
      75
      70
      72
      74
      73
      76
      74
      61
      84
      81
      77
      69
      80
      64
      71
      70
      96
      73
      94
      77
      77
      87
      77
      82
      74
      77
      74
      72
      89
      71
      81
      88
      88
      94
      88
      91
      79
     102
      89
      74
      84
      79
     101
      96
      78
     100
      90
      88
     100
      99
     103
     101
      84
      79
      88
      94
      78
      98
      96
      93
      84
     101
     114
      83
      87
      93
      87
      83
      91
      92
      77
      87
     110
      81
      85
      75
      96
      84
      80
     106
      86
      81
     101
      86
      96
      79
      76
      91
      66
      82
     104
      82
      81
      80
      85
      85
      91
      88
      99
      89
      94
      88
      98
      77
      82
      75
      90
      85
      79
      69
      63
      70
      86
      76
      92
      76
      80
      72
      69
      67
      49
      70
      76
      87
      66
      82
      69
      73
      82
      83
      67
      88
      81
      59
      60
      74
      59
      80
      72
      63
      49
      71
      69
      71
      68
      58
      62
      65
      60
      61
      48
      64
      66
      59
      60
      64
      59
      54
      58
      66
      51
      56
      53
      54
      53
      44
      48
      66
      64
      50
      58
      46
      43
      42
      51
      53
      44
      51
      46
      50
      43
      30
      42
      26
      38
      39
      48
      46
      46
      46
      48
      37
      42
      36
      43
      44
      40
      33
      37
      35
      30
      38
      38
      35
      32
      32
      30
      34
      29
      42
      32
      36
      35
      26
      35
      27
      26
      26
      31
      37
      37
      28
      36
      20
      28
      30
      29
      28
      24
      30
      28
      30
      23
      30
      26
      29
      20
      28
      21
      29
      22
      21
      37
      15
      32
      20
      29
      26
      30
      29
      23
      18
      24
      22
      22
      30
      27
      21
      25
      29
      20
      22
      24
      27
      22
      25
      30
      35
      26
      22
      30
      32
      26
      14
      18
      20
      18
      23
      25
      22
      35
      15
      25
      28
      26
      14
      25
      25
      21
      26
      17
      26
      15
      21
      27
      13
      15
      24
      21
      24
      32
      27
      24
      26
      25
      20
      24
      23
      31
      35
      31
      29
      30
      31
      30
      31
      26
      30
      34
      27
      31
      31
      35
      23
      39
      34
      36
      29
      34
      30
      26
      32
      26
      34
      35
      39
      25
      40
      45
      46
      35
      36
      35
      41
      32
      43
      46
      47
      42
      30
      44
      48
      35
      32
      46
      37
      44
      51
      37
      43
      53
      54
      42
      48
      45
      45
      35
      50
      48
      46
      40
      38
      51
      53
      52
      39
      43
      49
      41
      66
      44
      48
      55
      66
      57
      54
      49
      46
      52
      58
      48
      58
      57
      53
      63
      53
      50
      51
      53
      55
      46
      55
      62
      44
      54
      57
      61
      59
      53
      67
      68
      65
      63
      64
      58
      60
      66
      58
      60
      67
      46
      71
      59
      65
      64
      59
      65
      64
      65
      65
      63
      71
      66
      58
      65
      71
      52
      66
      71
      68
      72
      57
      56
      67
      77
      77
      79
      59
      57
      78
      80
      61
      61
      55
      64
      66
      63
      63
      75
      68
      57
      68
      74
      80
      58
      74
      49
      62
      78
      63
      69
      88
      62
      82
      67
      59
      69
      77
      74
      77
      72
      69
      77
      66
      73
      70
      73
      69
      73
      50
      52
      68
      60
      67
      59
      80
      67
      60
      55
      62
      74
      57
      70
      52
      57
      60
      58
      53
      66
      62
      59
      65
      58
      56
      44
      47
      65
      55
      58
      53
      52
      41
      56
      57
      60
      66
      59
      60
      64
      59
      54
      51
      44
      61
      50
      42
      53
      46
      56
      46
      50
      45
      55
      51
      54
      46
      54
      39
      51
      33
      38
      40
      52
      50
      40
      42
      35
      40
      40
      33
      36
      48
      57
      45
      41
      40
      40
      41
      44
      41
      36
      35
      30
      44
      34
      22
      26
      33
      31
      29
      23
      27
      21
      42
      28
      35
      30
      32
      22
      29
      20
      23
      25
      25
      26
      33
      23
      20
      30
      24
      17
      21
      23
      23
      24
      31
      16
      24
      13
      15
      22
      22
      23
      23
      21
      22
      15
      15
      22
      15
      26
      23
      15
      15
      13
       7
      11
      15
      14
      14
      16
      18
      27
      17
      11
      16
      21
      16
      11
      13
      21
      10
      14
      20
       9
       7
      15
      18
      14
      15
      12
       8
       8
      15
      10
      18
      17
      14
      10
      17
      14
      11
      19
       5
      15
      16
       7
      12
      15
      14
      16
      10
      18
       5
       9
       8
      10
      10
      12
      15
      11
       8
       8
      15
       8
       7
      12
      11
      12
       5
       8
      12
      12
       7
       5
      12
       9
       6
       7
      16
      12
       8
      10
       8
       7
      10
       4
       5
      14
       7
       5
      13
      14
       7
       8
       7
       5
       7
      13
       5
      13
       7
      10
       9
       9
       8
      10
       8
       8
      11
       9
       7
       6
       8
       6
       6
       7
      14
       7
       8
       6
       8
       6
       9
      10
      12
       7
      14
      13
       6
       7
       7
      10
       5
      12
      11
      13
      11
      11
      11
       8
       9
      11
      14
      10
       8
       6
       7
       4
       5
       8
      13
       8
      11
       7
       8
       8
       8
       7
       4
       3
       7
       6
       5
       8
       5
       4
       4
       5
       7
      11
      14
       4
       7
       7
       7
       5
       8
      11
       4
       6
       5
       4
       6
       7
       4
       6
       7
       6
       6
       2
       8
       9
       5
       7
       8
       7
       9
       9
       7
       5
      10
       4
       3
       9
       7
       2
      14
       6
       3
       5
       3
       5
       7
       9
       4
       5
       6
       8
       5
       3
       7
       4
       4
       4
       8
       9
       4
       4
       6
       2
       4
       3
       4
       4
       4
       9
       7
       2
       7
       7
       9
       2
       6
       3
       8
       3
       6
       6
       5
       3
       6
       6
       5
       6
       4
       5
       4
       5
       5
       3
       5
       3
       3
       8
       1
       1
       7
       2
       4
       4
       4
       1
       5
       6
       2
       4
       4
       4
       4
       4
       3
       4
       5
       5
       3
       4
       3
       4
       3
       3
       4
       3
       1
       4
       6
       3
       5
       3
       3
       3
       4
       0
       5
       2
       1
       2
       0
       6
       3
       5
       4
       0
       1
       3
       4
       3
       5
       3
       7
       1
       2
       4
       1
       4
       4
       0
       2
       3
       2
       3
       1
       2
       1
       2
       6
       1
       3
       2
       3
       3
       4
       1
       2
       1
       1
       1
       2
       3
       0
       1
       5
       4
       6
       0
       1
       2
       2
       3
       1
       3
       2
       1
       1
       3
       1
       2
       4
       2
       2
       0
       4
       0
       2
       2
       2
       0
       4
       4
       2
       5
       1
       3
       1
       0
       2
       0
       3
       3
       1
       1
       0
       1
       4
       1
       0
       2
       1
       2
       4
       3
       0
       2
       2
       0
       5
       3
       0
       1
       5
       0
       2
       1
       0
       2
       1
       0
       3
       1
       1
       2
       0
       3
       3
       1
       0
       0
       1
       2
       1
       7
       2
       0
       0
       1
       2
       0
       1
       1
       0
       4
       0
       0
       1
       1
       3
       1
       3
       0
       1
       1
       0
       1
       0
       2
       1
       0
       2
       1
       1
       2
       0
       2
       0
       1
       1
       2
       3
       2
       2
       1
       2
       2
       1
       1
       1
       1
       0
       0
       0
       0
       0
       0
       0
       0
       0
       0
       0
       0
       0
       0
       0
       0
       0
       0
       0
       0
       0
       0
       0
       0
       0
       0
       0
       0
       0
       0
       0
       0
       0
       0
       0
       0
       0
       0
       0
       0
       0
       0
       0
       0
       0
       0
       0
       0
       0
       0
       0
       0
       0
       0
       0
       0
       0
       0
       0
       0
       0
       0
       0
       0
       0
       0
       0
       0
       0
       0
       0
       0
       0
       0
       0
       0
       0
       0
       0
       0
       0
$ROI:
1
1130 1589
$PRESETS:
None
0
0
$ENER_FIT:
-29.955576 0.465136
$MCA_CAL:
3
-2.995558E+001 4.651361E-001 0.000000E+000 keV
$SHAPE_CAL:
3
3.442912E+002 -7.701260E-002 0.000000E+000
