$SPEC_ID:
No sample description was entered.
$SPEC_REM:
DET# 3
DETDESC# PHY-0040-AA Easy-MCA-8k SN 23293928
AP# Maestro Version 7.01
$DATE_MEA:
03/10/2025 09:31:28
$MEAS_TIM:
141 142
$DATA:
0 4095
       0
       0
       0
       0
       0
       0
       0
       0
       0
       0
       0
       0
       0
       0
       0
       0
       0
       0
       0
       0
       0
       0
       0
       0
       0
       0
       0
       0
      18
      31
      29
      31
      27
      26
      40
      37
      46
      38
      34
      43
      43
      34
      27
      38
      39
      33
      31
      32
      35
      33
      31
      33
      47
      43
      44
      45
      30
      46
      32
      31
      35
      46
      34
      55
      35
      37
      42
      34
      41
      41
      35
      47
      39
      35
      51
      46
      53
      34
      39
      53
      42
      44
      37
      35
      33
      40
      57
      32
      40
      51
      38
      35
      43
      38
      37
      47
      49
      38
      43
      35
      33
      36
      31
      43
      47
      37
      35
      50
      32
      31
      46
      41
      41
      37
      43
      44
      40
      43
      55
      31
      39
      29
      45
      42
      40
      47
      36
      40
      49
      38
      56
      59
      46
      44
      45
      41
      52
      43
      40
      53
      54
      40
      45
      51
      38
      46
      37
      60
      52
      36
      35
      34
      50
      37
      56
      46
      65
      51
      59
      37
      41
      50
      39
      37
      49
      40
      46
      47
      50
      54
      49
      48
      63
      71
      52
      56
      55
      42
      45
      60
      51
      43
      49
      52
      61
      55
      50
      58
      59
      64
      43
      67
      58
      64
      53
      55
      58
      40
      59
      58
      54
      59
      78
      51
      61
      59
      55
      61
      50
      59
      55
      67
      56
      57
      64
      65
      58
      64
      59
      55
      63
      61
      64
      68
      68
      60
      64
      69
      48
      51
      62
      50
      55
      62
      61
      50
      72
      75
      59
      46
      57
      54
      78
      58
      64
      59
      67
      69
      80
      73
      46
      68
      52
      66
      57
      72
      59
      56
      63
      73
      65
      65
      56
      66
      73
      64
      71
      53
      61
      53
      66
      54
      56
      71
      74
      75
      69
      77
      73
      71
      51
      70
      71
      57
      64
      62
      70
      72
      69
      68
      72
      58
      65
      49
      56
      44
      52
      56
      66
      69
      56
      56
      59
      71
      64
      64
      60
      58
      51
      60
      54
      87
      60
      58
      42
      70
      59
      67
      61
      52
      72
      63
      77
      63
      59
      60
      55
      61
      77
      58
      66
      51
      73
      63
      53
      75
      44
      49
      53
      67
      64
      57
      59
      61
      59
      54
      66
      63
      74
      68
      69
      59
      57
      64
      71
      56
      47
      67
      62
      73
      65
      51
      68
      58
      61
      57
      61
      62
      64
      71
      67
      48
      74
      66
      59
      68
      56
      57
      66
      63
      39
      45
      60
      59
      55
      65
      60
      68
      57
      53
      67
      68
      72
      68
      64
      55
      61
      71
      57
      44
      62
      41
      60
      55
      60
      54
      56
      60
      76
      56
      52
      76
      51
      37
      61
      59
      53
      48
      57
      56
      61
      71
      59
      60
      51
      45
      61
      62
      55
      61
      66
      60
      49
      56
      39
      68
      64
      43
      72
      59
      58
      60
      52
      66
      69
      59
      47
      57
      48
      59
      60
      52
      54
      61
      67
      42
      57
      62
      40
      63
      63
      62
      55
      55
      60
      61
      51
      57
      60
      51
      55
      53
      51
      48
      53
      47
      49
      54
      46
      52
      52
      60
      54
      53
      44
      39
      57
      58
      42
      49
      59
      64
      51
      58
      71
      49
      51
      52
      53
      55
      70
      45
      44
      41
      52
      55
      69
      62
      51
      47
      50
      53
      59
      51
      53
      61
      62
      51
      45
      53
      44
      58
      54
      58
      56
      53
      54
      56
      61
      56
      48
      50
      61
      60
      55
      59
      42
      62
      55
      50
      61
      59
      45
      34
      72
      61
      58
      52
      61
      63
      51
      64
      56
      46
      76
      61
      68
      53
      62
      47
      62
      65
      65
      65
      52
      49
      70
      62
      72
      61
      64
      51
      78
      58
      63
      63
      55
      74
      62
      54
      60
      66
      71
      87
      65
      69
      71
      78
      62
      71
      57
      56
      57
      86
      64
      80
      75
      57
      63
      76
      55
      75
      65
      83
      64
      63
      70
      68
      67
      65
      62
      77
      58
      51
      73
      65
      60
      64
      57
      74
      76
      54
      78
      76
      70
      63
      69
      57
      65
      66
      77
      56
      59
      65
      57
      50
      51
      66
      59
      53
      64
      70
      51
      63
      66
      71
      66
      60
      56
      56
      62
      67
      58
      55
      45
      54
      44
      43
      62
      70
      53
      55
      52
      53
      54
      52
      61
      48
      63
      56
      56
      46
      53
      58
      55
      56
      37
      54
      54
      58
      51
      39
      54
      61
      55
      51
      56
      52
      56
      42
      64
      46
      74
      50
      55
      56
      54
      57
      46
      54
      58
      40
      50
      43
      47
      51
      59
      53
      41
      42
      55
      52
      45
      44
      46
      58
      29
      35
      56
      49
      59
      52
      50
      48
      47
      30
      54
      40
      33
      40
      46
      40
      49
      53
      53
      55
      48
      39
      50
      44
      63
      40
      43
      46
      53
      35
      38
      51
      68
      47
      41
      44
      41
      50
      41
      36
      44
      45
      47
      58
      35
      46
      54
      41
      43
      42
      37
      42
      45
      52
      35
      53
      46
      36
      53
      35
      36
      38
      50
      38
      46
      37
      40
      38
      44
      52
      34
      43
      38
      42
      44
      44
      56
      40
      41
      55
      50
      45
      44
      37
      40
      49
      46
      42
      49
      39
      35
      38
      34
      45
      33
      38
      39
      42
      38
      32
      31
      37
      33
      43
      32
      35
      46
      41
      46
      28
      44
      43
      39
      43
      40
      33
      43
      41
      48
      42
      50
      37
      37
      46
      51
      43
      34
      44
      48
      42
      37
      34
      37
      51
      40
      42
      37
      37
      37
      40
      32
      49
      41
      45
      41
      38
      38
      53
      52
      34
      33
      49
      47
      44
      35
      47
      37
      43
      36
      49
      45
      31
      38
      37
      26
      30
      36
      41
      45
      37
      40
      37
      39
      42
      24
      32
      46
      53
      36
      42
      40
      32
      41
      32
      34
      45
      38
      44
      38
      36
      39
      20
      27
      36
      31
      34
      40
      49
      34
      40
      45
      40
      39
      50
      37
      31
      31
      38
      49
      33
      37
      46
      35
      37
      34
      37
      40
      37
      41
      49
      34
      42
      36
      34
      32
      36
      35
      41
      43
      38
      37
      34
      32
      29
      24
      32
      29
      36
      40
      25
      41
      33
      29
      38
      45
      35
      29
      36
      37
      28
      37
      36
      31
      20
      39
      36
      39
      37
      25
      55
      30
      32
      35
      35
      35
      36
      29
      34
      45
      31
      31
      40
      37
      36
      35
      35
      44
      31
      32
      41
      42
      33
      28
      28
      28
      35
      29
      27
      31
      30
      27
      24
      27
      50
      38
      36
      34
      42
      28
      30
      24
      33
      27
      29
      37
      43
      34
      37
      24
      31
      36
      29
      38
      33
      22
      28
      31
      28
      40
      36
      34
      41
      36
      39
      37
      33
      32
      39
      37
      36
      33
      39
      22
      33
      41
      32
      37
      33
      27
      31
      44
      28
      22
      28
      38
      36
      41
      35
      35
      46
      33
      31
      23
      34
      29
      39
      29
      32
      30
      30
      34
      35
      31
      32
      39
      34
      32
      28
      31
      34
      25
      39
      32
      32
      38
      37
      36
      27
      35
      21
      25
      31
      38
      28
      27
      30
      45
      38
      30
      29
      35
      37
      33
      29
      34
      31
      31
      38
      26
      38
      35
      31
      24
      28
      29
      34
      42
      31
      39
      27
      31
      34
      38
      31
      35
      28
      34
      30
      22
      25
      25
      27
      23
      30
      29
      35
      38
      22
      36
      30
      32
      32
      33
      32
      25
      37
      26
      37
      34
      32
      30
      37
      36
      34
      29
      31
      31
      27
      27
      26
      42
      31
      45
      33
      36
      44
      26
      37
      30
      35
      38
      30
      20
      30
      34
      35
      29
      41
      15
      32
      37
      26
      28
      30
      29
      26
      27
      31
      35
      33
      22
      19
      32
      36
      33
      31
      39
      31
      34
      30
      40
      39
      21
      31
      28
      27
      25
      31
      25
      26
      34
      28
      28
      32
      29
      35
      26
      32
      38
      25
      24
      40
      36
      24
      23
      29
      34
      28
      26
      38
      26
      30
      33
      24
      25
      39
      27
      24
      26
      28
      30
      30
      30
      30
      27
      28
      23
      32
      29
      33
      26
      28
      36
      36
      33
      31
      22
      29
      35
      39
      33
      43
      30
      30
      23
      25
      25
      23
      32
      19
      30
      32
      35
      34
      24
      32
      30
      30
      34
      25
      34
      29
      40
      28
      27
      39
      27
      29
      36
      26
      33
      31
      28
      25
      27
      31
      28
      31
      28
      24
      31
      30
      35
      42
      36
      33
      25
      31
      35
      49
      35
      28
      27
      33
      41
      25
      29
      21
      26
      34
      31
      21
      32
      31
      29
      31
      37
      31
      21
      35
      36
      27
      26
      35
      38
      32
      38
      48
      28
      25
      22
      29
      39
      29
      30
      37
      41
      24
      29
      28
      27
      28
      27
      27
      21
      26
      27
      25
      23
      34
      36
      36
      30
      30
      21
      27
      31
      35
      43
      25
      39
      22
      33
      31
      30
      37
      23
      24
      32
      23
      19
      18
      32
      27
      28
      33
      32
      27
      33
      42
      39
      26
      26
      22
      28
      34
      26
      37
      28
      27
      26
      29
      28
      34
      23
      34
      24
      26
      34
      33
      30
      30
      24
      34
      34
      41
      25
      25
      28
      26
      31
      36
      24
      33
      30
      36
      37
      32
      19
      30
      14
      34
      27
      34
      23
      27
      24
      32
      37
      26
      25
      27
      33
      38
      25
      19
      32
      27
      27
      27
      31
      39
      31
      31
      30
      32
      24
      22
      30
      30
      31
      27
      31
      37
      29
      28
      31
      40
      34
      27
      28
      23
      37
      18
      31
      29
      34
      23
      38
      36
      31
      19
      27
      26
      35
      32
      25
      35
      29
      28
      31
      36
      35
      30
      25
      34
      41
      36
      18
      34
      37
      27
      31
      28
      31
      33
      37
      30
      40
      30
      39
      31
      39
      26
      20
      21
      20
      35
      31
      22
      28
      42
      27
      31
      34
      33
      34
      24
      40
      29
      26
      27
      24
      28
      36
      20
      31
      27
      33
      31
      19
      30
      28
      31
      20
      34
      21
      36
      27
      28
      25
      24
      27
      35
      25
      39
      42
      23
      29
      32
      24
      34
      21
      36
      36
      36
      33
      49
      31
      33
      28
      27
      29
      26
      28
      43
      34
      44
      31
      37
      36
      33
      21
      27
      23
      29
      27
      27
      33
      44
      34
      19
      28
      27
      24
      28
      37
      31
      33
      25
      21
      36
      29
      28
      22
      30
      31
      38
      23
      29
      31
      38
      31
      31
      27
      39
      35
      33
      43
      20
      28
      31
      29
      37
      25
      25
      33
      36
      49
      25
      26
      24
      32
      29
      30
      22
      28
      35
      26
      36
      29
      37
      32
      22
      27
      21
      35
      28
      32
      31
      42
      40
      29
      26
      41
      29
      35
      28
      28
      26
      32
      32
      25
      29
      24
      32
      28
      32
      23
      20
      38
      22
      30
      37
      31
      16
      30
      26
      32
      30
      23
      32
      30
      28
      24
      27
      26
      29
      27
      36
      20
      22
      25
      23
      35
      40
      27
      31
      34
      38
      30
      34
      22
      30
      33
      33
      32
      37
      21
      22
      30
      30
      28
      30
      25
      33
      29
      32
      26
      45
      38
      27
      37
      24
      23
      37
      29
      36
      33
      37
      29
      44
      31
      30
      35
      24
      28
      26
      29
      38
      36
      32
      36
      30
      40
      28
      30
      27
      32
      29
      31
      38
      24
      28
      39
      30
      29
      19
      27
      42
      36
      29
      30
      28
      33
      37
      26
      31
      26
      32
      23
      23
      27
      29
      31
      36
      30
      20
      39
      30
      30
      37
      32
      30
      29
      35
      41
      34
      37
      26
      30
      28
      30
      44
      33
      23
      41
      28
      29
      22
      34
      30
      33
      35
      25
      34
      32
      30
      22
      26
      29
      40
      36
      32
      21
      30
      35
      26
      28
      25
      30
      27
      18
      37
      29
      26
      32
      35
      22
      24
      26
      28
      25
      25
      41
      32
      29
      35
      37
      38
      30
      32
      26
      24
      26
      23
      24
      24
      43
      26
      33
      37
      26
      32
      38
      26
      42
      23
      31
      26
      37
      27
      29
      42
      33
      31
      28
      39
      26
      30
      26
      36
      25
      31
      35
      29
      39
      26
      23
      22
      30
      34
      37
      32
      27
      34
      40
      31
      29
      35
      30
      37
      36
      23
      33
      27
      35
      40
      19
      25
      30
      46
      34
      41
      34
      32
      34
      26
      47
      35
      40
      25
      28
      31
      29
      31
      32
      32
      36
      32
      30
      46
      34
      26
      25
      38
      31
      37
      31
      35
      35
      25
      28
      36
      27
      38
      43
      30
      32
      29
      22
      29
      33
      29
      36
      37
      34
      33
      30
      28
      41
      31
      26
      30
      30
      40
      31
      39
      29
      24
      37
      39
      22
      36
      31
      34
      29
      32
      31
      33
      33
      27
      31
      44
      26
      26
      29
      35
      35
      39
      25
      27
      36
      24
      32
      52
      29
      29
      32
      35
      24
      34
      42
      28
      31
      25
      26
      35
      37
      26
      26
      28
      19
      24
      22
      33
      32
      31
      33
      43
      40
      45
      35
      49
      32
      34
      33
      24
      20
      27
      31
      29
      39
      27
      28
      33
      30
      43
      34
      31
      33
      20
      23
      31
      23
      39
      31
      37
      33
      31
      38
      41
      45
      29
      43
      25
      37
      37
      34
      33
      38
      34
      29
      29
      37
      42
      34
      32
      32
      44
      28
      31
      31
      29
      30
      25
      27
      23
      31
      37
      28
      33
      29
      34
      46
      38
      46
      38
      36
      22
      36
      34
      39
      37
      28
      30
      30
      34
      23
      37
      37
      39
      36
      43
      39
      42
      28
      31
      44
      36
      29
      32
      44
      36
      40
      43
      41
      41
      43
      48
      48
      38
      34
      22
      38
      47
      32
      26
      37
      36
      36
      29
      35
      28
      38
      30
      35
      34
      40
      32
      37
      28
      35
      33
      23
      23
      31
      37
      33
      36
      42
      34
      30
      49
      50
      44
      29
      38
      39
      29
      28
      33
      34
      41
      46
      49
      32
      29
      35
      39
      31
      34
      28
      30
      33
      39
      50
      31
      30
      33
      40
      31
      39
      35
      30
      29
      37
      35
      35
      34
      37
      32
      33
      32
      26
      36
      28
      40
      39
      42
      40
      46
      30
      31
      34
      29
      35
      37
      46
      36
      47
      37
      28
      41
      34
      27
      41
      29
      29
      47
      32
      46
      30
      46
      41
      34
      40
      42
      39
      29
      37
      31
      38
      29
      38
      34
      45
      33
      37
      32
      36
      36
      43
      37
      32
      38
      35
      29
      40
      49
      30
      35
      32
      31
      33
      33
      50
      31
      41
      24
      38
      38
      44
      36
      35
      39
      27
      36
      37
      39
      41
      24
      44
      41
      45
      45
      49
      32
      36
      35
      38
      47
      40
      37
      41
      27
      34
      39
      50
      31
      45
      42
      44
      36
      40
      42
      33
      32
      38
      42
      51
      36
      42
      35
      35
      30
      48
      25
      34
      29
      32
      38
      49
      33
      41
      47
      52
      47
      33
      40
      33
      34
      39
      40
      37
      38
      38
      35
      43
      46
      38
      32
      53
      31
      37
      40
      31
      34
      35
      41
      32
      33
      52
      48
      40
      43
      35
      45
      45
      40
      30
      34
      49
      35
      34
      33
      36
      36
      39
      37
      37
      53
      33
      43
      34
      36
      34
      29
      25
      37
      39
      38
      40
      40
      34
      38
      42
      46
      31
      42
      29
      36
      37
      37
      27
      42
      36
      33
      40
      40
      42
      25
      29
      33
      34
      39
      39
      39
      50
      44
      31
      29
      40
      41
      45
      32
      29
      37
      40
      28
      27
      34
      32
      42
      26
      37
      35
      39
      36
      54
      25
      37
      38
      34
      32
      29
      39
      41
      45
      34
      38
      39
      39
      29
      41
      30
      49
      36
      43
      35
      26
      40
      36
      32
      36
      32
      33
      36
      28
      25
      22
      33
      31
      24
      30
      35
      34
      25
      30
      29
      34
      37
      32
      39
      36
      26
      23
      27
      33
      36
      20
      30
      21
      31
      38
      35
      25
      18
      24
      45
      30
      19
      25
      24
      30
      30
      35
      20
      22
      32
      23
      33
      26
      33
      32
      37
      29
      23
      31
      36
      35
      25
      31
      33
      24
      29
      19
      28
      24
      28
      34
      27
      20
      35
      15
      24
      32
      30
      22
      30
      24
      35
      29
      30
      31
      21
      20
      30
      26
      30
      21
      41
      28
      22
      26
      27
      27
      28
      24
      26
      33
      34
      31
      26
      31
      20
      30
      29
      18
      27
      20
      33
      25
      28
      38
      29
      36
      20
      25
      28
      16
      26
      21
      34
      27
      31
      30
      18
      28
      39
      25
      34
      21
      16
      35
      19
      27
      34
      18
      21
      26
      35
      23
      26
      21
      24
      15
      29
      24
      18
      16
      25
      26
      25
      27
      21
      32
      21
      22
      18
      30
      27
      22
      21
      24
      25
      25
      16
      19
      26
      17
      27
      29
      33
      23
      19
      25
      24
      16
      23
      23
      25
      22
      24
      14
      23
      26
      19
      29
      19
      24
      26
      25
      31
      27
      19
      31
      23
      29
      19
      27
      22
      20
      31
      21
      20
      13
      24
      17
      24
      29
      25
      21
      25
      18
      26
      19
      23
      21
      26
      27
      30
      27
      29
      25
      11
      14
      22
      24
      19
      34
      22
      23
      18
      16
      24
      24
      20
      25
      30
      15
      17
      31
      26
      29
      23
      21
      28
      22
      24
      19
      21
      20
      19
      17
      35
      18
      23
      21
      23
      21
      17
      17
      22
      18
      18
      20
      34
      27
      21
      18
      26
      14
      29
      22
      20
      20
      19
      22
      17
      15
      22
      22
      21
      28
      17
      33
      20
      22
      21
      20
      31
      27
      21
      24
      27
      21
      29
      29
      24
      24
      27
      22
      20
      19
      27
      27
      24
      16
      23
      27
      21
      12
      23
      22
      20
      21
      22
      22
      26
      26
      25
      18
      24
      32
      24
      24
      19
      32
      21
      23
      19
      35
      23
      23
      20
      25
      23
      21
      27
      29
      28
      21
      27
      25
      22
      14
      22
      26
      29
      21
      20
      23
      25
      21
      25
      25
      21
      23
      25
      20
      31
      29
      25
      27
      24
      28
      25
      20
      33
      23
      18
      21
      19
      20
      20
      23
      24
      29
      26
      25
      26
      25
      28
      24
      33
      23
      25
      24
      31
      33
      25
      16
      20
      19
      26
      21
      36
      29
      31
      26
      27
      29
      30
      38
      38
      30
      35
      29
      36
      25
      35
      33
      40
      31
      30
      45
      47
      34
      33
      33
      39
      25
      27
      39
      34
      26
      49
      54
      33
      39
      36
      29
      32
      45
      32
      41
      38
      43
      25
      41
      44
      42
      42
      49
      43
      47
      43
      62
      51
      40
      46
      47
      53
      34
      52
      41
      47
      57
      56
      61
      41
      53
      52
      48
      44
      41
      49
      63
      42
      43
      48
      49
      51
      45
      54
      52
      52
      62
      55
      49
      63
      58
      61
      56
      61
      64
      59
      59
      53
      75
      60
      62
      58
      69
      51
      60
      59
      75
      61
      80
      66
      66
      73
      65
      70
      64
      63
      61
      59
      76
      60
      67
      83
      75
      81
      73
      66
      67
      89
      75
      61
      71
      63
      91
      77
      64
      83
      76
      74
      83
      89
      82
      78
      73
      67
      76
      74
      66
      85
      77
      80
      68
      81
      87
      71
      77
      81
      74
      72
      80
      73
      55
      77
      98
      67
      69
      68
      76
      72
      67
      91
      70
      78
      88
      73
      87
      70
      67
      77
      59
      66
      85
      66
      66
      67
      73
      68
      82
      79
      87
      80
      79
      76
      90
      68
      73
      66
      76
      73
      63
      59
      53
      58
      74
      55
      83
      65
      72
      66
      56
      56
      42
      59
      64
      73
      54
      75
      63
      58
      76
      75
      57
      72
      71
      49
      53
      59
      54
      75
      62
      55
      42
      54
      61
      59
      66
      51
      56
      53
      51
      51
      37
      45
      52
      45
      47
      55
      50
      49
      51
      51
      40
      52
      42
      44
      40
      33
      36
      54
      53
      42
      50
      40
      37
      30
      42
      34
      34
      42
      37
      43
      31
      22
      31
      19
      27
      30
      38
      36
      39
      35
      43
      24
      34
      24
      32
      33
      29
      28
      30
      28
      25
      35
      33
      21
      24
      20
      26
      29
      20
      32
      24
      26
      28
      16
      25
      17
      18
      16
      25
      26
      28
      19
      28
      14
      18
      19
      24
      20
      15
      21
      18
      22
      15
      22
      17
      17
      15
      17
      17
      19
      18
      15
      22
      10
      21
      11
      20
      20
      14
      15
      17
      11
      14
      13
      14
      19
      11
      11
      13
      18
      13
      20
      16
      15
      11
      20
      13
      19
      13
      10
      20
      17
      12
       9
      10
      14
      11
      15
      15
      16
      26
      12
      14
      18
      12
       8
      17
      14
      13
      15
      11
      17
      10
      13
      14
       7
       8
      12
      13
      17
      23
      23
      17
      18
      13
      14
      16
      11
      21
      23
      16
      20
      19
      21
      17
      19
      20
      23
      25
      18
      25
      21
      22
      18
      26
      23
      24
      16
      25
      20
      15
      23
      12
      25
      28
      22
      20
      30
      32
      32
      22
      24
      26
      29
      24
      29
      34
      33
      34
      22
      26
      40
      27
      25
      31
      27
      34
      38
      30
      31
      41
      44
      29
      36
      32
      34
      27
      39
      39
      37
      34
      30
      40
      42
      41
      24
      36
      39
      31
      58
      39
      37
      48
      52
      43
      43
      38
      38
      41
      51
      38
      50
      46
      40
      45
      43
      41
      35
      44
      41
      36
      47
      51
      39
      44
      44
      48
      47
      43
      56
      62
      50
      57
      54
      49
      52
      57
      50
      51
      50
      36
      54
      49
      54
      58
      53
      53
      54
      55
      51
      48
      59
      48
      49
      51
      63
      42
      50
      57
      58
      59
      48
      52
      61
      63
      66
      63
      51
      49
      65
      70
      57
      48
      46
      59
      53
      58
      56
      66
      57
      45
      58
      61
      71
      51
      62
      41
      51
      62
      55
      61
      75
      54
      70
      59
      47
      60
      65
      63
      63
      62
      56
      69
      61
      66
      60
      66
      58
      64
      44
      47
      61
      52
      58
      52
      70
      60
      51
      48
      54
      64
      55
      64
      48
      50
      55
      47
      48
      57
      55
      49
      57
      52
      49
      38
      39
      54
      49
      54
      47
      48
      37
      46
      52
      50
      55
      55
      59
      56
      49
      45
      44
      37
      55
      49
      33
      45
      41
      50
      39
      43
      38
      50
      46
      52
      40
      49
      29
      46
      31
      36
      34
      49
      47
      36
      33
      33
      36
      36
      27
      33
      45
      48
      40
      35
      34
      29
      38
      32
      34
      29
      28
      24
      36
      24
      21
      23
      30
      26
      24
      22
      20
      15
      33
      21
      27
      26
      27
      17
      25
      15
      20
      18
      19
      21
      29
      19
      15
      23
      23
      16
      15
      21
      14
      18
      29
      15
      17
      10
      10
      20
      17
      19
      19
      18
      14
      11
      12
      15
      13
      19
      17
      12
      11
       9
       6
       7
      11
       9
      11
      11
      11
      20
      14
       6
      11
      18
      13
       8
      10
      12
       7
      12
      12
       6
       6
       9
      11
       9
       9
       6
       6
       3
      10
       7
       9
      10
       6
       8
      10
       8
       6
      10
       4
      11
       8
       2
       7
       7
       6
       4
       5
       7
       2
       3
       6
       9
       3
       9
       7
       7
       5
       5
       7
       5
       4
       8
       5
       4
       2
       4
       2
       6
       2
       3
       5
       1
       4
       5
       5
       4
       2
       4
       4
       4
       6
       0
       2
       7
       2
       3
       6
       7
       4
       2
       3
       0
       3
       1
       3
       3
       0
       4
       4
       2
       3
       2
       3
       3
       3
       3
       0
       1
       0
       1
       1
       2
       2
       1
       2
       1
       3
       1
       6
       5
       2
       1
       3
       8
       2
       2
       3
       1
       2
       1
       2
       5
       2
       6
       2
       2
       2
       5
       6
       4
       2
       2
       3
       1
       2
       1
       1
       1
       1
       1
       3
       1
       3
       2
       0
       1
       2
       1
       2
       1
       0
       0
       1
       1
       0
       5
       4
       0
       0
       0
       1
       1
       2
       5
       0
       2
       2
       1
       2
       0
       1
       2
       4
       2
       2
       1
       2
       4
       1
       3
       0
       2
       5
       3
       2
       1
       1
       2
       0
       4
       2
       0
       5
       0
       0
       1
       0
       0
       2
       4
       3
       2
       2
       1
       2
       0
       0
       3
       0
       1
       2
       1
       2
       1
       3
       0
       1
       3
       0
       1
       0
       7
       3
       1
       3
       3
       2
       0
       1
       1
       3
       0
       3
       1
       2
       0
       2
       1
       0
       0
       0
       1
       0
       2
       0
       1
       2
       1
       1
       4
       1
       0
       1
       1
       2
       1
       0
       0
       2
       2
       1
       3
       2
       2
       3
       3
       2
       0
       2
       2
       1
       0
       2
       0
       0
       1
       0
       1
       0
       0
       2
       1
       1
       0
       2
       3
       1
       0
       1
       1
       1
       1
       0
       3
       2
       0
       2
       0
       0
       3
       3
       1
       2
       1
       1
       0
       2
       2
       0
       2
       2
       0
       0
       0
       2
       1
       0
       2
       0
       1
       4
       0
       1
       1
       1
       2
       3
       0
       1
       0
       0
       0
       2
       2
       0
       1
       3
       2
       4
       0
       0
       2
       1
       3
       0
       1
       1
       0
       1
       0
       0
       0
       2
       1
       2
       0
       3
       0
       0
       0
       0
       0
       2
       1
       1
       2
       0
       3
       1
       0
       1
       0
       2
       3
       0
       0
       0
       1
       3
       1
       0
       0
       0
       1
       1
       3
       0
       1
       2
       0
       4
       1
       0
       1
       2
       0
       2
       0
       0
       1
       1
       0
       1
       1
       0
       1
       0
       1
       2
       0
       0
       0
       1
       2
       1
       4
       1
       0
       0
       1
       2
       0
       1
       1
       0
       2
       0
       0
       0
       0
       3
       1
       1
       0
       0
       0
       0
       1
       0
       0
       0
       0
       1
       1
       1
       2
       0
       1
       0
       1
       1
       1
       1
       1
       1
       1
       2
       0
       1
       1
       1
       0
       0
       0
       0
       0
       0
       0
       0
       0
       0
       0
       0
       0
       0
       0
       0
       0
       0
       0
       0
       0
       0
       0
       0
       0
       0
       0
       0
       0
       0
       0
       0
       0
       0
       0
       0
       0
       0
       0
       0
       0
       0
       0
       0
       0
       0
       0
       0
       0
       0
       0
       0
       0
       0
       0
       0
       0
       0
       0
       0
       0
       0
       0
       0
       0
       0
       0
       0
       0
       0
       0
       0
       0
       0
       0
       0
       0
       0
       0
       0
       0
       0
$ROI:
1
1130 1589
$PRESETS:
None
0
0
$ENER_FIT:
-29.955576 0.465136
$MCA_CAL:
3
-2.995558E+001 4.651361E-001 0.000000E+000 keV
$SHAPE_CAL:
3
3.442912E+002 -7.701260E-002 0.000000E+000
