$SPEC_ID:
No sample description was entered.
$SPEC_REM:
DET# 3
DETDESC# PHY-0040-AA Easy-MCA-8k SN 23293928
AP# Maestro Version 7.01
$DATE_MEA:
03/10/2025 10:00:28
$MEAS_TIM:
314 315
$DATA:
0 4095
       0
       0
       0
       0
       0
       0
       0
       0
       0
       0
       0
       0
       0
       0
       0
       0
       0
       0
       0
       0
       0
       0
       0
       0
       0
       0
       0
       0
      27
      34
      51
      50
      30
      38
      40
      45
      50
      48
      54
      45
      51
      50
      38
      48
      45
      48
      45
      54
      72
      64
      51
      47
      67
      75
      70
      62
      78
      56
      82
      92
      76
      91
      91
     127
      95
     101
     144
     132
     183
     158
     194
     187
     173
     194
     206
     216
     218
     178
     218
     175
     196
     213
     156
     179
     175
     156
     151
     168
     141
     120
     117
     108
     111
     102
      92
      97
      82
      80
      74
      82
      63
      62
      71
      69
      54
      71
      59
      60
      60
      67
      61
      63
      62
      56
      70
      59
      75
      66
      73
      63
      79
      70
      53
      72
      62
      75
      76
      79
      79
      77
      68
      87
      68
      69
      85
      70
      70
      76
      89
      66
      73
      66
      83
      83
      82
      75
      80
      76
      90
      79
      96
      86
      78
      78
      82
      89
      92
     106
      67
      91
      72
      91
      83
      85
      89
     100
      74
      85
     104
      99
      97
      97
     101
      80
      99
      98
      89
     112
      95
      90
     103
     107
     115
      98
     100
     113
     113
     112
     107
     108
     113
     118
     111
     117
     109
     125
     134
     157
     113
     124
     141
     142
     143
     146
     162
     140
     154
     146
     165
     149
     155
     132
     145
     165
     155
     151
     163
     138
     147
     143
     152
     157
     169
     167
     181
     172
     153
     157
     141
     159
     163
     145
     141
     142
     136
     131
     129
     144
     142
     123
     129
     143
     146
     119
     165
     121
     124
     134
     126
     134
     120
     131
     123
     107
     136
     114
     136
     115
     138
     119
     114
     114
     108
     111
     133
     101
     124
      95
     125
     125
     128
     131
     112
     121
     101
     125
     124
     130
     127
     118
     114
     112
     113
     105
     110
     115
     120
     122
     119
     138
     126
     115
     102
     131
     123
     139
     122
     126
     112
     125
     124
     129
     138
     125
     120
     123
     110
     128
     137
     117
     122
     126
     142
     113
     124
     116
     116
     144
     130
     140
     136
     136
     125
     123
     125
     138
     129
     122
     138
     121
     115
     122
     125
     129
     121
     120
     125
     109
     123
     128
     122
     114
     140
     106
     121
     128
     115
     101
      85
     127
     131
     126
     122
     116
     109
     115
     122
     116
     113
     114
     107
     123
     129
     114
     126
     118
     127
     128
     127
     132
      99
     128
     127
     114
     114
     115
     137
      96
     105
     105
     136
     137
     123
     117
     119
     126
     101
     101
     110
     118
     101
     130
     125
     120
     130
     109
     104
     105
     103
     110
     116
     122
     117
     100
     110
      93
     107
     120
     108
     121
     124
     128
      96
     100
     125
     104
     116
     115
     112
     118
     119
     117
     109
     120
     119
     109
     121
     126
     133
     110
     133
     108
     116
     124
      98
     118
     105
     120
     115
     113
     129
      92
     126
     116
     112
     113
     124
     108
     128
     133
     118
     107
     111
     115
     114
     132
     138
     113
     118
     127
     122
     124
     111
     120
     113
     131
     129
      98
     116
     134
     138
     142
     117
     142
     111
     144
     119
     137
     129
     120
     108
     120
     117
     123
     110
     137
     117
     105
     109
     127
      98
     132
     113
     128
     109
     135
     135
     113
     123
     120
     121
     117
     110
     124
      91
     103
     105
     119
     114
     110
     109
     118
     114
     107
     130
      89
     121
     116
      95
     109
     121
     105
      93
      93
     100
     119
      94
     115
      91
      99
      92
      98
      98
     105
     102
     103
     113
      98
     104
      97
     108
      99
      88
     110
      88
      96
      88
      99
     100
      89
     105
      91
      92
      97
      92
      93
      93
     107
      93
      79
      94
      89
      94
     105
      94
     105
     113
      98
      99
      84
     117
      82
      88
      91
     103
      75
      90
      86
      92
      84
      88
      72
     102
      84
      83
      90
      81
      84
      93
      80
      79
      89
      90
      80
      84
      76
     106
      91
      90
      66
      84
      79
      95
     103
      69
      85
      67
      94
      78
      92
      78
      91
     101
      70
      76
      94
      81
      86
      91
      82
      79
      90
      86
      77
      92
      77
      78
      78
      80
      85
      84
      75
      73
      72
      73
      78
      77
      74
      74
      86
      73
      80
      92
      70
      70
      69
      68
      62
      68
      82
      78
      79
      85
      65
      71
      68
      70
      58
      67
      78
      79
      68
      75
      83
      69
      69
      65
      70
      81
      74
      66
      63
      69
      74
      81
      61
      72
      65
      78
      50
      81
      54
      67
      59
      77
      74
      61
      73
      64
      66
      84
      72
      62
      75
      68
      80
      59
      74
      86
      49
      74
      81
      62
      67
      55
      70
      67
      68
      69
      67
      75
      83
      63
      61
      62
      66
      73
      61
      58
      50
      66
      47
      74
      60
      52
      73
      58
      63
      65
      90
      71
      73
      65
      70
      66
      69
      74
      69
      66
      55
      63
      76
      78
      39
      68
      65
      62
      65
      74
      56
      67
      72
      57
      81
      76
      58
      87
      57
      65
      62
      76
      55
      63
      78
      70
      70
      63
      74
      67
      56
      59
      70
      57
      69
      64
      60
      70
      58
      53
      61
      70
      82
      55
      62
      64
      70
      65
      49
      60
      64
      62
      64
      62
      56
      74
      65
      47
      61
      44
      69
      49
      78
      62
      63
      63
      76
      57
      59
      65
      54
      57
      53
      57
      62
      57
      60
      57
      48
      61
      66
      59
      61
      57
      54
      56
      42
      62
      59
      64
      54
      57
      62
      56
      57
      68
      63
      52
      61
      65
      53
      59
      65
      57
      65
      63
      53
      46
      63
      67
      68
      47
      56
      50
      69
      58
      55
      50
      53
      53
      64
      49
      66
      60
      53
      54
      57
      57
      49
      50
      53
      33
      45
      55
      47
      44
      55
      59
      56
      44
      51
      69
      43
      62
      44
      57
      41
      49
      52
      53
      52
      52
      59
      59
      53
      49
      48
      65
      57
      56
      55
      61
      65
      48
      48
      67
      45
      69
      58
      68
      51
      67
      57
      51
      54
      49
      50
      58
      49
      53
      56
      50
      51
      50
      51
      53
      46
      54
      39
      53
      48
      54
      60
      45
      47
      54
      47
      48
      38
      41
      49
      45
      57
      49
      52
      56
      48
      49
      57
      41
      41
      55
      52
      54
      47
      53
      52
      49
      45
      44
      46
      48
      47
      48
      35
      43
      34
      43
      49
      38
      49
      40
      44
      34
      39
      35
      37
      55
      32
      36
      34
      47
      43
      34
      36
      37
      35
      38
      36
      44
      34
      42
      44
      28
      36
      36
      49
      52
      32
      39
      34
      44
      31
      35
      35
      33
      29
      25
      28
      30
      29
      23
      27
      37
      33
      22
      32
      29
      50
      20
      35
      19
      32
      27
      25
      25
      28
      28
      31
      34
      35
      18
      24
      27
      23
      22
      18
      21
      22
      27
      31
      28
      25
      26
      28
      27
      25
      24
      25
      14
      26
      22
      16
      22
      23
      20
      30
      20
      28
      25
      26
      34
      27
      24
      24
      23
      21
      26
      15
      20
      26
      30
      23
      27
      24
      26
      21
      21
      23
      28
      26
      20
      18
      19
      26
      18
      21
      21
      23
      18
      16
      18
      20
      20
      24
      21
      25
      21
      22
      21
      27
      22
      23
      19
      20
      21
      19
      24
      27
      17
      13
      20
      15
      27
      19
      18
      20
      19
      17
      17
      20
      16
      25
      26
      19
      21
      20
      22
      20
      16
      21
      13
      13
      17
      18
      20
      21
      15
      21
      21
      21
      22
      19
      20
      22
      19
      12
      23
      18
      16
      25
      23
      27
      20
      12
      17
      20
      18
      19
      20
      14
      19
      25
      18
      22
      26
      21
      30
      22
      21
      29
      19
      18
      18
      20
      19
      17
      25
      22
      28
      17
      23
      32
      35
      17
      18
      23
      18
      20
      25
      19
      31
      25
      16
      15
      27
      32
      25
      13
      23
      30
      34
      36
      32
      32
      37
      30
      25
      25
      32
      25
      37
      27
      33
      41
      37
      33
      37
      34
      37
      38
      40
      42
      28
      38
      42
      43
      37
      35
      47
      36
      42
      54
      36
      52
      43
      45
      45
      49
      46
      53
      59
      58
      52
      39
      51
      57
      49
      54
      63
      51
      66
      69
      78
      64
      78
      71
      63
      68
      73
      68
      73
      88
      65
      84
      83
      77
     103
      61
      96
      91
      91
      86
     113
     101
      93
     111
      95
     125
      99
      96
     106
     104
     111
     110
      97
     112
     116
     109
     123
      97
     125
     134
     150
     145
     112
     142
     135
     133
     131
     141
     143
     157
     138
     148
     119
     150
     156
     167
     168
     150
     147
     160
     175
     165
     168
     167
     159
     177
     161
     162
     180
     182
     179
     179
     205
     201
     160
     167
     185
     172
     194
     171
     176
     200
     189
     182
     203
     168
     196
     177
     203
     176
     177
     179
     163
     164
     168
     169
     162
     177
     211
     180
     195
     195
     171
     171
     181
     161
     164
     178
     158
     144
     171
     162
     157
     158
     153
     164
     139
     170
     146
     146
     157
     133
     136
     166
     146
     128
     145
     147
     120
     132
     122
     131
     129
     120
     120
     104
     101
     107
     128
     118
     106
      91
      85
      98
     100
      94
      86
     106
      86
      82
      89
      68
      83
      64
      95
      73
      72
      78
      66
      66
      62
      58
      65
      58
      64
      36
      56
      49
      53
      58
      48
      57
      38
      48
      59
      52
      41
      55
      49
      36
      34
      44
      41
      36
      36
      29
      28
      36
      32
      27
      36
      24
      28
      25
      25
      29
      18
      26
      32
      19
      15
      21
      25
      19
      21
      26
      20
      13
      32
      15
      19
      15
      24
      13
      28
      14
      11
      19
      11
      14
      17
      20
      19
      11
      18
      18
      20
      15
      12
      21
      21
      18
      15
      13
      12
      21
      14
      13
      11
      15
      14
      11
      11
      15
      13
      13
      14
      23
       9
      13
      12
       7
      11
      16
      13
      13
      10
      16
      10
      10
      12
      16
      17
       7
       8
      22
      13
      10
      14
      15
       9
       8
      14
      15
      11
      12
      15
       9
      16
      11
       9
      11
       9
      12
      16
      11
      12
      17
      17
      13
       9
      14
      13
       7
      14
      10
       6
      13
      16
       9
      18
      13
       9
      14
      19
      10
      13
      18
      12
      15
      10
      11
      15
      10
      11
      14
      10
      10
       9
      11
      10
       3
       9
      10
      17
       9
      14
      15
      10
      12
       7
      11
      11
       9
      12
      11
      11
      11
      13
      11
       8
      17
      14
      14
      10
       6
      10
      13
      13
      15
      12
      10
      11
       9
      20
      14
      10
      12
      16
       9
       9
      18
      10
      11
      12
       8
      17
      14
      14
      10
       9
      16
      12
      14
       4
      18
      15
       8
      10
      10
      15
      11
      14
      16
      20
      10
      13
      11
      14
      13
      13
      12
       8
      17
       7
      11
      19
      10
      22
      12
      17
      11
       7
       8
      11
      18
      10
      16
      11
      12
      11
      11
      10
      17
      14
      20
      14
      20
      11
       7
       9
       4
      15
      13
      14
      10
       9
      10
      16
      14
      12
      18
       8
      14
      15
      13
      16
      13
       9
      14
      14
       7
      10
      12
      14
      10
      20
      10
       8
      17
      11
      15
      15
      11
      12
      18
       8
      18
      15
      12
      10
      13
      17
       8
      13
       9
      12
      17
      11
      14
       7
      14
       6
      13
       7
      17
      11
      16
      11
      20
       9
      13
      20
      12
      11
      14
      14
      14
      10
      18
      15
       6
      10
      10
      10
      13
      11
      12
      19
      11
      13
      16
      10
      14
      11
      14
      15
      17
      15
       9
       7
      15
      16
       9
      15
      11
      14
       9
       9
      11
      17
      10
      13
       8
       7
      12
      19
      16
      14
       7
       9
       9
      15
       7
       8
      13
       9
      14
      11
      11
      11
      12
      11
      13
      11
      14
       7
       7
      10
      12
       5
       8
       5
       5
       8
       9
      15
       8
      11
      15
      13
      13
      15
      12
      12
       8
      14
      12
       9
      12
       8
       8
       9
       9
       7
      12
      15
      20
      10
       9
      11
      12
      10
       8
      10
       8
      11
       8
      10
       9
       7
      15
      14
      15
      11
       8
      13
      11
       9
      13
      11
      10
      11
      16
       9
      10
      16
      12
       8
      10
      10
      13
       8
       8
      10
      10
       7
      10
       7
      17
      12
      10
      15
       9
      10
       8
       9
      11
      12
       6
       9
       3
      10
       5
       7
      10
      10
       8
       8
      12
      13
       5
       6
      11
      14
       8
      11
       7
      11
       9
       8
       9
      11
      14
       9
      14
       7
       9
      11
       9
      11
       9
       7
       7
      14
       8
      10
      12
       7
       8
       6
       5
      10
      13
      15
       7
       8
       9
       8
      10
       9
       8
       9
      11
      12
       6
      15
       9
       8
      13
      16
       5
      12
       9
      11
      11
       9
       5
      12
       6
      15
      12
       8
       3
      14
      13
       8
       9
      11
       7
      10
       8
       7
       7
       8
      11
      18
       6
      10
       6
      10
       8
       5
      14
      16
      11
      12
      10
      10
      16
      13
      11
      11
      17
       9
      15
      13
       6
       7
       7
      10
      11
       8
      20
       7
       7
      10
       7
      12
       6
      10
       9
       8
      12
      17
      13
      14
      12
       9
      14
      11
       6
       9
      12
       9
      13
      11
       4
       9
      10
      10
       9
      14
       5
      12
       8
       9
      10
      11
      15
      11
      11
       9
       9
      12
      14
       7
      12
       9
      18
      12
       7
       7
      13
      10
      11
       9
      13
      14
      12
      12
      10
       7
      14
      10
       7
       9
      14
       9
      15
      14
       9
       8
      10
      10
      17
      15
       9
       6
      12
      10
       9
       5
      13
       9
      17
      16
      10
      17
      15
      10
       9
      11
      12
      11
      11
      11
       9
       9
      13
      13
      12
       9
       8
       6
      12
       9
       9
       8
      11
      14
      17
      11
       7
      10
      14
      10
      11
      13
       9
      11
      13
       8
      10
       8
      14
      10
      10
      13
      12
      11
       6
      13
      14
      10
      14
       7
      13
      16
       7
       4
       9
       9
      19
      16
       9
       8
      10
      14
      16
      13
      15
      11
       9
      16
       7
       8
      14
       5
      12
       6
      13
      10
      10
       6
      11
       7
       6
       9
       7
      14
      16
      11
      10
      13
      13
       7
      10
      10
      11
      15
      13
       7
      12
      13
      13
      10
      10
      13
       9
      12
      10
      10
      11
      14
      13
      14
      13
      10
       9
       9
       9
       9
      12
       8
      10
       8
      15
       8
      19
      14
      15
      11
       8
       8
       4
      15
       9
       8
      16
       6
      12
       6
       6
      13
      10
      11
       9
      10
      10
      10
       9
       8
       8
      17
       6
      11
      10
      11
       1
       6
      11
      15
       5
      11
      11
      12
      12
      13
       7
       9
      12
      12
       7
      11
      14
      13
       8
       9
       9
       7
       8
      12
      11
      15
       7
      10
      13
      19
      10
       7
      14
      10
      15
      11
      12
       7
      11
      14
      10
      16
       8
      12
       4
       4
       9
      15
      11
       8
      10
      11
      14
       9
      13
      10
      16
       8
      13
      10
      10
      13
      12
      12
      10
       6
      19
       6
       9
      19
       8
      12
      13
      11
      13
      14
       8
       7
      12
      15
      12
       5
       7
      10
      14
       6
      11
      12
      16
      11
       6
      11
      11
      18
      10
       7
      10
      14
      15
      11
       7
       6
      11
      13
      19
      11
      13
      12
      13
      12
       8
       3
      14
      14
       8
       7
       8
      12
      12
      12
       9
       7
       7
      12
       9
       7
       9
       7
      10
      11
      10
      10
      11
       7
      16
      12
      13
       7
      12
      13
       7
       7
       6
      14
      11
      15
      13
       7
      12
       6
      11
       5
       9
      12
       9
      10
      11
       7
       3
       9
       8
       9
       6
      10
      12
       6
       9
      11
       8
      11
      16
       9
       8
       4
       9
       7
       9
      11
      15
      13
      10
      10
       8
       7
      10
      12
       9
      12
      10
      13
      14
       8
       7
       8
      10
      12
      13
      14
      14
       5
       7
       5
      14
      12
      12
      10
      10
      10
       9
       8
      12
       9
      16
       6
      15
      13
       9
       7
      12
       8
      13
      12
      10
      12
       7
      17
      15
      10
      11
       4
      12
      11
       9
       7
      12
       7
      10
      11
       7
       7
       9
       9
       5
       9
      11
      10
      12
       8
       3
       8
      12
       8
       9
      10
       8
       8
      12
       4
      17
       9
       9
      13
       8
      17
       9
      10
      13
       8
       7
      10
       7
       5
      15
       8
      14
       6
      13
       6
       9
      12
       8
      11
       8
       7
       8
       7
      14
       1
      10
       7
      13
      11
      11
      11
      16
       6
       9
      12
       8
       7
       5
      11
      12
       9
      10
       7
       8
       8
       8
       4
       2
       6
      12
       6
       7
      10
       9
      14
       9
      11
      12
       5
      10
       9
      14
      11
      16
       9
       8
      13
       6
      11
       8
      12
       8
       4
      10
      11
       7
       8
      11
       9
      18
      13
       7
       5
       5
      13
      12
      13
      11
      12
       5
       9
       4
      12
       6
       6
      10
      11
      10
       6
       5
       8
       9
       8
      11
       3
       6
      11
      15
       9
       9
      13
       7
       5
      10
       7
       4
       9
       9
       6
       6
       5
       7
       9
       8
       5
      11
       8
       6
       2
      11
       9
      12
       2
      14
      13
      10
       7
       7
      11
       5
      10
       9
      12
       8
      10
      10
       8
      11
      11
       5
       9
       9
       8
       2
       4
       7
       4
       9
       6
      10
      10
       5
       7
      15
      10
       3
       6
       8
       6
       8
       9
       6
      11
      13
       9
       9
       6
       4
      10
       7
       7
      10
       7
       9
       6
       5
      10
       4
      11
       9
       2
       9
       6
      10
       5
       4
       9
       6
       7
       7
      11
      11
      10
       9
       7
       6
       7
       3
       5
       6
       4
       9
      12
       4
       6
       5
       7
       5
       4
       5
       2
      11
       4
       5
       7
       5
       3
       2
       6
       2
       9
       5
       8
       6
       4
       6
       6
       8
       4
       3
       8
      11
       6
       2
       5
       7
       8
       6
      12
      10
       4
      11
       7
       5
       5
       6
       9
       5
       9
       5
       8
       9
       3
       4
       6
       4
       8
       7
       2
       9
       1
       6
       7
       7
       4
       6
       4
       7
       2
       5
       7
       7
       2
       5
       6
       4
       5
       1
       2
       7
       4
       6
       3
       2
       6
       7
       7
       5
       9
       3
       3
       2
       2
       8
       3
       7
       9
       5
       3
       3
       5
       1
       5
       2
       3
       6
       3
       7
       7
       4
       2
       1
       3
       4
       3
       3
       4
      11
       3
       4
       6
       9
       4
       3
       8
       3
       5
       5
       8
       3
       1
       5
       7
       2
       3
       3
       3
       1
       5
       4
      10
       2
       5
       2
       4
       5
       5
       5
       3
       9
       6
       7
       9
       6
       3
       3
       3
       7
       4
       5
       2
       5
       4
      12
       6
       4
       6
       5
       9
      10
       6
      11
       3
       8
       6
       5
       3
       5
       7
       9
       3
       4
       4
       6
      11
       5
       6
       4
       3
       3
       6
       4
       7
       5
       5
       9
       7
       7
       3
       8
       6
       8
      11
       8
       3
       7
       7
       8
       5
      14
       9
       6
       6
       5
       6
       7
       4
       6
       6
       6
       8
       5
      11
       8
       5
       8
       5
      10
       6
       7
       5
       6
      10
      10
      10
      10
      10
      10
       9
      11
       6
       6
      12
       7
       8
       2
       6
       9
      10
       7
      13
       8
       5
       8
       9
      12
      15
       2
       5
       6
      10
       6
       7
       7
       8
       7
       5
      10
      11
      10
       5
       4
       5
       4
       8
       8
       7
       4
      11
       8
       5
       8
      10
       5
       4
       8
       8
       8
       9
       8
       3
       7
       6
       5
       9
       9
      13
       9
       5
       8
       6
      11
      10
       6
       7
       6
       2
       8
       8
       5
       5
       7
       4
       9
       8
       7
       8
      12
      10
      10
       8
       5
       8
      12
       7
      12
       9
       4
       5
       4
      12
       9
      13
      11
       9
       8
      10
       7
       7
      11
       6
      12
      10
      13
       6
       9
      15
       8
       9
       5
      12
      12
       5
       9
       8
       9
       9
      11
       9
       8
       8
       9
      11
       5
      12
       6
       8
      11
      12
       9
      17
       8
      15
      10
      11
      11
       8
      11
      19
      13
      12
      11
       9
      16
       9
       7
      17
      10
      11
       4
       7
      13
      14
      15
      16
       9
      17
      12
      11
      13
      16
      13
      16
      15
      11
      11
      11
       8
      12
       9
      12
      13
      13
      13
      17
      17
      16
      10
      10
      23
      17
      13
      17
      18
      14
      20
      13
       9
      12
      12
      12
      10
      15
      19
      17
       5
      17
      17
      16
      22
      12
      16
      18
      10
      12
      15
      14
      18
      19
      15
      17
      20
      20
      19
      23
      21
      15
      17
      23
      19
      18
      24
      26
      17
      18
      25
      18
      22
      17
      11
      26
      17
      17
      22
      24
      21
      27
      19
      18
      22
      27
      22
      22
      19
      20
      28
      21
      17
      23
      20
      26
      24
      20
      20
      18
      22
      22
      27
      21
      22
      16
      30
      22
      25
      22
      23
      21
      18
      23
      21
      21
      26
      23
      20
      27
      25
      28
      26
      13
      18
      23
      23
      19
      19
      24
      22
      22
      14
      18
      23
      30
      28
      23
      19
      21
      14
      22
      21
      18
      17
      19
      18
      22
      22
      23
      13
      18
      25
      20
      19
      22
      25
      27
      18
      20
      16
      18
      19
      20
      16
      20
      28
      19
      23
      17
      15
      22
      13
      17
      19
      21
      23
      23
      21
      24
      18
      16
      17
      25
      17
      19
      19
      16
      18
      19
      22
      21
      19
      19
      22
      18
      20
      13
      14
      17
      22
      16
      10
      19
      17
       9
      19
      10
      21
      14
      17
      14
      14
      15
      16
      12
      20
      18
      17
      16
      20
      22
      18
      10
      16
      12
       9
      11
      14
      11
       4
       8
      10
       9
      20
      12
       9
      15
      15
      11
      10
       9
      14
      16
       9
      19
      12
      10
      10
       3
      13
       8
      13
       5
      13
      15
      12
      10
      17
       6
      10
      11
       7
      20
       8
      10
       9
       9
      12
       6
       8
       9
       9
      14
       6
       8
       3
      11
      10
       7
      12
       7
       4
       8
       9
       7
       7
       4
      12
       8
       6
       6
       7
       7
       8
      11
       8
       4
      10
       5
       7
       6
       8
       6
       7
       4
      14
       5
       4
       5
       3
      10
       7
       2
       5
       8
       9
       6
       5
       2
       5
       5
       4
       8
       4
       2
       4
       5
       4
       4
       5
       5
       7
       4
       2
       2
       4
       7
       5
       5
       3
       3
       6
       3
       3
       6
       3
       4
       2
       4
       2
       6
       4
       1
       0
       0
       4
       5
       2
       5
       5
       2
       3
       3
       6
       5
       4
       2
       4
       4
       2
       4
       2
       2
       4
       5
       0
       3
       1
       4
       1
       1
       0
       3
       2
       3
       4
       1
       3
       7
       1
       3
       2
       3
       4
       5
       2
       2
       4
       0
       3
       3
       1
       4
       3
       3
       3
       2
       3
       4
       2
       2
       5
       4
       3
       2
       1
       3
       3
       1
       5
       1
       2
       2
       3
       0
       0
       3
       1
       1
       0
       2
       5
       0
       0
       4
       3
       2
       3
       3
       0
       2
       3
       1
       2
       0
       2
       2
       1
       2
       0
       1
       0
       0
       2
       1
       0
       5
       2
       1
       4
       1
       4
       1
       5
       3
       4
       3
       3
       3
       2
       1
       3
       3
       1
       1
       6
       0
       1
       4
       2
       2
       0
       7
       4
       1
       3
       1
       3
       5
       2
       3
       1
       1
       1
       1
       1
       5
       2
       3
       1
       3
       1
       4
       4
       2
       1
       1
       1
       1
       0
       3
       2
       2
       2
       2
       1
       5
       3
       0
       2
       2
       5
       1
       1
       0
       4
       1
       2
       3
       5
       2
       4
       0
       2
       2
       2
       0
       2
       1
       1
       3
       2
       4
       2
       1
       1
       1
       5
       3
       2
       1
       4
       5
       4
       0
       2
       1
       0
       3
       0
       4
       1
       1
       4
       2
       0
       5
       1
       1
       1
       2
       1
       1
       3
       5
       2
       0
       4
       1
       3
       2
       3
       2
       2
       3
       3
       3
       1
       3
       1
       1
       5
       0
       2
       3
       3
       7
       5
       2
       3
       2
       5
       0
       1
       3
       0
       6
       1
       2
       3
       1
       1
       3
       1
       0
       1
       3
       1
       1
       0
       2
       0
       2
       0
       1
       1
       3
       4
       1
       1
       3
       2
       1
       3
       0
       2
       0
       1
       0
       4
       1
       2
       2
       3
       1
       1
       2
       4
       1
       0
       1
       1
       1
       1
       2
       4
       3
       1
       1
       1
       0
       0
       0
       3
       0
       0
       2
       1
       3
       2
       0
       3
       1
       1
       1
       1
       1
       1
       1
       0
       1
       1
       1
       1
       2
       1
       2
       1
       1
       0
       0
       1
       1
       0
       0
       0
       1
       1
       1
       1
       0
       1
       1
       1
       0
       1
       1
       2
       1
       1
       0
       1
       1
       2
       0
       1
       1
       3
       1
       1
       0
       1
       0
       0
       1
       0
       0
       2
       1
       2
       2
       0
       0
       0
       1
       2
       1
       2
       1
       0
       0
       0
       0
       0
       1
       0
       0
       2
       1
       2
       0
       0
       0
       0
       0
       1
       0
       0
       0
       0
       0
       0
       0
       1
       0
       1
       1
       1
       1
       1
       0
       1
       0
       0
       0
       0
       1
       0
       1
       1
       0
       0
       1
       1
       0
       0
       0
       0
       0
       0
       1
       0
       1
       1
       0
       0
       1
       0
       1
       0
       0
       0
       2
       1
       2
       1
       0
       0
       1
       1
       0
       0
       0
       0
       0
       0
       0
       0
       0
       0
       0
       1
       0
       0
       1
       1
       0
       1
       1
       1
       0
       0
       2
       0
       0
       0
       0
       1
       1
       2
       1
       0
       0
       0
       1
       0
       0
       0
       1
       0
       1
       0
       1
       0
       0
       1
       1
       0
       0
       0
       0
       0
       0
       0
       0
       0
       0
       1
       1
       0
       0
       0
       0
       0
       0
       0
       1
       0
       0
       0
       0
       0
       0
       0
       0
       1
       0
       0
       0
       1
       0
       1
       0
       0
       0
       0
       0
       1
       0
       2
       0
       1
       0
       1
       0
       0
       0
       1
       0
       0
       0
       0
       0
       1
       1
       0
       0
       0
       0
       0
       0
       0
       0
       0
       0
       0
       0
       0
       0
       0
       0
       0
       0
       0
       0
       0
       0
       0
       0
       0
       0
       0
       0
       0
       0
       0
       0
       0
       0
       0
       0
       0
       0
       0
       0
       0
       0
       0
       0
       0
       0
       0
       0
       0
       0
       0
       0
       0
       0
       0
       0
       0
       0
       0
       0
       0
       0
       0
       0
       0
       0
       0
       0
       0
       0
       0
       0
       0
       0
       0
       0
       0
       0
       0
       0
       0
$ROI:
1
1130 1589
$PRESETS:
None
0
0
$ENER_FIT:
-29.955576 0.465136
$MCA_CAL:
3
-2.995558E+001 4.651361E-001 0.000000E+000 keV
$SHAPE_CAL:
3
3.442912E+002 -7.701260E-002 0.000000E+000
