$SPEC_ID:
No sample description was entered.
$SPEC_REM:
DET# 3
DETDESC# PHY-0040-AA Easy-MCA-8k SN 23293928
AP# Maestro Version 7.01
$DATE_MEA:
03/10/2025 09:37:54
$MEAS_TIM:
655 657
$DATA:
0 4095
       0
       0
       0
       0
       0
       0
       0
       0
       0
       0
       0
       0
       0
       0
       0
       0
       0
       0
       0
       0
       0
       0
       0
       0
       0
       0
       0
       0
      50
      63
      74
      75
      73
      70
      89
      85
      90
      83
      71
      82
      98
      76
      82
      82
      88
      78
      89
      85
      88
      97
      89
      88
      90
     102
     102
     114
     106
     117
     110
     116
     112
     120
     132
     160
     138
     142
     170
     166
     196
     221
     183
     219
     225
     216
     236
     238
     268
     225
     245
     226
     213
     238
     202
     207
     172
     217
     197
     191
     173
     187
     157
     145
     155
     131
     137
     145
     127
     142
     117
     116
     107
      91
      99
     119
     125
     114
      98
      94
      94
      91
      97
     109
     101
     116
     104
     114
     106
     116
     128
     106
     103
     106
     130
     118
     125
     125
     103
     110
     117
     114
     139
     144
     117
     122
     125
     122
     137
     123
     132
     134
     143
     132
     144
     141
     129
     127
     129
     148
     141
     136
     129
     128
     158
     129
     158
     148
     167
     157
     151
     140
     138
     152
     151
     141
     166
     153
     148
     142
     157
     162
     172
     165
     195
     192
     179
     173
     159
     173
     174
     177
     210
     155
     174
     199
     209
     196
     191
     197
     212
     227
     173
     226
     223
     229
     208
     219
     223
     206
     192
     226
     220
     223
     238
     228
     238
     274
     236
     243
     254
     267
     258
     248
     243
     255
     265
     288
     275
     270
     278
     280
     273
     294
     303
     291
     267
     287
     306
     311
     269
     256
     316
     303
     309
     294
     289
     290
     301
     313
     297
     300
     298
     313
     335
     291
     300
     308
     308
     308
     320
     294
     285
     327
     324
     295
     300
     291
     302
     314
     314
     312
     297
     281
     285
     318
     321
     282
     295
     269
     293
     257
     295
     292
     303
     327
     296
     306
     317
     288
     298
     274
     266
     278
     304
     274
     270
     266
     258
     282
     254
     289
     288
     270
     267
     248
     265
     252
     281
     259
     286
     299
     278
     259
     286
     289
     332
     319
     321
     316
     325
     341
     356
     435
     382
     394
     391
     460
     432
     488
     511
     482
     544
     556
     619
     617
     647
     644
     727
     741
     773
     774
     799
     842
     900
     947
     894
     955
     967
     995
     934
    1091
     945
    1042
    1064
    1074
    1040
    1005
    1013
    1053
    1115
     998
    1045
     966
     970
     908
     934
     882
     882
     869
     833
     801
     777
     767
     697
     702
     638
     636
     605
     612
     570
     598
     600
     508
     513
     544
     444
     495
     422
     415
     395
     412
     337
     342
     403
     368
     315
     345
     354
     343
     322
     316
     316
     292
     307
     301
     285
     261
     303
     290
     252
     246
     273
     210
     271
     215
     271
     243
     216
     232
     251
     213
     217
     225
     220
     212
     220
     221
     206
     196
     220
     177
     189
     195
     183
     208
     188
     182
     180
     194
     190
     201
     177
     194
     190
     185
     155
     197
     200
     165
     206
     172
     183
     200
     181
     194
     192
     179
     179
     170
     162
     187
     172
     178
     156
     179
     181
     151
     188
     165
     163
     184
     178
     187
     171
     154
     166
     188
     175
     174
     164
     155
     161
     159
     142
     172
     166
     155
     147
     188
     184
     142
     160
     159
     183
     151
     157
     145
     169
     144
     150
     149
     184
     149
     162
     159
     192
     152
     158
     153
     153
     172
     159
     148
     145
     134
     167
     149
     175
     165
     144
     139
     162
     147
     151
     163
     158
     168
     154
     171
     155
     159
     148
     176
     142
     143
     154
     138
     153
     158
     158
     166
     139
     160
     152
     152
     146
     151
     158
     157
     156
     132
     144
     150
     149
     142
     160
     166
     168
     145
     149
     158
     135
     150
     146
     139
     173
     133
     181
     147
     159
     141
     147
     160
     150
     154
     140
     126
     169
     151
     165
     158
     147
     136
     173
     156
     142
     167
     144
     170
     169
     143
     155
     147
     165
     180
     156
     159
     162
     159
     137
     157
     159
     144
     143
     175
     133
     182
     163
     132
     136
     154
     138
     160
     154
     154
     136
     143
     145
     141
     159
     152
     135
     156
     125
     142
     151
     138
     127
     149
     139
     141
     166
     128
     160
     155
     133
     139
     141
     123
     137
     138
     151
     138
     132
     153
     143
     128
     138
     151
     131
     134
     120
     156
     134
     142
     160
     152
     146
     115
     133
     119
     129
     137
     131
     117
     126
     117
     122
     105
     123
     139
     117
     138
     128
     116
     113
     112
     128
     109
     119
     131
     140
     113
     122
     128
     128
     110
     112
     125
     120
     151
     125
     123
     124
     113
     126
     112
     116
     118
     115
     111
     134
     103
     144
     108
     123
     109
     125
     114
      98
     109
     131
      99
      96
      99
     108
     122
     111
     108
      94
     107
     110
     112
     111
      99
     109
     123
      96
      94
     117
     107
     112
     103
     113
     104
     107
     102
     114
      92
      92
      92
     114
     106
     114
     122
     104
     118
     108
      94
     105
     114
     118
     102
     108
     113
     110
      96
     100
     104
     135
     104
      90
     114
     123
     102
     103
      80
     102
     101
     110
     103
     106
     104
     113
     103
     100
     107
     107
      98
     104
     114
     103
     112
     108
     108
     112
      88
     108
      95
     103
     100
     105
      86
      92
      92
      98
     115
      97
     116
      86
     102
      90
     107
     107
      93
      95
     110
     107
     100
      92
      84
      95
     107
      99
     108
     110
      88
      84
      94
      83
      98
      79
      85
      94
     100
     100
      89
      83
      89
      77
      96
      68
      80
      94
     111
     100
      78
      85
      97
      90
      97
     101
      85
      92
     104
      91
      83
     104
      86
     100
      99
      95
     106
      91
      98
      94
      91
      92
      78
      92
      88
      82
      84
      79
      92
      80
      86
      91
     108
      98
      97
      94
      93
      94
     110
      95
      94
      81
     100
      98
      91
      84
      97
      87
      93
      85
     100
      96
      82
      98
      87
      79
      72
      99
      85
      97
      88
     112
     104
      99
      90
      79
      87
      93
     109
      89
      80
     108
      83
      90
      86
      69
     104
      87
      96
      88
      93
     103
      85
      77
      92
      98
      88
      92
     120
      84
      90
      99
      92
      99
     101
      98
      94
      86
      82
     100
      95
      95
     106
      83
      92
      92
      72
     100
     100
      98
     124
      88
      85
      83
      90
     102
      94
      94
      92
      84
     108
      84
      78
      75
      81
      88
      78
      92
      76
     100
      81
     109
      73
      85
      88
      97
      79
      75
      88
      88
      78
      90
      88
      76
      66
      78
      83
      98
      83
      61
      99
      74
      77
      73
      68
      85
      90
      60
      76
      79
      71
      79
      79
      88
      80
      82
      83
      80
      68
      69
      80
      80
      74
      57
      52
      58
      63
      53
      55
      65
      58
      59
      57
      55
      76
      75
      59
      65
      73
      55
      60
      55
      65
      54
      54
      68
      74
      66
      61
      54
      65
      64
      68
      64
      47
      48
      55
      58
      59
      58
      61
      58
      68
      68
      62
      71
      63
      64
      68
      63
      57
      52
      72
      48
      72
      68
      55
      67
      47
      52
      61
      62
      57
      40
      44
      56
      69
      57
      51
      56
      64
      55
      53
      40
      59
      54
      56
      47
      48
      48
      53
      50
      54
      56
      58
      63
      56
      57
      44
      56
      53
      50
      60
      52
      48
      61
      57
      59
      38
      56
      41
      48
      52
      61
      46
      54
      44
      59
      49
      43
      55
      54
      60
      61
      54
      50
      53
      46
      63
      48
      50
      51
      54
      43
      42
      44
      55
      56
      55
      64
      47
      53
      52
      50
      52
      52
      55
      59
      45
      32
      47
      45
      47
      38
      49
      47
      57
      58
      39
      51
      55
      59
      43
      46
      51
      43
      60
      47
      51
      57
      42
      52
      55
      61
      57
      41
      53
      53
      43
      45
      34
      59
      46
      66
      47
      57
      58
      48
      53
      48
      56
      50
      49
      47
      53
      47
      58
      53
      58
      29
      54
      56
      31
      45
      47
      47
      48
      43
      51
      59
      47
      40
      36
      51
      53
      48
      55
      59
      47
      56
      44
      65
      61
      44
      58
      48
      42
      49
      53
      44
      53
      61
      49
      48
      50
      46
      55
      55
      56
      57
      51
      42
      60
      53
      57
      58
      53
      58
      58
      46
      59
      43
      50
      46
      49
      48
      67
      56
      47
      60
      53
      52
      59
      56
      51
      53
      54
      49
      55
      49
      55
      52
      51
      62
      56
      56
      49
      51
      57
      60
      51
      58
      70
      66
      53
      47
      47
      46
      49
      78
      36
      59
      59
      68
      50
      57
      56
      60
      62
      67
      49
      54
      57
      71
      67
      45
      66
      63
      58
      65
      56
      62
      57
      57
      63
      63
      72
      66
      55
      56
      54
      65
      71
      65
      75
      60
      69
      60
      62
      71
      73
      72
      65
      63
      62
      77
      54
      59
      54
      65
      62
      68
      60
      67
      64
      63
      69
      74
      60
      59
      65
      65
      63
      54
      65
      68
      65
      70
      75
      67
      72
      54
      64
      66
      49
      69
      71
      68
      52
      57
      56
      61
      58
      63
      57
      48
      57
      68
      52
      52
      61
      67
      60
      60
      63
      59
      55
      67
      73
      69
      55
      68
      63
      56
      55
      53
      67
      43
      52
      57
      49
      49
      41
      59
      49
      50
      58
      56
      44
      54
      66
      62
      53
      41
      42
      46
      58
      44
      55
      49
      53
      48
      50
      46
      58
      37
      54
      38
      44
      52
      60
      48
      49
      43
      54
      47
      58
      45
      34
      47
      46
      45
      49
      36
      48
      42
      51
      48
      42
      33
      49
      30
      45
      44
      53
      40
      37
      43
      43
      53
      40
      38
      38
      44
      56
      36
      34
      47
      37
      44
      39
      42
      54
      43
      42
      40
      40
      39
      31
      44
      42
      39
      36
      41
      50
      43
      36
      41
      48
      40
      38
      41
      39
      47
      33
      36
      37
      43
      40
      47
      43
      40
      34
      36
      37
      50
      47
      38
      46
      38
      37
      36
      48
      48
      38
      31
      42
      49
      43
      31
      41
      47
      37
      44
      42
      38
      44
      49
      39
      54
      42
      58
      43
      46
      33
      27
      31
      37
      48
      40
      33
      37
      55
      40
      35
      41
      45
      43
      40
      50
      41
      41
      40
      38
      40
      45
      35
      42
      37
      42
      41
      29
      41
      38
      45
      31
      48
      27
      53
      37
      37
      37
      33
      41
      51
      33
      46
      52
      31
      44
      41
      42
      46
      34
      54
      43
      45
      47
      57
      42
      45
      40
      38
      40
      34
      47
      58
      46
      58
      38
      52
      56
      42
      31
      40
      39
      45
      35
      34
      49
      57
      50
      33
      37
      36
      37
      42
      46
      43
      42
      42
      36
      40
      40
      31
      31
      37
      42
      50
      34
      43
      47
      48
      45
      47
      37
      49
      46
      44
      56
      29
      38
      39
      42
      49
      36
      30
      50
      45
      65
      38
      31
      31
      43
      44
      38
      32
      33
      48
      38
      56
      38
      44
      44
      31
      38
      30
      50
      41
      43
      41
      59
      54
      37
      41
      56
      43
      48
      40
      37
      43
      45
      45
      34
      37
      36
      43
      38
      40
      35
      28
      51
      33
      43
      50
      47
      33
      40
      37
      43
      35
      41
      43
      43
      34
      35
      47
      37
      36
      38
      54
      38
      34
      40
      37
      48
      58
      40
      44
      49
      48
      42
      50
      33
      46
      47
      53
      43
      47
      34
      35
      52
      40
      43
      48
      40
      46
      40
      42
      42
      60
      52
      34
      52
      37
      41
      49
      48
      47
      46
      49
      39
      57
      47
      52
      40
      32
      42
      38
      46
      46
      48
      43
      48
      47
      59
      49
      40
      42
      47
      41
      40
      49
      31
      40
      47
      35
      39
      25
      37
      52
      48
      39
      45
      41
      41
      52
      36
      37
      45
      40
      33
      33
      42
      42
      43
      46
      43
      30
      49
      37
      46
      47
      42
      36
      41
      49
      44
      38
      48
      35
      46
      37
      44
      55
      44
      37
      46
      36
      39
      32
      45
      38
      41
      45
      39
      47
      43
      38
      26
      38
      39
      46
      47
      43
      28
      38
      51
      32
      40
      40
      33
      36
      34
      46
      36
      35
      41
      44
      30
      34
      31
      36
      31
      31
      47
      45
      35
      46
      45
      49
      39
      41
      36
      35
      32
      35
      36
      29
      51
      30
      48
      43
      40
      42
      51
      35
      50
      33
      42
      32
      44
      35
      38
      49
      41
      36
      33
      49
      41
      39
      30
      46
      34
      40
      41
      36
      43
      35
      26
      28
      37
      40
      44
      35
      33
      36
      47
      39
      35
      37
      40
      47
      42
      31
      37
      32
      38
      47
      26
      35
      40
      50
      43
      46
      38
      46
      41
      36
      54
      54
      48
      30
      30
      38
      39
      37
      40
      47
      44
      40
      35
      47
      37
      34
      30
      41
      38
      42
      35
      46
      42
      35
      32
      43
      38
      49
      54
      39
      41
      36
      27
      32
      43
      38
      42
      41
      41
      46
      37
      33
      50
      34
      36
      43
      39
      46
      37
      51
      43
      31
      46
      45
      27
      41
      41
      41
      34
      39
      40
      37
      42
      31
      39
      51
      34
      36
      37
      39
      43
      47
      32
      30
      45
      34
      41
      61
      32
      40
      34
      41
      29
      37
      52
      39
      40
      33
      37
      38
      44
      30
      33
      40
      29
      31
      26
      37
      47
      42
      38
      50
      48
      51
      40
      57
      38
      40
      43
      37
      31
      37
      42
      36
      47
      34
      38
      43
      41
      47
      48
      40
      42
      30
      31
      36
      25
      56
      37
      44
      40
      38
      46
      46
      49
      35
      49
      31
      39
      46
      40
      37
      40
      44
      39
      39
      46
      46
      42
      41
      41
      53
      34
      39
      38
      40
      36
      28
      33
      27
      36
      44
      36
      44
      38
      39
      57
      45
      59
      48
      42
      27
      44
      42
      41
      44
      32
      47
      32
      40
      35
      43
      45
      47
      46
      50
      46
      48
      32
      42
      49
      47
      40
      37
      55
      44
      46
      46
      48
      53
      50
      60
      53
      46
      41
      27
      43
      58
      40
      33
      51
      48
      42
      33
      43
      35
      47
      38
      41
      39
      49
      38
      43
      35
      38
      39
      30
      36
      35
      45
      40
      45
      50
      42
      45
      57
      56
      50
      39
      49
      44
      40
      36
      38
      42
      44
      50
      52
      40
      36
      39
      45
      40
      42
      32
      41
      38
      44
      59
      39
      35
      44
      43
      36
      52
      45
      35
      33
      43
      44
      44
      47
      44
      39
      42
      42
      31
      41
      37
      48
      45
      51
      48
      56
      37
      38
      48
      42
      42
      42
      50
      46
      52
      49
      36
      48
      40
      36
      50
      37
      37
      59
      41
      52
      37
      53
      49
      43
      41
      49
      45
      36
      43
      37
      47
      35
      47
      42
      47
      36
      46
      42
      41
      43
      47
      44
      42
      44
      40
      41
      49
      61
      36
      43
      38
      37
      43
      36
      55
      43
      48
      31
      47
      47
      51
      44
      46
      47
      38
      43
      46
      47
      53
      31
      48
      52
      52
      53
      56
      37
      44
      42
      45
      59
      48
      49
      53
      32
      43
      48
      59
      39
      52
      51
      51
      41
      52
      49
      40
      37
      46
      48
      56
      38
      50
      42
      37
      37
      51
      34
      42
      36
      41
      44
      58
      39
      52
      60
      61
      52
      36
      47
      39
      44
      46
      44
      42
      49
      45
      41
      50
      57
      45
      39
      56
      38
      44
      48
      39
      40
      43
      51
      37
      39
      59
      55
      51
      54
      42
      50
      49
      47
      37
      38
      54
      45
      41
      38
      43
      41
      39
      47
      43
      63
      39
      50
      42
      43
      39
      35
      30
      40
      43
      45
      44
      49
      38
      43
      47
      49
      39
      49
      38
      39
      46
      44
      36
      51
      38
      36
      49
      49
      43
      29
      34
      41
      42
      44
      47
      44
      53
      56
      34
      34
      47
      49
      54
      40
      36
      43
      44
      36
      32
      39
      37
      50
      36
      43
      50
      43
      44
      58
      33
      44
      47
      39
      36
      40
      45
      48
      48
      41
      45
      44
      42
      33
      49
      40
      54
      41
      49
      39
      30
      44
      44
      39
      43
      39
      39
      41
      36
      30
      30
      36
      39
      28
      35
      43
      41
      29
      35
      32
      37
      42
      36
      47
      42
      29
      28
      32
      40
      42
      28
      41
      29
      41
      42
      36
      31
      24
      30
      52
      35
      27
      29
      29
      42
      34
      38
      31
      26
      35
      32
      41
      34
      37
      37
      41
      32
      31
      36
      42
      39
      30
      37
      39
      32
      34
      24
      33
      30
      31
      41
      29
      23
      39
      22
      29
      38
      33
      33
      33
      33
      45
      37
      35
      35
      27
      26
      36
      31
      35
      27
      50
      35
      29
      29
      32
      36
      35
      32
      33
      34
      38
      35
      33
      35
      23
      34
      35
      21
      31
      25
      38
      29
      32
      44
      35
      37
      22
      30
      32
      21
      34
      24
      41
      32
      37
      37
      21
      32
      50
      36
      38
      24
      21
      36
      26
      34
      39
      25
      29
      31
      41
      32
      31
      26
      31
      21
      34
      27
      23
      24
      30
      28
      30
      33
      23
      36
      26
      24
      23
      38
      33
      31
      25
      26
      32
      35
      23
      23
      33
      20
      30
      33
      37
      29
      26
      28
      30
      23
      28
      24
      30
      28
      31
      24
      26
      31
      21
      34
      26
      30
      32
      27
      35
      34
      24
      36
      28
      34
      22
      33
      28
      22
      39
      23
      24
      18
      29
      24
      28
      33
      31
      25
      29
      21
      32
      28
      29
      27
      31
      31
      35
      32
      32
      31
      15
      17
      30
      30
      27
      36
      26
      30
      24
      18
      31
      26
      24
      32
      36
      18
      22
      35
      32
      38
      26
      24
      33
      25
      30
      27
      27
      25
      22
      20
      42
      25
      27
      24
      25
      28
      20
      20
      26
      21
      21
      28
      36
      37
      24
      22
      32
      18
      31
      30
      28
      25
      23
      27
      23
      21
      26
      31
      25
      36
      18
      37
      25
      24
      28
      24
      35
      29
      26
      30
      33
      24
      31
      35
      27
      28
      38
      26
      22
      26
      30
      30
      30
      24
      26
      33
      27
      17
      26
      25
      25
      29
      27
      29
      27
      30
      27
      26
      31
      37
      32
      30
      23
      35
      29
      25
      22
      38
      26
      27
      25
      30
      27
      25
      35
      36
      30
      26
      30
      31
      24
      19
      27
      29
      33
      27
      22
      25
      28
      26
      27
      30
      22
      26
      33
      28
      36
      34
      29
      38
      30
      32
      30
      25
      38
      28
      22
      25
      27
      24
      27
      29
      28
      35
      30
      31
      33
      33
      37
      27
      45
      29
      29
      30
      37
      36
      32
      21
      25
      27
      30
      24
      36
      34
      37
      32
      32
      32
      36
      43
      43
      36
      38
      37
      44
      34
      38
      38
      46
      41
      39
      51
      53
      39
      40
      36
      42
      32
      35
      43
      39
      34
      57
      59
      37
      46
      46
      36
      38
      50
      38
      47
      43
      50
      33
      48
      47
      46
      50
      53
      51
      55
      49
      65
      61
      46
      51
      54
      63
      38
      56
      45
      59
      63
      61
      63
      48
      63
      55
      58
      51
      47
      62
      71
      53
      46
      59
      53
      58
      55
      67
      59
      54
      66
      65
      60
      68
      70
      66
      62
      71
      70
      69
      66
      58
      80
      74
      71
      63
      76
      56
      66
      65
      87
      68
      89
      71
      75
      81
      74
      77
      70
      68
      67
      66
      82
      67
      76
      84
      85
      90
      81
      80
      74
      96
      87
      73
      77
      73
      95
      86
      68
      94
      82
      83
      94
      94
      87
      90
      81
      74
      80
      89
      72
      94
      86
      88
      77
      89
     102
      79
      83
      87
      81
      77
      86
      86
      65
      81
     104
      77
      79
      71
      87
      78
      70
     102
      77
      81
      95
      80
      91
      76
      72
      85
      60
      79
      91
      77
      73
      74
      81
      80
      87
      87
      93
      85
      87
      82
      95
      74
      79
      70
      82
      79
      70
      65
      63
      66
      82
      69
      90
      69
      77
      69
      63
      63
      46
      68
      67
      82
      61
      76
      64
      70
      80
      81
      62
      84
      78
      54
      56
      70
      56
      78
      70
      59
      46
      64
      67
      66
      68
      53
      59
      62
      57
      56
      41
      62
      62
      52
      55
      58
      55
      51
      57
      60
      46
      55
      47
      48
      48
      37
      47
      62
      58
      48
      55
      43
      39
      35
      47
      47
      40
      46
      40
      46
      39
      25
      40
      23
      33
      35
      43
      43
      42
      40
      47
      31
      38
      30
      38
      42
      37
      30
      36
      33
      29
      37
      37
      28
      28
      30
      27
      34
      22
      38
      27
      33
      31
      20
      28
      21
      23
      21
      28
      33
      32
      23
      33
      19
      24
      27
      25
      25
      19
      26
      22
      28
      22
      25
      23
      25
      18
      24
      20
      25
      19
      19
      32
      10
      27
      17
      24
      23
      22
      25
      21
      15
      17
      19
      19
      27
      20
      17
      19
      26
      17
      21
      20
      22
      20
      25
      25
      31
      20
      15
      25
      23
      21
      10
      14
      18
      16
      20
      22
      18
      32
      14
      18
      24
      21
      11
      23
      20
      17
      20
      14
      24
      13
      17
      23
       9
      11
      20
      17
      23
      28
      23
      21
      24
      22
      17
      21
      20
      24
      30
      26
      24
      25
      29
      23
      23
      22
      27
      31
      22
      30
      27
      32
      20
      36
      29
      29
      23
      31
      24
      23
      29
      23
      30
      33
      34
      22
      36
      38
      43
      26
      30
      29
      36
      30
      37
      39
      40
      38
      27
      35
      45
      30
      31
      40
      30
      39
      45
      36
      37
      50
      49
      36
      43
      41
      40
      34
      46
      45
      44
      37
      37
      47
      48
      46
      35
      39
      47
      36
      63
      42
      45
      50
      62
      52
      47
      43
      42
      44
      56
      45
      56
      55
      47
      54
      48
      46
      43
      50
      50
      42
      51
      59
      43
      49
      50
      55
      53
      46
      61
      65
      58
      59
      61
      51
      56
      60
      54
      55
      62
      41
      67
      55
      60
      60
      58
      60
      60
      62
      60
      56
      64
      61
      55
      59
      67
      47
      57
      65
      63
      66
      54
      55
      66
      71
      72
      70
      54
      53
      74
      75
      58
      55
      52
      62
      60
      61
      59
      67
      62
      52
      63
      69
      76
      56
      69
      45
      59
      71
      60
      66
      84
      59
      76
      66
      54
      65
      73
      71
      71
      67
      63
      73
      64
      70
      67
      71
      67
      68
      46
      50
      66
      57
      64
      56
      77
      61
      57
      51
      59
      68
      55
      68
      52
      54
      58
      54
      49
      64
      60
      55
      64
      56
      53
      42
      43
      57
      52
      55
      49
      49
      38
      52
      57
      55
      59
      58
      60
      59
      54
      50
      51
      41
      59
      50
      36
      50
      44
      52
      46
      48
      43
      52
      47
      53
      42
      51
      34
      50
      33
      36
      36
      51
      48
      39
      38
      34
      38
      37
      31
      34
      45
      55
      42
      37
      36
      37
      40
      40
      35
      34
      32
      26
      38
      31
      21
      24
      30
      27
      27
      23
      23
      19
      37
      24
      31
      29
      30
      21
      26
      18
      23
      21
      23
      24
      32
      22
      18
      27
      24
      17
      20
      21
      17
      21
      30
      15
      20
      12
      12
      20
      19
      22
      20
      20
      18
      12
      15
      20
      13
      25
      21
      12
      14
      12
       7
      11
      13
      14
      13
      14
      16
      24
      16
       9
      14
      20
      15
      11
      12
      17
       7
      12
      16
       8
       6
      13
      15
      10
      11
      10
       8
       6
      14
       8
      13
      13
       8
       9
      14
      13
       7
      16
       5
      15
      11
       4
       9
      13
      10
      11
       9
      14
       5
       7
       7
      10
       7
       9
      12
       9
       7
       7
      13
       8
       6
      11
      10
       9
       4
       4
       8
       8
       4
       3
       8
       3
       4
       6
      11
       6
       7
       9
       6
       4
       9
       1
       4
      13
       5
       5
      10
      11
       7
       7
       4
       3
       7
      11
       4
      12
       2
       7
       7
       6
       3
       6
       7
       7
       9
       4
       4
       5
       4
       3
       3
       6
       9
       5
       6
       2
       7
       4
       8
       7
       9
       4
      10
      11
       3
       6
       5
       6
       5
       4
       7
      10
       6
       7
       9
       3
       7
      10
      12
       8
       4
       5
       4
       2
       4
       4
       9
       5
       5
       5
       7
       5
       7
       5
       2
       3
       4
       5
       4
       5
       3
       2
       4
       3
       3
       7
       8
       2
       4
       3
       5
       2
       4
      10
       3
       3
       4
       2
       5
       4
       3
       5
       6
       4
       4
       2
       6
       6
       3
       7
       3
       4
       8
       7
       6
       4
       3
       3
       1
       6
       6
       0
       8
       1
       3
       2
       2
       3
       7
       8
       4
       3
       5
       3
       2
       1
       5
       4
       3
       3
       7
       4
       2
       3
       4
       2
       4
       3
       2
       3
       3
       8
       4
       2
       7
       5
       7
       1
       2
       2
       6
       2
       5
       4
       4
       2
       5
       3
       3
       1
       4
       3
       2
       5
       2
       1
       5
       1
       2
       7
       1
       0
       5
       2
       2
       2
       1
       1
       5
       5
       1
       3
       3
       3
       4
       4
       3
       2
       3
       3
       1
       1
       3
       1
       1
       3
       2
       3
       0
       2
       6
       3
       3
       2
       3
       3
       2
       0
       4
       1
       1
       1
       0
       5
       2
       2
       2
       0
       1
       3
       3
       2
       5
       3
       6
       1
       2
       2
       1
       3
       3
       0
       2
       1
       2
       2
       1
       2
       1
       2
       5
       0
       3
       2
       2
       2
       4
       0
       2
       1
       1
       1
       2
       3
       0
       1
       4
       3
       5
       0
       0
       2
       2
       3
       0
       2
       2
       1
       1
       1
       1
       1
       2
       1
       2
       0
       4
       0
       1
       0
       1
       0
       2
       4
       2
       2
       1
       3
       1
       0
       1
       0
       3
       3
       0
       0
       0
       1
       4
       1
       0
       1
       1
       2
       2
       3
       0
       1
       2
       0
       5
       2
       0
       1
       3
       0
       2
       0
       0
       1
       1
       0
       2
       1
       1
       2
       0
       2
       3
       0
       0
       0
       1
       2
       1
       6
       2
       0
       0
       1
       2
       0
       1
       1
       0
       3
       0
       0
       1
       1
       3
       1
       2
       0
       1
       1
       0
       1
       0
       0
       1
       0
       1
       1
       1
       2
       0
       2
       0
       1
       1
       2
       2
       2
       2
       1
       2
       1
       1
       1
       1
       1
       0
       0
       0
       0
       0
       0
       0
       0
       0
       0
       0
       0
       0
       0
       0
       0
       0
       0
       0
       0
       0
       0
       0
       0
       0
       0
       0
       0
       0
       0
       0
       0
       0
       0
       0
       0
       0
       0
       0
       0
       0
       0
       0
       0
       0
       0
       0
       0
       0
       0
       0
       0
       0
       0
       0
       0
       0
       0
       0
       0
       0
       0
       0
       0
       0
       0
       0
       0
       0
       0
       0
       0
       0
       0
       0
       0
       0
       0
       0
       0
       0
$ROI:
1
1130 1589
$PRESETS:
None
0
0
$ENER_FIT:
-29.955576 0.465136
$MCA_CAL:
3
-2.995558E+001 4.651361E-001 0.000000E+000 keV
$SHAPE_CAL:
3
3.442912E+002 -7.701260E-002 0.000000E+000
