$SPEC_ID:
No sample description was entered.
$SPEC_REM:
DET# 2
DETDESC# PHY-0040-AA Easy-MCA-8k SN 21098639
AP# Maestro Version 7.01
$DATE_MEA:
03/10/2025 09:47:35
$MEAS_TIM:
1036 1042
$DATA:
0 4095
       0
       0
       0
       0
       0
       0
       0
       0
       0
       0
       0
       0
       0
       0
       0
       0
       0
       0
       0
       0
       0
       0
       0
       0
       0
       0
       0
       0
       0
       0
      93
     159
     151
     126
     132
     133
     136
     147
     145
     132
     137
     131
     142
     153
     133
     124
     159
     130
     152
     145
     172
     132
     145
     145
     164
     147
     154
     138
     135
     140
     173
     174
     175
     177
     161
     188
     198
     183
     184
     199
     207
     215
     238
     252
     276
     274
     336
     312
     368
     374
     439
     457
     496
     531
     541
     629
     652
     675
     687
     744
     778
     728
     824
     809
     847
     827
     807
     761
     722
     736
     696
     671
     644
     578
     571
     533
     504
     435
     427
     428
     374
     344
     358
     306
     282
     296
     257
     242
     245
     231
     226
     244
     214
     228
     199
     200
     206
     201
     218
     194
     212
     212
     195
     223
     190
     214
     222
     218
     193
     228
     200
     204
     194
     228
     225
     229
     195
     228
     237
     214
     217
     230
     256
     226
     261
     256
     253
     232
     275
     251
     269
     242
     276
     242
     254
     288
     251
     244
     296
     249
     239
     286
     259
     282
     289
     291
     281
     298
     316
     325
     278
     260
     286
     271
     310
     308
     323
     310
     298
     288
     332
     323
     281
     305
     333
     349
     355
     288
     353
     324
     351
     341
     400
     363
     308
     362
     342
     339
     385
     367
     391
     372
     376
     394
     398
     428
     439
     371
     412
     431
     430
     401
     435
     412
     489
     446
     468
     470
     431
     484
     461
     467
     471
     516
     491
     506
     488
     501
     500
     509
     518
     572
     513
     543
     498
     533
     540
     577
     545
     546
     538
     496
     533
     466
     514
     504
     501
     508
     554
     504
     464
     493
     495
     495
     490
     456
     444
     508
     474
     466
     443
     499
     459
     442
     454
     461
     463
     461
     427
     460
     447
     471
     414
     440
     452
     432
     428
     435
     435
     426
     431
     444
     412
     449
     431
     467
     444
     429
     438
     448
     449
     457
     478
     426
     480
     481
     530
     499
     513
     495
     529
     549
     577
     610
     576
     650
     647
     639
     717
     750
     740
     785
     839
     791
     879
     894
    1005
     964
     988
    1093
    1111
    1198
    1179
    1266
    1291
    1290
    1311
    1397
    1455
    1418
    1433
    1417
    1506
    1509
    1515
    1468
    1494
    1473
    1455
    1484
    1484
    1515
    1458
    1419
    1405
    1350
    1380
    1328
    1304
    1204
    1215
    1139
    1129
    1100
    1054
    1021
     974
     920
     963
     859
     865
     842
     798
     761
     728
     705
     729
     701
     682
     628
     628
     612
     597
     528
     549
     524
     551
     551
     512
     487
     486
     470
     496
     501
     497
     418
     410
     452
     413
     433
     403
     399
     416
     418
     363
     381
     356
     391
     387
     350
     353
     377
     345
     374
     377
     359
     327
     312
     313
     332
     331
     313
     314
     313
     311
     307
     312
     314
     345
     301
     295
     293
     304
     332
     297
     289
     281
     304
     280
     307
     286
     310
     280
     305
     317
     285
     302
     262
     309
     308
     294
     268
     300
     302
     307
     293
     312
     296
     303
     275
     302
     311
     306
     307
     319
     268
     320
     315
     275
     275
     279
     303
     307
     296
     289
     284
     309
     295
     318
     296
     299
     297
     265
     298
     287
     268
     314
     309
     274
     292
     283
     274
     273
     307
     285
     314
     294
     315
     285
     277
     264
     298
     279
     239
     303
     278
     324
     279
     279
     268
     337
     302
     299
     276
     288
     291
     289
     289
     282
     280
     301
     288
     249
     309
     270
     280
     269
     292
     314
     281
     290
     296
     282
     290
     267
     254
     297
     267
     271
     266
     259
     302
     260
     285
     285
     293
     281
     287
     286
     265
     296
     276
     281
     263
     273
     291
     273
     307
     293
     283
     289
     289
     299
     274
     258
     297
     241
     295
     236
     253
     299
     263
     262
     262
     226
     242
     270
     254
     266
     273
     233
     264
     295
     231
     267
     283
     252
     242
     253
     284
     256
     266
     249
     253
     238
     251
     261
     253
     258
     275
     258
     270
     270
     258
     253
     275
     265
     241
     242
     268
     274
     246
     278
     248
     268
     254
     255
     225
     233
     265
     271
     248
     250
     230
     252
     236
     243
     240
     228
     231
     228
     247
     242
     225
     228
     248
     233
     240
     222
     245
     253
     224
     238
     240
     210
     220
     217
     275
     216
     220
     218
     198
     213
     215
     219
     262
     226
     224
     209
     242
     213
     215
     229
     208
     206
     212
     217
     241
     220
     207
     230
     229
     212
     235
     194
     214
     191
     200
     215
     208
     209
     210
     220
     240
     221
     203
     233
     225
     220
     192
     225
     189
     189
     175
     189
     187
     199
     212
     209
     200
     192
     187
     193
     202
     189
     218
     184
     197
     209
     194
     198
     190
     199
     167
     187
     169
     189
     192
     190
     182
     218
     186
     182
     178
     178
     190
     206
     199
     190
     219
     185
     204
     193
     206
     188
     195
     177
     185
     195
     187
     200
     182
     193
     193
     218
     175
     167
     213
     184
     179
     177
     208
     169
     177
     147
     200
     191
     193
     199
     165
     160
     182
     157
     192
     181
     184
     190
     187
     162
     168
     195
     157
     195
     164
     172
     197
     197
     196
     174
     176
     171
     180
     189
     152
     171
     195
     164
     162
     169
     175
     202
     185
     173
     170
     174
     163
     193
     172
     163
     177
     165
     192
     189
     185
     178
     177
     160
     181
     170
     192
     165
     161
     161
     175
     158
     150
     161
     167
     161
     159
     160
     160
     156
     147
     167
     176
     142
     167
     153
     143
     143
     172
     148
     146
     141
     157
     166
     162
     164
     157
     164
     154
     150
     163
     145
     178
     144
     156
     176
     169
     136
     154
     190
     153
     155
     161
     151
     179
     143
     163
     147
     156
     161
     158
     147
     153
     148
     178
     146
     149
     162
     158
     147
     172
     160
     166
     159
     172
     139
     158
     170
     157
     154
     149
     159
     161
     168
     162
     170
     162
     166
     192
     158
     150
     173
     157
     165
     138
     169
     144
     151
     168
     149
     167
     170
     154
     164
     150
     152
     156
     162
     188
     180
     149
     192
     144
     169
     144
     150
     163
     150
     169
     145
     161
     176
     147
     162
     159
     175
     138
     158
     140
     183
     197
     167
     155
     152
     146
     151
     168
     158
     185
     175
     168
     148
     148
     148
     147
     161
     148
     158
     153
     134
     154
     151
     128
     145
     146
     159
     176
     145
     168
     157
     145
     145
     135
     136
     120
     148
     139
     145
     131
     178
     136
     166
     130
     126
     143
     122
     128
     125
     154
     152
     141
     142
     134
     143
     150
     123
     123
     124
     115
     143
     146
     131
      98
     144
     139
     118
     115
     122
     117
     141
     129
     118
     126
     130
     134
     128
     144
     128
     148
     151
     121
     109
     114
     107
     132
     126
     107
     117
     107
     114
     121
     126
     105
     113
     114
     126
     123
     119
     110
     103
     116
     120
     109
     102
     126
     123
     117
     107
     123
     109
     128
      97
     114
     120
     112
     116
     115
     117
     118
     116
     125
     115
     129
     107
     117
     127
     105
     123
     106
     115
     104
     104
     100
      97
     109
     114
     121
     110
      97
     130
     111
     117
     114
     127
     107
     122
     111
     114
     125
     125
     112
     118
     108
     105
      84
     107
     109
     112
     103
     107
     108
     116
     118
     108
     102
     106
     116
     115
     108
     107
     110
     108
     121
     120
     113
     115
     102
     118
     120
     109
     104
      91
     115
     108
     107
     115
     114
     105
     119
      94
     133
     109
     114
     102
     115
     119
     108
     106
     103
     101
     101
     107
     111
      96
     107
     117
     102
      95
     123
      85
     105
     119
      95
     103
     105
     113
     112
     103
     116
      94
     102
     118
     102
     107
     108
     109
      83
      93
     137
      98
     102
     108
     103
     108
     116
     112
      94
     110
      94
      96
     106
     117
     104
     113
     103
     104
      88
     101
     106
     114
      93
     104
      99
      99
      90
     113
      94
     104
     102
      97
      92
      95
      99
     103
      88
      92
     118
     115
     105
     104
     104
     108
      95
      81
      91
     107
      93
      86
      94
     103
      98
     102
      83
      84
      90
      93
     108
     100
      90
     105
      85
      83
      88
      93
      79
      87
      86
     102
      85
      94
     102
      91
     101
      97
      85
     100
      88
      92
      77
      87
      99
      93
      82
      76
     103
      66
      95
      99
      82
     106
      94
      95
      89
      86
      96
      97
      98
     101
      92
      91
     103
     105
      99
      95
      93
      85
     111
      95
      91
     102
      95
      97
      86
      93
     110
      94
      99
      86
      95
      92
      83
     100
      88
      98
      98
      97
      80
     102
      88
     106
      90
      84
     114
      79
      80
      94
      88
      97
      76
      95
      87
     103
     104
      99
      80
      82
      80
     100
      88
     101
     106
      80
      86
     102
      87
      87
      84
      91
      75
      80
      84
      74
     106
     113
      87
      85
      88
      99
      72
      81
      89
      99
     102
      80
      87
      80
      66
      83
      80
      81
      83
      84
      87
      68
      83
      87
      76
      79
      89
      93
      83
      84
      82
      73
      78
      73
      90
      80
      81
      86
      86
      77
      77
      54
      73
      75
      98
      70
      75
      67
      52
      72
      68
      75
      64
      77
      69
      60
      70
      75
      55
      55
      83
      56
      64
      67
      59
      70
      64
      73
      62
      66
      59
      70
      69
      65
      68
      57
      72
      86
      61
      64
      50
      70
      75
      77
      60
      64
      68
      64
      55
      54
      57
      61
      77
      61
      67
      49
      65
      68
      54
      64
      56
      45
      66
      69
      55
      67
      70
      52
      64
      56
      49
      80
      61
      69
      56
      59
      44
      74
      61
      53
      44
      57
      61
      87
      75
      57
      66
      64
      56
      57
      61
      65
      70
      63
      55
      72
      72
      49
      51
      63
      60
      58
      62
      67
      37
      63
      68
      54
      54
      55
      58
      50
      43
      59
      54
      54
      68
      66
      57
      68
      52
      59
      58
      60
      68
      62
      60
      55
      59
      45
      54
      58
      68
      62
      63
      50
      66
      59
      65
      75
      52
      55
      64
      62
      51
      49
      61
      62
      58
      60
      65
      63
      60
      61
      74
      61
      62
      81
      68
      71
      58
      61
      68
      65
      59
      62
      69
      68
      71
      76
      58
      63
      75
      60
      55
      69
      53
      63
      68
      76
      59
      82
      79
      76
      74
      63
      63
      78
      61
      62
      73
      78
      75
      72
      80
      72
      88
      76
      82
      86
      75
      80
      75
      85
      89
      85
      90
      93
      85
      98
     100
      81
      81
     108
     122
     103
     106
      95
      83
      98
      92
     116
     115
     118
     115
     112
     107
     114
     137
     124
     114
     144
     120
     150
     124
     122
     133
     148
     133
     140
     133
     143
     154
     153
     167
     176
     149
     160
     179
     146
     155
     187
     179
     159
     151
     189
     185
     170
     194
     223
     195
     213
     217
     189
     207
     193
     206
     212
     243
     215
     202
     241
     250
     244
     248
     239
     251
     255
     254
     256
     255
     258
     279
     229
     246
     255
     261
     265
     278
     277
     287
     285
     269
     286
     268
     319
     299
     297
     287
     328
     323
     321
     282
     294
     299
     302
     322
     302
     310
     316
     291
     332
     335
     313
     313
     346
     316
     310
     310
     296
     298
     324
     324
     323
     299
     345
     323
     324
     336
     328
     312
     328
     317
     338
     311
     314
     338
     306
     323
     315
     319
     284
     319
     318
     314
     287
     295
     353
     331
     330
     282
     288
     278
     277
     297
     280
     244
     298
     265
     263
     265
     277
     233
     254
     281
     232
     226
     222
     235
     219
     202
     232
     254
     214
     232
     224
     221
     227
     225
     205
     228
     225
     216
     175
     194
     190
     201
     183
     196
     191
     179
     204
     181
     177
     202
     181
     145
     167
     185
     155
     146
     155
     139
     136
     161
     141
     144
     130
     131
     133
     120
     131
     103
     123
     138
     127
     117
     109
     129
     113
      97
     118
     121
     115
      92
     108
     114
      87
      78
     112
      90
      97
      81
      97
      83
      98
      83
      80
      82
      82
      75
      82
      88
      88
      77
      72
      84
      81
      91
      56
      52
      81
      81
      75
      69
      68
      69
      53
      65
      72
      59
      48
      66
      72
      58
      62
      59
      70
      53
      60
      75
      50
      56
      58
      54
      65
      62
      60
      58
      57
      61
      73
      60
      75
      61
      53
      56
      59
      54
      51
      62
      53
      46
      42
      56
      62
      57
      61
      65
      50
      57
      56
      60
      56
      75
      59
      62
      50
      58
      49
      51
      68
      61
      69
      72
      60
      47
      45
      36
      65
      62
      50
      59
      63
      54
      55
      55
      51
      46
      47
      50
      55
      54
      53
      56
      59
      63
      56
      54
      42
      42
      43
      45
      52
      59
      44
      44
      50
      45
      45
      50
      45
      47
      42
      47
      64
      43
      48
      62
      62
      49
      56
      57
      61
      40
      47
      50
      38
      61
      65
      53
      55
      39
      54
      54
      33
      49
      47
      51
      42
      57
      61
      60
      49
      45
      45
      48
      44
      41
      50
      57
      49
      57
      58
      37
      50
      56
      48
      46
      47
      58
      56
      53
      57
      57
      50
      50
      53
      57
      51
      50
      44
      53
      44
      62
      63
      46
      46
      54
      48
      48
      57
      52
      41
      57
      60
      57
      64
      44
      56
      50
      57
      56
      45
      56
      49
      56
      62
      45
      48
      58
      56
      44
      48
      48
      62
      55
      71
      55
      64
      49
      55
      45
      74
      59
      60
      46
      48
      46
      52
      56
      60
      44
      53
      61
      60
      53
      56
      49
      47
      55
      55
      47
      67
      63
      67
      62
      68
      56
      48
      47
      46
      52
      62
      55
      52
      59
      53
      60
      52
      62
      59
      53
      64
      52
      57
      55
      54
      49
      48
      47
      54
      65
      74
      54
      62
      61
      51
      65
      50
      56
      54
      53
      52
      52
      40
      48
      59
      53
      58
      57
      56
      57
      58
      70
      55
      56
      60
      49
      49
      60
      71
      54
      54
      62
      51
      53
      58
      46
      63
      60
      43
      53
      63
      59
      69
      48
      49
      74
      56
      67
      53
      58
      60
      57
      54
      63
      56
      63
      65
      49
      60
      75
      55
      59
      47
      52
      67
      61
      62
      49
      50
      66
      55
      43
      64
      56
      73
      54
      51
      65
      70
      57
      58
      57
      58
      54
      52
      66
      54
      50
      46
      66
      56
      63
      60
      67
      45
      71
      61
      62
      54
      50
      56
      57
      57
      50
      45
      58
      58
      64
      62
      63
      49
      60
      53
      61
      45
      59
      58
      62
      62
      49
      51
      59
      55
      41
      58
      57
      71
      60
      38
      65
      40
      57
      59
      51
      63
      55
      63
      72
      54
      66
      44
      60
      67
      67
      51
      58
      38
      71
      64
      55
      50
      60
      66
      71
      55
      54
      51
      64
      50
      52
      54
      48
      45
      57
      53
      63
      65
      61
      70
      58
      61
      60
      62
      58
      48
      53
      52
      50
      62
      58
      54
      50
      40
      49
      52
      70
      55
      47
      51
      62
      58
      63
      50
      66
      51
      49
      58
      48
      68
      63
      63
      63
      65
      58
      69
      62
      46
      64
      55
      53
      65
      67
      61
      52
      63
      55
      55
      48
      65
      51
      51
      57
      49
      75
      73
      65
      52
      70
      42
      59
      81
      57
      56
      59
      67
      50
      43
      66
      55
      64
      47
      48
      72
      80
      64
      62
      61
      64
      53
      59
      65
      69
      66
      68
      61
      53
      63
      65
      70
      63
      56
      50
      43
      57
      46
      54
      63
      58
      57
      58
      52
      54
      47
      66
      65
      52
      39
      51
      47
      56
      61
      44
      52
      45
      55
      51
      60
      54
      48
      58
      47
      54
      52
      60
      46
      49
      55
      55
      61
      57
      52
      55
      60
      65
      51
      49
      39
      48
      42
      49
      54
      53
      54
      60
      61
      52
      47
      52
      63
      55
      71
      43
      51
      52
      45
      54
      63
      43
      57
      54
      38
      46
      49
      52
      41
      51
      51
      52
      51
      49
      45
      45
      37
      47
      39
      48
      46
      43
      51
      46
      61
      60
      53
      41
      62
      48
      43
      47
      49
      41
      45
      47
      46
      38
      41
      45
      45
      36
      50
      47
      53
      61
      41
      45
      30
      44
      41
      46
      45
      51
      30
      47
      42
      43
      46
      45
      41
      42
      36
      40
      43
      43
      45
      37
      44
      36
      33
      34
      39
      49
      40
      37
      46
      31
      41
      39
      42
      38
      59
      42
      40
      37
      39
      35
      50
      37
      48
      35
      47
      34
      34
      43
      35
      34
      33
      35
      37
      26
      40
      28
      24
      40
      43
      42
      36
      40
      39
      37
      39
      30
      36
      40
      41
      41
      42
      46
      34
      40
      39
      42
      42
      39
      43
      42
      38
      34
      36
      35
      33
      39
      39
      40
      25
      34
      38
      38
      26
      26
      37
      39
      39
      33
      47
      37
      34
      33
      36
      33
      41
      36
      37
      35
      44
      43
      40
      43
      21
      36
      35
      27
      32
      36
      37
      36
      36
      41
      41
      34
      28
      33
      28
      29
      29
      40
      38
      33
      40
      31
      43
      32
      43
      44
      46
      42
      37
      29
      44
      38
      37
      39
      38
      30
      41
      33
      40
      27
      26
      42
      43
      38
      37
      34
      41
      44
      28
      40
      43
      34
      38
      38
      42
      39
      38
      40
      25
      39
      33
      38
      38
      53
      44
      36
      33
      44
      37
      32
      40
      37
      32
      35
      43
      37
      41
      22
      37
      43
      34
      36
      28
      36
      41
      30
      29
      35
      31
      35
      42
      32
      38
      43
      28
      36
      38
      33
      30
      42
      38
      27
      44
      31
      36
      38
      38
      30
      39
      37
      55
      36
      36
      32
      41
      45
      40
      24
      43
      36
      40
      37
      30
      36
      28
      37
      29
      29
      34
      30
      39
      33
      38
      43
      32
      37
      33
      33
      31
      31
      31
      37
      46
      29
      44
      26
      37
      32
      46
      40
      47
      41
      45
      32
      46
      33
      29
      41
      36
      36
      32
      41
      32
      38
      40
      39
      43
      45
      43
      35
      52
      39
      39
      30
      40
      39
      35
      28
      48
      32
      30
      42
      40
      34
      35
      40
      31
      33
      55
      39
      28
      41
      28
      43
      38
      41
      27
      45
      35
      52
      49
      36
      37
      47
      40
      38
      51
      43
      56
      40
      40
      35
      47
      44
      53
      40
      45
      39
      51
      48
      58
      50
      40
      44
      51
      44
      60
      62
      50
      49
      56
      52
      50
      54
      55
      49
      48
      42
      62
      49
      45
      55
      53
      62
      62
      65
      48
      57
      55
      57
      72
      65
      68
      60
      48
      67
      75
      69
      65
      64
      71
      69
      71
      58
      70
      53
      73
      67
      55
      89
      82
      65
      76
      64
      76
      63
      69
      71
      76
      74
      69
      65
      83
      72
     111
      79
      95
      88
      79
      83
      84
      82
      85
      87
      88
      69
      63
      84
      87
     102
      96
      92
      91
      87
      97
      92
      84
      90
      95
      97
      93
      91
      83
     109
     125
      94
      95
      97
     104
     101
     121
     101
      93
      99
     103
     107
      93
      96
     102
     101
     109
     111
     113
     108
     130
      97
     111
     116
     105
     103
     141
     129
     112
     115
     109
     109
     105
     127
      97
     104
     124
     109
     101
     111
     119
     105
     106
     111
     121
     110
     132
      98
     113
     108
     113
     101
     115
     112
     119
     107
     106
     105
     107
     100
      84
     102
     103
     101
     116
     125
     104
     113
     101
     103
      98
     106
      83
     110
     100
     113
      98
     104
      91
      89
      80
      97
      89
      93
     115
      92
      87
     107
     102
      92
     101
      94
     110
      78
      88
      94
      94
      94
      74
      77
      79
      75
      75
      78
      82
      76
      96
      77
      81
      80
      77
      75
      79
      70
      73
      83
      76
      74
      70
      83
      77
      57
      84
      76
      56
      64
      74
      60
      73
      75
      74
      55
      60
      54
      66
      60
      60
      59
      73
      56
      54
      55
      65
      55
      55
      55
      53
      68
      50
      45
      62
      46
      53
      46
      51
      48
      47
      47
      54
      52
      54
      44
      45
      56
      35
      42
      50
      47
      44
      27
      36
      28
      45
      44
      37
      43
      38
      40
      26
      43
      43
      46
      36
      31
      34
      22
      32
      32
      30
      38
      32
      41
      32
      34
      35
      35
      29
      38
      25
      26
      22
      24
      23
      34
      24
      32
      29
      24
      27
      29
      21
      25
      24
      35
      24
      20
      22
      26
      23
      28
      24
      24
      32
      17
      18
      24
      27
      20
      18
      23
      24
      24
      30
      24
      18
      24
      26
      27
      26
      23
      31
      29
      33
      24
      21
      17
      20
      29
      22
      30
      21
      30
      26
      33
      37
      23
      28
      29
      33
      28
      29
      20
      38
      32
      27
      34
      29
      28
      34
      28
      30
      31
      30
      37
      21
      31
      32
      39
      31
      40
      29
      31
      38
      26
      34
      35
      33
      29
      39
      30
      34
      30
      38
      34
      45
      38
      33
      35
      27
      50
      35
      32
      47
      33
      28
      35
      44
      31
      33
      44
      39
      41
      48
      47
      39
      53
      49
      49
      41
      44
      54
      54
      51
      61
      49
      43
      54
      55
      42
      47
      62
      46
      48
      47
      59
      53
      54
      60
      60
      54
      64
      51
      54
      61
      64
      66
      67
      57
      57
      66
      56
      78
      64
      62
      65
      62
      60
      67
      66
      47
      67
      54
      55
      69
      78
      60
      74
      70
      58
      72
      72
      77
      54
      64
      92
      84
      73
      76
      78
      71
      84
      84
      75
      75
      75
      61
      76
      73
      59
      77
      69
      71
      71
      87
      76
      98
      88
      79
      85
      83
      71
      79
      95
      81
      76
      86
     101
      75
      79
      63
      77
      71
      87
      85
      69
      65
      79
      78
      91
      86
      94
      87
      84
      96
      88
      77
      69
      86
      73
      84
      72
      81
      83
      93
      79
      82
      89
      82
      81
      76
      67
      81
     100
      71
      77
      83
      85
      67
      89
      67
      74
      74
      92
      75
      70
      74
      59
      80
      62
      70
      81
      72
      75
      77
      73
      71
      69
      87
      63
      74
      69
      74
      72
      74
      76
      71
      72
      68
      81
      61
      73
      63
      74
      72
      79
      59
      56
      49
      65
      62
      67
      77
      60
      71
      59
      68
      60
      57
      48
      56
      50
      71
      68
      56
      46
      46
      66
      55
      51
      50
      46
      47
      48
      52
      55
      54
      63
      44
      53
      59
      45
      43
      42
      45
      46
      49
      62
      43
      48
      46
      47
      28
      43
      50
      34
      45
      45
      39
      29
      42
      50
      29
      31
      32
      45
      28
      32
      25
      33
      30
      33
      38
      27
      39
      40
      33
      37
      32
      29
      38
      36
      27
      27
      24
      32
      27
      29
      29
      23
      21
      27
      35
      25
      18
      25
      26
      23
      26
      28
      21
      31
      26
      20
      25
      16
      26
      24
      21
      25
      18
      18
      22
      23
      22
      15
      19
      13
      14
      20
      18
      26
      22
      22
      16
      11
      12
      17
      14
      11
      15
       8
      10
      15
      10
      17
      16
      15
      15
      14
      16
      13
       9
      14
      17
      13
      10
      13
       9
      15
      19
      11
      11
      10
      11
      15
      13
       6
      19
       9
      16
       7
      14
       8
      12
      11
       5
      14
      16
      15
      12
      11
      13
       9
      21
      14
       7
      11
       6
       6
      15
      12
      16
       7
       9
       7
       6
       8
       8
       7
      15
      10
       8
      11
       9
      11
      11
      16
       7
       4
      18
       8
      16
      19
      12
      13
      10
      11
      11
      11
      11
      10
      10
       6
      14
      12
       5
      13
      14
       7
       7
      12
       8
       9
      13
       9
      13
       6
       5
       8
      11
      11
      16
      11
       9
      14
       7
       8
      13
      15
       7
       5
      10
      16
       9
      10
      10
       7
      12
       9
      14
       8
      12
       9
      16
       6
      16
      13
      11
      13
       9
      15
       9
       5
       6
       8
      18
      11
      12
      10
      15
       9
      17
      10
       6
      12
      15
      15
       7
       6
       8
      15
      15
       4
      10
       9
       4
       9
       5
      10
       9
       8
       5
       9
       7
       6
       7
       9
       6
       3
      10
       7
       8
      10
       6
       9
       6
      11
      13
      13
      10
       6
       7
       7
      11
      11
       3
       8
       6
      14
       9
       4
       9
      10
      14
       8
      12
      10
       7
      14
       6
       6
       4
       9
      12
       4
       5
       7
       8
       6
       8
       8
       3
       6
       8
       4
       2
       6
       5
       5
       4
      10
       8
       3
       5
       5
       6
       6
       8
       4
       7
       6
       2
       3
       8
       6
      13
      13
       6
       5
       7
       2
       5
       1
      10
       9
       6
       7
       5
       6
       7
       1
       4
       7
       8
       5
       4
       4
       8
       4
       5
       3
       6
       4
       7
       7
       6
       3
       3
       4
       4
       3
       5
       3
       3
       8
       5
       8
       9
       6
       5
       3
       4
       5
       1
       7
       3
       6
       2
       5
       6
       2
       4
       7
       3
       1
       3
       2
       6
       3
       4
       6
       3
       6
       1
       3
       5
       3
       4
       6
       4
       6
       3
       5
       4
       1
       7
       4
       4
       9
       6
       2
      11
       6
       2
       5
       3
       2
       4
       3
       4
       3
       4
       3
       3
       3
       4
       3
       2
       5
       6
       4
       1
       2
       1
       3
       3
       0
       4
       3
       5
       4
       1
       7
       1
       3
       3
       1
       6
       1
       2
       3
       2
       2
       2
       2
       1
       5
       2
       4
       3
       5
       7
       4
       1
       1
       2
       2
       3
       5
       3
       3
       4
       2
       2
       3
       3
       3
       2
       3
       3
       5
       2
       6
       6
       4
       2
       3
       2
       6
       2
       2
       3
       2
       7
       5
       4
       3
       3
       2
       2
       1
       4
       1
       2
       0
       1
       3
       5
       1
       1
       0
       3
       1
       3
       4
       2
       2
       4
       2
       1
       2
       2
       1
       3
       3
       2
       2
       2
       1
       4
       2
       5
       2
       3
       2
       2
       3
       1
       3
       7
       2
       3
       5
       2
       7
       5
       3
       2
       2
       4
       2
       5
       3
       3
       3
       3
       2
       4
       2
       4
       1
       0
       2
       0
       2
       2
       0
       1
       4
       2
       3
       1
       0
       5
       0
       4
       1
       3
       2
       0
       4
       1
       2
       1
       5
       2
       0
       2
       4
       4
       8
       1
       4
       7
       3
       4
       2
       5
       2
       2
       3
       3
       4
       4
       1
       2
       0
       2
       1
       2
       2
       4
       1
       6
       0
       2
       1
       1
       4
       1
       2
       0
       3
       4
       2
       2
       2
       2
       3
       2
       2
       2
       2
       4
       2
       0
       2
       0
       4
       1
       6
       3
       3
       0
       0
       0
       0
       0
       0
       0
       0
       0
       0
       0
       0
       0
       0
       0
       0
       0
       0
       0
       0
       0
       0
       0
       0
       0
       0
       0
       0
       0
       0
       0
       0
       0
       0
       0
       0
       0
       0
       0
       0
       0
       0
       0
       0
       0
       0
       0
       0
       0
       0
       0
       0
       0
       0
       0
       0
       0
       0
       0
       0
       0
       0
       0
       0
       0
$ROI:
6
62 146
262 339
480 619
731 874
2463 2714
2812 3073
$PRESETS:
None
0
0
$ENER_FIT:
-10.748076 0.454545
$MCA_CAL:
3
-1.074808E+001 4.545455E-001 0.000000E+000 keV
$SHAPE_CAL:
3
1.227145E+003 -8.889956E-001 1.664595E-004
