$SPEC_ID:
No sample description was entered.
$SPEC_REM:
DET# 2
DETDESC# PHY-0040-AA Easy-MCA-8k SN 21098639
AP# Maestro Version 7.01
$DATE_MEA:
03/10/2025 10:00:30
$MEAS_TIM:
315 316
$DATA:
0 4095
       0
       0
       0
       0
       0
       0
       0
       0
       0
       0
       0
       0
       0
       0
       0
       0
       0
       0
       0
       0
       0
       0
       0
       0
       0
       0
       0
       0
       0
       0
      29
      40
      42
      38
      48
      37
      53
      54
      52
      40
      35
      44
      52
      38
      24
      34
      31
      46
      46
      42
      38
      49
      48
      49
      43
      58
      38
      45
      38
      52
      49
      57
      48
      47
      48
      54
      50
      64
      59
      79
      58
      79
      72
      67
      80
      89
      87
     104
     117
     104
     121
     149
     129
     149
     141
     151
     131
     144
     162
     178
     143
     146
     172
     142
     155
     165
     139
     131
     123
     138
     116
     101
     121
     110
     125
      89
      96
      81
      85
      73
      77
      58
      50
      51
      66
      52
      63
      58
      56
      65
      55
      50
      52
      57
      56
      62
      52
      66
      54
      42
      56
      59
      74
      55
      67
      52
      63
      65
      59
      63
      82
      66
      63
      63
      85
      69
      60
      66
      64
      89
      72
      72
      75
      79
      62
      76
      61
      59
      81
      86
     100
      71
      83
      66
      81
      70
      80
      80
      82
      91
      85
      87
      74
      98
      84
      76
      85
      95
      98
      77
      92
      92
      90
      99
     118
     104
      90
      79
      96
      98
     102
     104
     103
     112
     105
     100
     115
     107
     118
      96
     113
     111
     114
     118
     110
     118
     104
     118
     133
     122
     118
     113
     105
     101
     126
     107
     111
     114
     154
      97
     121
     140
     155
     120
     163
     141
     124
     141
     137
     153
     148
     156
     126
     135
     155
     144
     143
     142
     143
     151
     151
     132
     132
     121
     150
     121
     146
     142
     141
     138
     146
     133
     142
     146
     114
     108
     118
     131
     113
     124
     114
     110
     132
     110
     119
     124
     131
     115
     129
     117
     113
     114
     120
     104
     100
     122
     121
     119
     130
     111
     118
     125
     115
     101
     115
     110
     108
     115
     117
     125
     121
     119
     118
     119
     106
      94
     117
     132
     132
     126
     127
     112
     125
     130
     109
     134
     119
     116
     120
     117
      99
     118
     119
     131
     122
     111
     113
     114
     108
     123
     113
     124
     115
     133
     118
     106
     106
     110
     107
     134
     118
     123
     131
     120
     114
     101
     116
     126
     120
     130
     118
     118
     138
     111
     103
     135
     115
     113
     119
     132
     118
     109
     139
      94
     124
     128
     107
     117
      98
     105
     102
     129
     121
     107
     123
     126
     106
     121
     120
     105
     111
     126
     107
     111
     106
     120
     114
     118
     114
     111
     121
     105
     107
     123
     123
     112
     109
     105
     108
     122
     113
      81
     105
     126
      93
     100
     100
      86
     113
     108
      97
     116
     123
     103
     112
     127
     111
      96
      96
     118
     115
     101
     125
     118
     103
     106
      95
      98
     123
     105
     100
     102
      98
      96
     104
     140
     120
     106
     111
     111
     101
     100
     100
     129
      84
     121
     108
     103
     133
     114
     108
     100
     127
     102
     113
     117
      97
      98
      97
     102
     115
     112
      97
     131
     106
     120
     114
     103
     136
     113
     117
     113
     118
     120
     133
     114
     120
     116
     108
     111
     127
      93
     113
     119
     114
     126
     119
     112
     126
     110
     104
     133
     112
     115
     127
     116
     117
     114
      99
     130
     112
     119
     121
     106
     120
     117
      97
     119
      84
     116
      93
     104
      99
     107
     107
     109
     100
      99
     121
      98
      90
     105
     104
     110
     108
     109
      79
     117
      92
      90
     110
      97
     117
      90
      89
      94
     110
      92
     122
      89
      90
     103
      90
     106
      88
      98
      92
      93
     102
      95
     111
      83
      94
     106
      87
     123
      98
      90
      92
      74
      87
      83
      64
      95
      88
      88
      88
      95
      83
      85
      91
      72
      92
      79
      82
     111
      85
      96
      90
      91
      95
      91
      91
      73
      89
      97
      87
      95
     105
      81
      72
      94
      77
      79
      65
      83
      88
      77
      91
      79
      81
      83
      86
      80
      83
      74
      91
      89
      79
      90
      73
      89
      85
      73
      78
      89
      72
      88
      93
      98
      70
      87
      80
      84
      79
      77
      71
      89
      76
      80
      71
      82
      77
      72
      87
      73
      77
      84
      71
      70
      79
      75
      67
      73
      58
      80
      77
      84
      73
      54
      67
      68
      68
      66
      53
      70
      55
      67
      69
      67
      83
      66
      75
      76
      68
      62
      75
      66
      66
      75
      63
      85
      54
      66
      54
      63
      61
      52
      57
      75
      70
      64
      64
      63
      56
      65
      69
      75
      68
      76
      71
      70
      51
      65
      62
      56
      61
      60
      60
      63
      63
      65
      61
      63
      70
      54
      56
      67
      60
      61
      58
      59
      67
      62
      54
      56
      66
      59
      80
      65
      71
      63
      64
      75
      58
      64
      54
      66
      77
      68
      70
      74
      57
      66
      57
      53
      67
      66
      63
      58
      41
      58
      75
      57
      57
      57
      51
      51
      67
      58
      69
      77
      65
      67
      59
      45
      56
      71
      59
      52
      71
      47
      62
      62
      56
      60
      56
      71
      68
      45
      51
      60
      49
      55
      61
      78
      50
      56
      51
      55
      65
      55
      63
      54
      50
      59
      47
      67
      75
      66
      54
      47
      58
      59
      59
      63
      58
      58
      54
      65
      57
      56
      62
      65
      55
      60
      52
      55
      52
      65
      58
      62
      58
      58
      47
      67
      63
      66
      59
      65
      63
      50
      61
      60
      58
      52
      49
      44
      56
      53
      55
      54
      59
      42
      49
      60
      55
      49
      61
      48
      43
      50
      56
      47
      48
      57
      45
      45
      54
      44
      41
      38
      51
      53
      56
      44
      58
      46
      40
      45
      40
      42
      44
      54
      41
      40
      47
      53
      59
      42
      47
      59
      47
      42
      47
      40
      32
      47
      37
      51
      45
      45
      53
      49
      45
      44
      58
      33
      34
      37
      48
      56
      39
      44
      41
      50
      45
      55
      43
      36
      37
      40
      39
      45
      34
      46
      58
      48
      52
      34
      38
      43
      39
      50
      47
      36
      40
      45
      39
      50
      55
      45
      38
      34
      34
      52
      50
      40
      45
      37
      43
      41
      41
      42
      52
      42
      52
      38
      49
      55
      46
      48
      42
      51
      54
      39
      42
      42
      52
      39
      49
      46
      34
      43
      42
      34
      43
      39
      41
      37
      35
      38
      42
      46
      33
      27
      36
      41
      34
      39
      36
      41
      33
      39
      34
      20
      41
      30
      23
      33
      33
      46
      26
      38
      31
      26
      34
      35
      41
      41
      27
      26
      24
      24
      25
      28
      35
      37
      23
      27
      23
      26
      35
      25
      20
      28
      23
      24
      30
      32
      26
      27
      35
      24
      29
      27
      25
      21
      21
      34
      23
      25
      28
      31
      23
      25
      17
      21
      27
      22
      21
      25
      18
      21
      15
      21
      23
      25
      18
      14
      32
      19
      19
      21
      20
      21
      23
      20
      24
      21
      30
      25
      30
      18
      21
      25
      23
      18
      21
      22
      17
      16
      26
      11
      17
      20
      18
      18
      19
      17
      15
      15
      17
      18
      15
      16
      20
      18
      23
       8
      25
      29
      16
      10
      21
      16
      22
      18
      16
      18
      19
      19
      15
      25
      18
      11
      21
      15
      18
      17
      29
      28
      22
      19
      13
      14
      21
      19
      20
      21
      16
      17
      17
      17
      26
      18
      15
      15
      26
      22
      24
      19
      12
      27
      20
      17
      20
      14
      20
      21
      22
      24
      21
      13
      11
      23
      13
      24
      13
      20
      20
      15
      14
      21
      15
      18
      14
      27
      22
      20
      18
      20
      14
      15
      14
      18
      14
      25
      25
      17
      21
      25
      21
      25
      11
      22
      19
      23
      12
      19
      21
      24
      12
      25
      21
      16
      18
      16
      22
      20
      28
      24
      19
      19
      30
      18
      36
      21
      32
      21
      27
      16
      30
      21
      15
      27
      17
      20
      24
      32
      26
      21
      36
      31
      30
      38
      31
      31
      28
      25
      25
      24
      36
      32
      26
      29
      22
      35
      35
      36
      41
      33
      42
      32
      34
      45
      41
      48
      51
      40
      43
      46
      45
      48
      39
      69
      53
      63
      65
      44
      65
      58
      46
      63
      58
      49
      69
      63
      73
      64
      66
      75
      63
      74
      70
      81
      85
      88
      71
      63
      80
      88
      79
     103
      84
      99
      83
      86
      88
      94
     117
      88
     119
     105
      96
     119
     120
     108
     110
     128
     115
     129
     105
     121
     116
     135
     117
     117
     140
     141
     126
     132
     136
     125
     137
     148
     152
     160
     155
     161
     159
     163
     155
     161
     145
     140
     154
     168
     144
     165
     159
     149
     177
     178
     152
     162
     172
     161
     152
     185
     177
     155
     178
     169
     177
     173
     178
     184
     174
     190
     193
     162
     172
     166
     149
     171
     169
     182
     196
     196
     152
     185
     165
     178
     160
     169
     182
     170
     143
     174
     135
     140
     144
     146
     133
     145
     153
     150
     146
     136
     110
     141
     135
     127
     149
     129
     106
     111
     111
     105
     123
     122
     104
     131
     115
     103
      97
     107
     106
     111
     101
     107
     108
     104
     104
     101
      89
      82
      73
      80
      72
      76
      76
      70
      65
      73
      75
      66
      85
      49
      66
      69
      62
      55
      61
      51
      52
      58
      59
      40
      61
      45
      65
      41
      48
      48
      49
      48
      46
      36
      36
      41
      44
      36
      34
      37
      33
      30
      39
      30
      31
      35
      29
      31
      24
      32
      26
      25
      17
      23
      31
      24
      22
      14
      20
      22
      27
      19
      20
      21
      15
      20
      20
      17
      19
      21
      13
      11
      15
      16
      12
      19
      23
      10
      20
      10
      15
      19
      17
      18
      16
      14
       9
      16
      15
      11
      17
      12
      16
      20
      12
      15
      10
      13
      15
      13
      13
       9
      12
      17
      12
      16
      11
      11
      11
      12
      13
       7
      16
       9
      10
       8
      17
       8
      13
      21
      13
      10
      16
      12
      11
      13
      11
      15
      10
      19
      15
      15
       6
      14
       8
      12
      14
       9
      16
       7
      10
       7
      10
      13
       8
      14
      10
      12
      16
      11
      13
      11
      11
      13
      13
      13
       7
      11
      15
       9
       7
      16
      15
      11
      11
      10
      10
      11
       9
      11
       4
       9
      13
      16
       9
       8
      10
       6
       9
       6
       8
      15
      11
      12
      10
       8
       4
      10
      10
       9
      10
      12
      13
       9
       6
      11
      14
      11
      11
      12
       8
      22
      12
      10
      14
      16
      11
      12
      17
       8
      14
      18
      19
      11
       6
       7
       8
      13
       5
      10
      13
       5
       7
      13
      12
      11
      11
      14
      12
       4
       8
      10
       5
      11
      11
      11
      11
      14
       9
      13
      14
       9
      10
      10
       8
      13
       6
      11
      12
       6
      10
       5
       9
       7
       6
      13
       9
       9
      12
      12
       6
      15
      15
      13
      14
       4
       9
       9
      14
       8
      10
      12
       9
      11
      10
       9
      10
       9
       7
      14
      15
      13
      13
      13
       6
      15
      14
       6
       4
       7
       8
       8
      12
       8
       9
      14
      13
       8
       8
      14
       8
       9
       9
       6
      12
      17
       8
      14
      17
       9
      16
      11
      14
      14
       9
      11
      11
      14
       9
       8
       7
       7
      13
      12
      14
      11
      10
       9
      12
       6
       8
      17
      12
      11
      10
       8
      10
       8
      11
       9
      10
      11
      10
      10
       8
      15
       8
       8
       7
       6
       8
       9
       9
       9
      11
      11
       9
       7
       8
      13
       4
       6
       8
      12
       7
      10
       7
      13
       8
      12
      13
      12
      12
      10
      12
      10
       8
      10
       6
       8
       9
       6
      10
       9
       4
      10
       8
       9
       7
       7
      10
      12
       7
       6
       7
       7
      16
      12
      13
       8
       8
       6
       9
       5
       6
       9
      12
       8
      11
      16
       8
      11
      12
       9
       8
       7
      13
       5
       7
       1
       9
       9
      11
       8
      13
       7
       7
       8
       6
       6
      12
       8
      13
      19
       8
      10
       6
       5
      11
       3
       7
       9
      18
      11
       5
       8
       9
      10
      10
      10
       7
      10
      13
       9
       9
       7
      12
      10
       9
       8
      13
       8
       4
      13
       9
      12
      16
       8
       6
       6
      11
      11
      14
       8
       8
       6
       9
      14
       8
       7
       9
       8
      12
       8
       7
       6
      12
      11
       7
      10
       9
       6
      14
      10
      12
       9
       9
       8
       4
       8
       8
       4
      10
       5
       7
      13
      11
       7
       8
       8
       8
      11
       9
       4
       9
       8
       9
       5
      12
       7
       9
      20
       5
       7
      10
       9
      10
      11
       5
       8
       7
       9
       8
       7
      10
       6
       7
      10
      15
      12
       8
       6
      10
      13
       9
       7
      11
       5
      12
       7
       8
       9
      10
       5
      11
      11
      10
       7
       7
       4
       9
       5
      11
       8
      11
      13
      12
      12
       9
       9
       2
       9
       4
       9
       7
      10
       9
       4
      10
      10
       9
       6
       9
       7
       3
       8
       8
       7
      14
       4
       4
      14
      10
       7
      13
      15
       6
       9
      11
      10
       4
      10
       5
      11
      11
       7
       6
       6
       6
       3
      11
       5
      14
      14
      13
      10
       6
      11
       7
       9
       8
       6
       8
       8
       7
       4
      10
      10
       5
       8
       7
       7
       5
      13
       9
       8
       9
       4
      10
       9
       5
       4
       6
       5
       6
      10
       7
       4
      10
       8
      14
       6
       5
       7
       7
       8
       7
       7
       9
      13
       9
      10
       9
       8
       9
      10
       4
      12
       7
       3
       8
       9
       3
       8
       8
       7
       3
       5
      11
      14
      12
       3
       4
       8
       4
       7
      11
       3
       6
       3
      13
       7
       8
       6
       6
      12
       6
      13
      10
       5
       7
      13
      11
      15
       8
      14
       7
      11
       9
      12
       9
      10
      14
      10
       8
       6
       9
      10
       4
       9
      10
       7
      11
       7
      11
       7
       8
       4
       6
       9
       8
       7
       6
      10
      10
       9
      11
       6
      11
       5
       5
       7
      11
       7
       6
       6
       9
      14
       3
       7
      11
      11
      11
       5
      10
       4
       6
       4
       7
       6
      12
      10
       4
      15
       6
      10
       9
       9
      10
       9
       6
      15
       6
       6
      10
       8
       7
      12
       9
      10
      10
      12
       9
       7
      11
       5
       9
       7
       8
      12
       9
       5
      10
       7
       8
       8
       4
       8
       8
       6
      10
      13
       7
       6
       9
      10
       8
       8
      12
      14
      12
       5
      11
       9
       3
       7
       8
      10
      10
       9
      12
      14
       7
       8
       5
      11
      10
      11
      13
       7
      13
       8
      15
       6
       8
       7
       8
       7
       4
       9
       9
      12
       6
      11
       6
       8
      10
      14
      10
      11
       7
       7
       2
      12
       5
       9
      12
      12
       8
      10
       8
      12
      10
       8
      13
       5
      12
      12
      14
       9
       4
      12
       4
       6
      10
       6
       8
      13
      11
      10
      11
       8
       8
       6
       9
      13
      15
      11
      15
      10
       6
      14
      11
      15
      10
      11
       9
       7
       3
       9
      12
      17
      10
      13
       5
      11
      11
       6
      11
       8
       9
       6
       3
      10
      13
       6
      10
       6
       7
       8
       9
      11
      10
      12
      15
       8
      11
      12
       9
      14
       7
       7
       9
      10
      13
       4
       9
      10
       8
      11
      13
      11
      12
      12
      14
       8
      11
       9
       8
      11
       9
      10
      13
      11
      11
       8
       9
      11
       7
       4
      11
      10
      10
       7
      12
      10
      12
      16
      11
       9
      11
       8
       4
      10
      10
      10
      10
      11
      12
       4
       6
       4
      12
       7
       7
       5
      11
       7
       5
      13
      12
       8
      15
       6
      10
       9
       4
       8
      11
       7
       8
      11
      10
      11
      15
       8
       8
       8
       6
       8
      10
      10
      14
      10
      11
      12
       3
      15
       6
       8
       9
      12
      14
       9
      18
       7
      11
       4
       5
       4
       8
      11
       5
       7
      11
       9
       7
      15
       8
      18
      10
       8
       7
       8
      12
       6
       8
       7
       7
       5
       2
       4
      12
      10
      12
       7
      10
      15
      12
       9
      11
       7
       9
       9
       8
       8
       9
       5
       7
       8
       5
       9
      13
      11
      11
       9
       4
       6
      14
      13
       9
       7
       6
       5
      12
      10
      10
       8
      10
       7
       7
       6
       7
       7
       7
      10
       6
       6
      12
       6
      12
       8
      10
      14
       7
       7
      11
      12
      10
       9
      11
      17
      11
       3
      12
       4
      11
       4
       4
      15
      13
      11
       7
       7
       4
       7
      12
      11
       6
       5
       4
       7
       8
       8
      13
       5
       8
       8
       6
       6
       6
      14
      10
      10
      13
       8
      12
       9
       5
       2
       3
       8
      12
       6
      11
       5
      11
      10
      10
       5
       5
       3
       7
       7
       5
      14
       7
       6
       7
       8
       7
       3
      11
      16
       7
       7
       8
       9
       4
      11
       9
       5
       6
       9
       7
       6
       8
      10
       9
       6
       8
      10
      12
       3
       7
       8
       7
      12
       3
       6
       4
       9
      13
      10
       7
       7
      11
       9
      10
       5
       5
       2
      13
       3
      13
       5
      11
       7
       8
      11
       5
       3
       9
       4
      12
       8
       5
       8
       9
       7
       7
       7
       9
       4
       4
       6
       3
       8
       7
       3
      11
       7
       9
       4
       9
       3
       6
       7
       3
       8
       7
       2
       5
       5
       9
       7
       9
       7
       7
       3
       5
       6
       4
       7
       8
       5
       7
       3
       6
       5
       6
       6
       9
      11
       3
       7
       8
       7
       2
       4
       3
       6
       3
       7
       3
       8
       6
       5
       9
       8
       2
       6
       4
       7
       6
       5
       3
       9
       8
       9
       6
       6
       7
       6
       6
       3
       9
       7
       3
       2
       9
      10
       3
       5
       9
       9
       9
       9
       2
       2
      11
       9
       9
       4
       0
       6
       3
       4
       5
       5
       3
       3
       4
       6
       3
       5
       1
       1
       7
       2
       4
       2
       4
       4
       2
       8
       4
       7
       7
       4
       6
       8
       3
       5
       3
       4
       8
       8
       3
       1
       3
       5
       4
       4
       7
       5
       4
       6
       5
       6
       5
       6
       4
       5
       5
       6
       4
       3
       5
       4
       1
       5
       5
       6
       4
       6
       5
       4
       3
       6
       5
       6
       1
       5
       4
       2
       7
       2
       3
       1
       5
       2
       4
       3
       6
       6
       4
       5
       3
       2
       8
       4
       4
       4
       6
       5
       5
       6
       3
       5
       3
       5
       4
       3
       6
       3
       3
       6
       4
       4
       4
       7
       3
       2
       4
       3
       1
       7
       4
       3
       4
       4
       4
       6
       5
       4
       2
       5
       3
       4
       8
       2
       4
       7
       3
       2
       2
       6
       6
       3
       6
       4
       3
       3
       4
       4
       6
       3
       8
       2
       3
       6
       3
       4
       4
       9
       2
       5
       6
       5
       0
       4
      10
       3
       5
       3
       1
       6
       6
       3
       3
       9
       5
       3
       7
       5
       4
       9
       4
       2
       5
       2
       5
       5
       5
       2
       5
       1
       3
       3
       2
       6
       4
       1
       7
       5
       3
       2
       5
       6
       7
       3
       1
       2
       5
       7
       3
       4
       5
       4
       5
       6
       4
       0
       5
       3
       7
       7
       8
       9
       6
       3
       6
      13
       7
       6
      11
       4
       7
       5
       9
       7
       3
      11
       5
       5
       6
       4
       7
       5
       2
       8
       3
       7
       1
       3
       6
       5
       4
       3
       6
       7
       5
       7
       5
       8
       4
      10
       5
      10
       4
       7
       4
       6
       5
       7
       4
       7
       6
       3
       4
       2
       8
       6
       7
       7
      10
       8
       9
       7
       4
       5
       6
       4
       4
       4
       4
       5
       6
       4
       3
       3
       4
       5
       4
       2
       8
       6
       8
       2
       8
       9
       7
       9
       7
       4
       7
       3
      13
       9
       4
      12
       5
       7
       8
      10
      10
      11
       6
      13
       9
       6
       5
      13
      10
      11
      12
      12
       8
       5
       7
       8
       6
       9
       6
       4
      10
       7
       5
      15
       4
       7
      10
      12
      13
      12
       7
      10
       9
       7
      12
       9
      14
       6
       9
       9
      12
      10
      11
      10
      18
       8
      12
      16
       9
      11
      14
      13
       8
      11
       9
       7
      16
      18
       7
      17
      13
      15
      16
      13
      11
       9
      10
      12
      12
      18
      16
      11
       8
       8
      12
      13
      12
      15
      20
      19
       9
      15
      18
      22
      18
      15
      14
      14
      16
      12
      13
      15
      17
      15
      23
      15
      23
      10
      17
      21
      16
      18
      19
      18
      16
      20
      19
      21
      14
      20
      16
      23
      12
      19
      18
      17
      23
      20
      29
      22
      26
      20
      18
      17
      22
      27
      12
      23
      22
      25
      19
      17
      18
      21
      24
      17
      24
      13
      18
      21
      19
      25
      13
      25
      22
      17
      18
      16
      30
      21
      21
      18
      23
      14
      29
      28
      23
      14
      15
      26
      16
      19
      23
      21
      12
      29
      16
      20
      25
      26
      13
      16
      22
      26
      22
      22
      19
      26
      14
      22
      20
      14
      16
      21
      24
      17
      22
      23
      21
      24
      17
      23
      14
       9
      18
      25
      14
      17
      14
      19
      14
      20
      14
      12
      11
      14
       7
      22
      19
      22
      20
      13
      14
      21
       9
      13
      19
      21
      12
      13
      19
      19
      21
      17
      17
       8
      13
      10
       9
      12
      18
      13
       5
      20
      12
      13
      15
      15
      10
      10
      14
      19
      11
      16
       9
      15
      11
      15
       4
      11
      16
      19
      16
      11
      17
      12
      12
      10
      12
      11
       6
      14
      14
       9
       9
      10
      10
       9
       8
       4
       9
       8
      13
       7
       7
      12
       8
      14
       9
       5
      10
       6
       9
      13
      13
       9
      10
       9
       7
      11
       5
       9
       6
      10
       3
       8
       7
       8
       6
      10
      10
       9
      10
       9
       6
       7
       2
       8
       5
      10
       7
       8
       7
       6
       5
       5
       4
       9
       3
       5
       7
       4
       6
       7
       5
       3
       5
       7
       5
       8
       3
      11
       3
       4
       5
       2
       5
       4
       4
       7
       6
       3
       4
       5
       3
       4
       1
       5
       5
       2
       5
       4
       5
       5
       4
       2
       3
       2
       4
       7
       4
      10
       2
       6
       3
       2
       2
       6
       1
       7
       5
       2
       5
       3
       1
       5
       1
       3
       3
       2
       2
       3
       3
       5
       3
       1
       3
       1
       1
       1
       2
       3
       1
       2
       4
       4
       0
       4
       3
       4
       3
       2
       2
       0
       2
       4
       5
       4
       4
       4
       4
       2
       3
       3
       4
       6
       2
       2
       1
       3
       1
       5
       4
       5
       1
       4
       3
       5
       1
       2
       2
       4
       2
       1
       3
       2
       1
       2
       2
       5
       4
       4
       2
       1
       2
       0
       1
       2
       3
       1
       2
       2
       0
       2
       3
       2
       2
       2
       2
       2
       2
       1
       3
       1
       2
       0
       0
       4
       2
       4
       2
       5
       2
       2
       2
       1
       3
       2
       1
       4
       6
       3
       5
       1
       1
       2
       0
       2
       2
       2
       1
       2
       3
       1
       1
       2
       2
       1
       4
       1
       3
       0
       1
       3
       0
       0
       2
       2
       2
       3
       2
       2
       1
       3
       2
       3
       0
       6
       1
       4
       3
       4
       1
       4
       3
       5
       5
       0
       1
       3
       4
       3
       2
       2
       1
       3
       1
       2
       1
       4
       1
       5
       3
       0
       2
       3
       2
       1
       1
       0
       2
       3
       2
       3
       3
       2
       1
       5
       1
       4
       0
       6
       7
       0
       2
       1
       1
       2
       1
       1
       1
       1
       2
       2
       1
       6
       2
       1
       2
       2
       1
       0
       4
       1
       1
       1
       1
       4
       2
       3
       3
       4
       3
       2
       2
       1
       2
       2
       5
       5
       2
       1
       2
       3
       2
       4
       1
       1
       1
       4
       2
       2
       1
       4
       7
       1
       2
       3
       2
       1
       5
       0
       0
       2
       2
       5
       4
       2
       3
       6
       4
       2
       3
       2
       1
       4
       2
       4
       1
       2
       3
       2
       1
       0
       4
       3
       0
       1
       2
       3
       0
       0
       1
       0
       3
       2
       1
       3
       2
       1
       3
       0
       2
       3
       1
       1
       5
       0
       2
       1
       2
       1
       2
       0
       0
       2
       3
       1
       0
       1
       1
       1
       2
       1
       2
       2
       1
       0
       2
       0
       2
       2
       1
       2
       2
       1
       1
       2
       0
       0
       0
       4
       1
       0
       2
       0
       1
       1
       2
       0
       2
       1
       2
       1
       2
       3
       0
       2
       1
       1
       2
       1
       0
       1
       1
       0
       0
       0
       0
       1
       1
       1
       0
       0
       1
       2
       1
       1
       1
       1
       0
       1
       0
       0
       0
       0
       2
       1
       1
       1
       1
       0
       1
       0
       2
       1
       1
       1
       0
       0
       0
       1
       1
       1
       1
       0
       1
       1
       1
       1
       0
       1
       1
       3
       0
       0
       0
       1
       0
       0
       1
       1
       4
       0
       1
       0
       0
       0
       0
       0
       0
       0
       0
       0
       2
       0
       0
       2
       0
       1
       0
       2
       0
       1
       1
       0
       2
       0
       0
       1
       0
       1
       2
       0
       0
       0
       1
       2
       1
       0
       0
       0
       0
       0
       0
       0
       0
       2
       0
       0
       1
       0
       0
       0
       1
       1
       1
       2
       1
       1
       0
       0
       3
       0
       0
       0
       0
       0
       0
       1
       1
       0
       0
       0
       0
       2
       1
       0
       1
       0
       0
       1
       0
       0
       0
       0
       2
       0
       3
       2
       0
       0
       0
       1
       0
       0
       0
       0
       0
       0
       1
       1
       0
       1
       0
       0
       2
       0
       0
       1
       0
       1
       0
       0
       1
       0
       1
       1
       0
       2
       1
       0
       0
       0
       0
       0
       0
       0
       1
       1
       0
       1
       2
       1
       0
       2
       0
       0
       1
       0
       0
       0
       0
       0
       0
       0
       0
       1
       0
       0
       0
       1
       1
       0
       0
       1
       1
       0
       1
       0
       0
       0
       0
       0
       0
       0
       0
       0
       0
       1
       0
       1
       0
       0
       1
       1
       1
       0
       1
       0
       0
       0
       0
       0
       0
       1
       0
       0
       0
       1
       0
       0
       0
       0
       0
       0
       0
       0
       0
       0
       0
       0
       0
       0
       0
       0
       0
       0
       0
       0
       0
       0
       0
       0
       0
       0
       1
       0
       0
       0
       0
       2
       0
       0
       0
       0
       1
       0
       0
       0
       0
       0
       1
       0
       1
       1
       0
       0
       0
       0
       0
       0
       0
       0
       0
       0
       0
       0
       0
       0
       0
       0
       0
       0
       0
       0
       0
       0
       0
       0
       0
       0
       0
       0
       0
       0
       0
       0
       0
       0
       0
       0
       0
       0
       0
       0
       0
       0
       0
       0
       0
       0
       0
       0
       0
       0
       0
       0
       0
       0
       0
       0
       0
       0
       0
       0
       0
       0
       0
       0
       0
       0
       0
       0
$ROI:
6
62 146
262 339
480 619
731 874
2463 2714
2812 3073
$PRESETS:
None
0
0
$ENER_FIT:
-10.748076 0.454545
$MCA_CAL:
3
-1.074808E+001 4.545455E-001 0.000000E+000 keV
$SHAPE_CAL:
3
1.227145E+003 -8.889956E-001 1.664595E-004
