$SPEC_ID:
No sample description was entered.
$SPEC_REM:
DET# 2
DETDESC# PHY-0040-AA Easy-MCA-8k SN 21098639
AP# Maestro Version 7.01
$DATE_MEA:
03/10/2025 09:31:30
$MEAS_TIM:
139 142
$DATA:
0 4095
       0
       0
       0
       0
       0
       0
       0
       0
       0
       0
       0
       0
       0
       0
       0
       0
       0
       0
       0
       0
       0
       0
       0
       0
       0
       0
       0
       0
       0
       0
      20
      42
      47
      37
      41
      32
      32
      48
      46
      31
      36
      33
      50
      35
      41
      32
      40
      31
      40
      33
      59
      29
      36
      32
      39
      45
      39
      39
      33
      31
      52
      46
      41
      41
      38
      42
      45
      44
      38
      57
      44
      36
      47
      51
      57
      49
      49
      47
      59
      37
      51
      70
      47
      56
      54
      61
      55
      46
      44
      44
      43
      42
      50
      58
      47
      48
      58
      45
      40
      43
      45
      44
      46
      49
      44
      51
      49
      35
      45
      39
      50
      45
      52
      47
      42
      44
      54
      49
      43
      45
      40
      57
      52
      51
      50
      43
      50
      45
      54
      44
      57
      48
      53
      54
      50
      55
      52
      54
      39
      70
      46
      50
      49
      58
      44
      40
      48
      52
      62
      50
      48
      52
      64
      47
      56
      52
      52
      67
      71
      58
      55
      43
      58
      54
      59
      66
      56
      51
      67
      51
      39
      70
      54
      64
      57
      53
      53
      60
      68
      69
      62
      55
      59
      62
      63
      64
      65
      64
      66
      57
      64
      68
      52
      62
      65
      61
      81
      45
      79
      56
      58
      62
      71
      68
      51
      69
      60
      58
      78
      77
      72
      58
      66
      56
      74
      71
      71
      75
      65
      69
      71
      51
      73
      64
      65
      80
      68
      72
      59
      73
      84
      65
      76
      92
      76
      59
      62
      79
      66
      70
      61
      74
      62
      93
      74
      79
      79
      63
      74
      68
      84
      68
      87
      57
      65
      65
      79
      62
      73
      67
      64
      68
      70
      59
      61
      76
      65
      76
      54
      70
      60
      75
      75
      67
      69
      64
      65
      70
      67
      57
      60
      79
      70
      76
      80
      73
      75
      73
      79
      69
      64
      70
      62
      66
      72
      80
      78
      71
      77
      75
      77
      65
      85
      61
      85
      69
      74
      75
      85
      54
      67
      57
      71
      67
      81
      75
      82
      69
      76
      68
      61
      80
      73
      65
      91
      75
      88
      76
      77
      65
      75
      87
      89
      80
      67
      65
      70
      86
      87
      79
      78
      67
      73
      63
      88
      68
      64
      66
      63
      70
      63
      75
      65
      75
      74
      81
      59
      72
      93
      62
      70
      73
      56
      68
      66
      71
      77
      80
      69
      77
      71
      74
      65
      78
      69
      65
      70
      85
      74
      78
      78
      68
      80
      64
      75
      67
      60
      65
      70
      70
      60
      58
      70
      91
      77
      62
      64
      70
      50
      75
      62
      74
      66
      72
      55
      59
      65
      71
      63
      61
      64
      62
      63
      82
      74
      89
      70
      59
      69
      66
      71
      67
      66
      70
      79
      75
      67
      54
      72
      67
      58
      65
      68
      69
      59
      63
      57
      74
      56
      68
      61
      81
      72
      67
      60
      57
      70
      47
      63
      75
      67
      65
      59
      52
      61
      60
      61
      63
      79
      61
      65
      66
      63
      73
      63
      66
      64
      60
      55
      64
      65
      66
      57
      70
      56
      60
      70
      71
      70
      75
      47
      72
      58
      44
      67
      63
      60
      66
      50
      71
      73
      59
      71
      65
      60
      51
      55
      65
      61
      64
      38
      65
      80
      41
      56
      55
      74
      56
      69
      60
      75
      67
      72
      45
      69
      59
      61
      80
      61
      51
      61
      54
      58
      72
      66
      71
      51
      78
      74
      62
      64
      77
      70
      62
      59
      60
      77
      65
      68
      57
      69
      73
      65
      81
      83
      71
      69
      63
      65
      66
      85
      86
      67
      83
      90
      75
      64
      90
      87
      89
      90
      94
      76
      78
      76
      91
      64
      87
      57
      68
      82
      76
      79
      73
      65
      63
      85
      76
      78
      90
      72
      70
      89
      71
      83
      86
      78
      79
      81
      90
      74
      78
      73
      76
      73
      70
      88
      88
      88
      74
      78
      93
      85
      73
      85
      86
      80
      88
      79
      80
      88
      74
      92
      78
      98
      78
      70
      71
      78
      81
      91
      76
      78
      76
      81
      68
      80
      74
      80
      62
      75
      73
      57
      62
      66
      73
      70
      71
      57
      59
      77
      81
      76
      74
      65
      73
      81
      86
      62
      79
      57
      60
      69
      73
      63
      76
      63
      70
      57
      73
      69
      76
      62
      44
      65
      67
      66
      70
      66
      69
      69
      76
      77
      76
      55
      54
      61
      55
      63
      73
      46
      70
      67
      73
      65
      59
      66
      79
      59
      56
      65
      63
      59
      57
      54
      54
      71
      72
      69
      64
      62
      63
      60
      46
      49
      76
      41
      60
      50
      65
      66
      52
      67
      47
      47
      48
      62
      56
      58
      50
      70
      65
      49
      50
      53
      54
      61
      71
      57
      63
      53
      57
      65
      69
      55
      62
      55
      58
      63
      64
      64
      72
      59
      57
      72
      53
      43
      63
      52
      45
      55
      63
      49
      61
      45
      69
      65
      49
      68
      39
      39
      56
      38
      58
      57
      54
      64
      50
      44
      43
      64
      57
      64
      51
      57
      48
      52
      56
      52
      55
      47
      69
      62
      51
      53
      67
      49
      58
      43
      52
      45
      58
      52
      50
      53
      51
      60
      53
      56
      58
      40
      78
      69
      60
      53
      55
      44
      61
      53
      64
      54
      43
      44
      52
      49
      40
      54
      45
      37
      53
      63
      49
      47
      37
      47
      49
      47
      43
      45
      52
      55
      57
      45
      60
      42
      53
      49
      53
      43
      61
      54
      43
      37
      54
      47
      44
      42
      44
      46
      48
      39
      51
      69
      54
      42
      51
      51
      54
      41
      49
      41
      49
      53
      48
      37
      45
      47
      58
      42
      46
      40
      36
      36
      39
      44
      58
      54
      54
      36
      40
      59
      48
      50
      41
      48
      56
      46
      46
      56
      38
      46
      54
      40
      38
      44
      39
      44
      42
      45
      49
      43
      46
      44
      44
      49
      46
      52
      35
      37
      40
      46
      63
      55
      43
      49
      36
      44
      55
      43
      48
      46
      39
      38
      45
      45
      46
      47
      35
      45
      35
      40
      36
      47
      52
      45
      37
      40
      39
      44
      46
      36
      54
      46
      59
      44
      29
      36
      41
      43
      39
      43
      36
      36
      45
      35
      34
      36
      42
      43
      56
      41
      44
      44
      41
      36
      35
      38
      32
      40
      40
      42
      40
      53
      37
      52
      44
      27
      43
      37
      29
      33
      49
      47
      39
      35
      38
      52
      47
      44
      46
      34
      35
      37
      46
      34
      30
      40
      42
      33
      37
      39
      42
      47
      43
      38
      38
      54
      49
      42
      32
      40
      54
      45
      42
      35
      35
      44
      51
      42
      35
      39
      40
      36
      41
      42
      40
      44
      31
      42
      51
      46
      39
      35
      27
      36
      45
      40
      51
      43
      43
      32
      37
      35
      40
      32
      40
      31
      33
      38
      48
      35
      48
      43
      45
      44
      37
      32
      38
      58
      29
      48
      42
      36
      45
      37
      36
      38
      37
      36
      41
      34
      36
      50
      43
      48
      40
      35
      45
      49
      50
      37
      35
      43
      39
      51
      34
      30
      31
      43
      37
      44
      36
      39
      39
      44
      52
      42
      34
      36
      46
      42
      37
      35
      31
      37
      52
      49
      43
      43
      31
      43
      35
      37
      32
      29
      41
      39
      42
      42
      43
      42
      43
      38
      47
      38
      46
      40
      48
      48
      37
      38
      38
      38
      34
      39
      36
      35
      32
      39
      41
      30
      42
      35
      40
      41
      32
      41
      35
      45
      45
      44
      29
      31
      39
      34
      34
      40
      43
      38
      35
      38
      50
      30
      39
      30
      45
      32
      40
      36
      37
      44
      42
      37
      35
      47
      45
      46
      40
      39
      26
      30
      38
      35
      38
      38
      36
      40
      34
      48
      33
      34
      41
      40
      35
      39
      39
      43
      47
      32
      46
      48
      36
      38
      46
      50
      39
      29
      30
      47
      39
      26
      49
      42
      39
      43
      40
      36
      32
      36
      52
      43
      38
      49
      26
      29
      43
      36
      37
      33
      45
      45
      32
      34
      45
      33
      46
      38
      40
      47
      40
      37
      35
      41
      40
      44
      32
      34
      42
      27
      34
      44
      33
      49
      42
      45
      33
      35
      34
      41
      52
      48
      42
      35
      42
      41
      43
      34
      40
      48
      44
      43
      42
      41
      36
      51
      31
      35
      47
      39
      30
      36
      45
      49
      27
      42
      44
      37
      47
      36
      25
      38
      30
      53
      42
      32
      58
      32
      31
      38
      37
      35
      30
      40
      37
      53
      35
      45
      26
      43
      31
      39
      38
      47
      37
      33
      31
      39
      32
      28
      38
      46
      32
      26
      27
      39
      52
      52
      41
      35
      35
      43
      32
      34
      43
      41
      44
      34
      38
      40
      29
      33
      31
      28
      41
      43
      33
      23
      39
      53
      37
      41
      42
      55
      33
      38
      36
      41
      31
      40
      47
      32
      40
      43
      38
      29
      37
      28
      39
      34
      52
      44
      38
      38
      30
      40
      29
      31
      36
      37
      31
      30
      33
      47
      19
      27
      46
      27
      35
      41
      31
      34
      38
      42
      33
      37
      33
      33
      38
      42
      36
      34
      43
      50
      39
      37
      30
      46
      50
      34
      41
      45
      42
      31
      29
      35
      38
      25
      49
      30
      38
      28
      34
      41
      35
      47
      39
      29
      40
      43
      37
      45
      39
      26
      41
      37
      29
      51
      37
      38
      38
      40
      26
      46
      35
      31
      29
      31
      39
      54
      41
      34
      46
      34
      38
      35
      39
      34
      43
      38
      31
      44
      44
      34
      34
      41
      36
      37
      41
      41
      20
      34
      42
      31
      31
      34
      40
      31
      30
      36
      35
      26
      47
      43
      40
      44
      33
      35
      39
      35
      44
      42
      34
      31
      38
      24
      25
      37
      42
      34
      38
      31
      45
      31
      34
      50
      34
      34
      35
      35
      32
      32
      30
      39
      24
      33
      45
      30
      38
      40
      44
      35
      40
      44
      46
      39
      33
      31
      32
      37
      31
      30
      42
      36
      40
      36
      25
      39
      37
      36
      34
      31
      32
      31
      30
      38
      30
      45
      33
      36
      42
      31
      41
      40
      24
      33
      30
      35
      36
      44
      42
      33
      39
      32
      44
      36
      31
      36
      34
      24
      40
      37
      36
      40
      38
      42
      42
      37
      37
      39
      38
      43
      38
      38
      29
      35
      31
      47
      43
      41
      38
      28
      46
      37
      45
      40
      32
      39
      34
      41
      33
      30
      34
      43
      32
      37
      35
      34
      39
      35
      41
      38
      34
      33
      33
      33
      42
      44
      33
      28
      33
      28
      33
      40
      29
      39
      26
      31
      42
      36
      45
      33
      42
      32
      44
      32
      38
      38
      43
      44
      48
      36
      35
      44
      43
      55
      42
      44
      49
      35
      41
      37
      34
      34
      42
      24
      28
      32
      38
      35
      38
      27
      37
      27
      42
      42
      57
      41
      37
      25
      44
      38
      31
      35
      37
      38
      42
      47
      35
      41
      44
      42
      36
      36
      29
      30
      24
      29
      36
      39
      28
      46
      37
      33
      39
      37
      44
      39
      41
      40
      45
      37
      42
      46
      35
      43
      35
      34
      47
      39
      36
      36
      38
      43
      51
      56
      34
      44
      40
      45
      38
      43
      22
      39
      37
      36
      47
      37
      39
      37
      41
      35
      31
      37
      40
      31
      29
      36
      46
      34
      37
      40
      35
      40
      34
      26
      38
      44
      42
      40
      39
      32
      35
      37
      42
      48
      44
      42
      42
      37
      46
      47
      40
      29
      42
      39
      37
      43
      39
      37
      52
      40
      28
      34
      33
      36
      40
      37
      35
      33
      51
      47
      46
      35
      50
      38
      31
      38
      49
      42
      35
      44
      33
      38
      27
      45
      40
      37
      38
      46
      32
      41
      39
      38
      38
      45
      43
      44
      43
      40
      30
      39
      44
      45
      58
      31
      33
      41
      50
      44
      37
      42
      41
      32
      46
      43
      43
      28
      38
      48
      38
      40
      39
      43
      38
      37
      44
      35
      35
      42
      35
      50
      43
      44
      37
      44
      44
      49
      39
      55
      40
      38
      39
      42
      38
      43
      41
      37
      33
      31
      41
      45
      41
      42
      46
      39
      39
      43
      43
      43
      50
      48
      52
      37
      44
      40
      38
      48
      45
      53
      59
      51
      37
      33
      30
      46
      48
      39
      46
      47
      43
      41
      42
      39
      35
      37
      35
      44
      38
      46
      45
      45
      48
      42
      46
      29
      35
      34
      33
      36
      46
      30
      40
      43
      37
      34
      34
      41
      38
      31
      40
      50
      35
      43
      49
      50
      38
      45
      43
      50
      31
      38
      40
      33
      44
      54
      40
      42
      33
      39
      44
      23
      41
      42
      45
      32
      44
      46
      48
      38
      35
      33
      36
      36
      32
      42
      52
      42
      45
      50
      29
      45
      45
      38
      40
      36
      42
      44
      41
      47
      44
      37
      37
      40
      45
      43
      40
      34
      47
      36
      48
      46
      36
      36
      39
      43
      32
      42
      41
      36
      39
      49
      39
      55
      35
      46
      36
      42
      46
      41
      41
      39
      47
      55
      39
      42
      43
      42
      35
      37
      41
      45
      49
      58
      43
      55
      35
      44
      37
      64
      48
      50
      35
      34
      39
      46
      45
      49
      36
      37
      45
      46
      44
      43
      42
      35
      41
      45
      37
      53
      53
      54
      51
      54
      40
      40
      39
      37
      43
      53
      44
      43
      47
      40
      47
      42
      53
      53
      38
      49
      43
      53
      49
      44
      38
      38
      42
      48
      57
      56
      40
      47
      46
      41
      52
      41
      51
      37
      39
      39
      41
      29
      43
      46
      39
      43
      41
      44
      46
      41
      55
      43
      42
      55
      41
      40
      47
      56
      41
      41
      52
      42
      45
      45
      37
      49
      53
      37
      44
      45
      50
      52
      34
      43
      62
      41
      52
      43
      45
      47
      45
      40
      53
      49
      51
      48
      40
      47
      56
      40
      54
      40
      37
      56
      53
      50
      44
      48
      60
      41
      34
      50
      40
      55
      40
      41
      54
      54
      47
      48
      46
      49
      45
      40
      60
      49
      38
      35
      54
      45
      48
      46
      58
      42
      62
      48
      48
      46
      38
      40
      52
      47
      40
      33
      50
      46
      53
      49
      51
      44
      48
      40
      50
      36
      45
      45
      51
      49
      37
      44
      46
      43
      34
      51
      47
      51
      51
      34
      56
      27
      48
      51
      45
      51
      49
      45
      58
      45
      53
      37
      49
      52
      58
      42
      47
      32
      52
      52
      40
      41
      53
      60
      58
      45
      47
      46
      54
      34
      45
      45
      41
      37
      40
      45
      51
      53
      47
      56
      44
      54
      46
      51
      40
      38
      39
      43
      42
      44
      47
      45
      40
      30
      42
      45
      64
      43
      36
      42
      56
      51
      53
      43
      57
      41
      42
      46
      37
      50
      51
      59
      56
      54
      47
      57
      53
      42
      55
      46
      41
      52
      55
      57
      42
      55
      48
      47
      36
      54
      39
      43
      46
      42
      61
      65
      57
      40
      48
      34
      42
      70
      46
      47
      49
      55
      39
      35
      57
      42
      54
      37
      42
      60
      62
      55
      55
      51
      52
      46
      43
      55
      58
      60
      54
      55
      49
      53
      56
      56
      60
      47
      42
      37
      45
      38
      50
      56
      47
      46
      51
      46
      44
      35
      56
      56
      36
      32
      46
      38
      51
      47
      38
      42
      41
      49
      43
      45
      42
      41
      46
      39
      46
      45
      49
      35
      40
      45
      42
      50
      45
      42
      46
      49
      56
      37
      41
      34
      43
      35
      41
      45
      39
      45
      51
      48
      43
      37
      36
      52
      42
      63
      38
      43
      41
      40
      45
      46
      31
      46
      44
      32
      36
      41
      43
      33
      41
      38
      43
      41
      42
      35
      40
      26
      38
      32
      38
      39
      33
      39
      35
      41
      47
      43
      29
      54
      33
      30
      36
      40
      33
      35
      37
      42
      27
      35
      39
      40
      30
      31
      36
      42
      50
      28
      34
      21
      37
      36
      35
      38
      37
      23
      34
      33
      31
      39
      39
      33
      36
      27
      32
      35
      34
      33
      29
      37
      29
      24
      27
      31
      32
      32
      30
      38
      26
      34
      33
      33
      26
      48
      30
      34
      32
      36
      28
      36
      30
      38
      32
      33
      30
      20
      36
      30
      30
      26
      30
      27
      22
      35
      22
      21
      29
      33
      36
      26
      28
      34
      33
      36
      20
      30
      34
      29
      33
      35
      31
      27
      33
      29
      37
      33
      32
      36
      35
      30
      28
      25
      28
      24
      25
      36
      31
      22
      31
      31
      32
      18
      24
      25
      26
      31
      21
      38
      30
      26
      25
      29
      25
      36
      33
      28
      25
      37
      32
      37
      34
      18
      29
      29
      22
      21
      29
      30
      32
      31
      33
      29
      27
      23
      24
      20
      24
      22
      35
      24
      25
      32
      26
      37
      26
      34
      36
      35
      33
      33
      24
      35
      31
      29
      31
      30
      18
      34
      28
      26
      23
      23
      32
      35
      28
      27
      28
      37
      37
      20
      33
      37
      27
      32
      32
      32
      35
      29
      31
      18
      30
      25
      31
      29
      40
      37
      34
      28
      39
      30
      27
      34
      30
      29
      31
      36
      28
      32
      19
      28
      32
      26
      30
      20
      29
      35
      23
      22
      26
      23
      28
      35
      27
      31
      35
      23
      25
      27
      26
      26
      33
      30
      19
      38
      25
      31
      32
      29
      28
      34
      33
      44
      30
      29
      23
      33
      41
      33
      19
      36
      27
      34
      33
      23
      29
      25
      33
      25
      21
      28
      24
      31
      28
      36
      33
      27
      25
      27
      28
      25
      24
      27
      31
      41
      27
      34
      22
      31
      28
      37
      32
      42
      36
      41
      24
      37
      24
      27
      33
      32
      30
      28
      30
      26
      29
      30
      33
      38
      41
      34
      28
      39
      33
      31
      22
      36
      34
      27
      25
      40
      28
      25
      33
      32
      30
      29
      33
      26
      24
      49
      35
      21
      30
      22
      39
      33
      34
      25
      39
      26
      45
      40
      31
      33
      42
      32
      29
      39
      39
      51
      34
      35
      25
      38
      39
      44
      36
      37
      33
      43
      39
      49
      45
      34
      38
      40
      37
      47
      55
      39
      47
      50
      44
      47
      44
      44
      46
      44
      35
      54
      43
      36
      48
      45
      56
      55
      56
      44
      51
      47
      49
      62
      58
      60
      53
      42
      62
      66
      59
      60
      57
      62
      62
      62
      51
      67
      48
      62
      63
      51
      85
      72
      57
      61
      58
      68
      54
      56
      63
      70
      70
      61
      56
      75
      65
      93
      71
      84
      77
      73
      73
      74
      77
      80
      82
      78
      64
      54
      76
      84
      93
      84
      85
      79
      79
      81
      81
      78
      77
      85
      85
      89
      76
      78
      99
     116
      83
      85
      90
     100
      89
     112
      90
      86
      92
      95
      97
      86
      81
      89
      88
     102
      98
     104
     100
     115
      86
     101
     102
      92
      94
     127
     115
     102
     110
      97
     100
      96
     116
      90
      95
     113
      99
      94
      98
     111
      91
      91
     101
     115
      98
     117
      91
     103
     102
     104
      92
      95
     105
     116
      95
      94
      94
     101
      93
      74
      91
      93
      95
     107
     109
      95
     101
      87
      93
      87
      95
      75
     102
      89
     104
      91
      98
      80
      78
      72
      92
      80
      76
     102
      84
      83
      97
      96
      80
      87
      82
      96
      72
      80
      87
      85
      88
      69
      67
      73
      71
      63
      68
      72
      67
      84
      69
      73
      74
      68
      67
      74
      58
      68
      76
      68
      65
      59
      75
      67
      52
      74
      63
      50
      60
      66
      58
      65
      62
      63
      50
      53
      45
      58
      55
      48
      53
      64
      51
      48
      47
      55
      49
      51
      50
      44
      62
      44
      37
      53
      43
      44
      36
      43
      40
      37
      35
      48
      46
      40
      36
      37
      48
      32
      37
      40
      38
      38
      22
      26
      22
      36
      37
      33
      36
      28
      37
      15
      33
      35
      39
      24
      26
      30
      18
      28
      27
      24
      36
      25
      33
      26
      26
      30
      27
      24
      35
      23
      23
      18
      21
      17
      29
      18
      27
      22
      17
      21
      24
      18
      19
      21
      25
      21
      15
      19
      19
      16
      19
      18
      14
      24
      12
      16
      16
      23
      12
      18
      20
      20
      19
      21
      21
      15
      19
      20
      22
      18
      18
      22
      21
      26
      18
      17
      12
      15
      21
      16
      23
      16
      21
      22
      23
      28
      18
      24
      23
      23
      22
      28
      15
      28
      21
      21
      28
      25
      20
      28
      20
      27
      24
      22
      26
      18
      21
      27
      34
      23
      34
      22
      23
      30
      16
      28
      27
      22
      21
      29
      21
      26
      23
      27
      25
      39
      33
      25
      28
      21
      38
      24
      27
      40
      29
      23
      32
      32
      25
      25
      33
      34
      36
      40
      39
      30
      43
      46
      44
      34
      38
      45
      46
      41
      50
      39
      35
      50
      43
      38
      41
      54
      37
      39
      43
      55
      45
      49
      52
      54
      48
      56
      42
      48
      57
      55
      59
      61
      49
      52
      55
      48
      68
      59
      52
      61
      55
      53
      57
      58
      43
      61
      49
      50
      65
      72
      53
      68
      64
      54
      62
      67
      70
      47
      61
      83
      75
      58
      61
      69
      63
      71
      77
      66
      66
      69
      55
      69
      67
      54
      72
      60
      67
      65
      79
      69
      90
      84
      74
      77
      78
      66
      70
      85
      74
      69
      78
      94
      71
      76
      59
      68
      65
      79
      76
      64
      64
      72
      73
      85
      79
      88
      81
      73
      87
      82
      70
      64
      78
      67
      76
      66
      74
      76
      85
      74
      78
      80
      75
      73
      62
      66
      77
      93
      61
      70
      81
      78
      60
      83
      61
      66
      70
      88
      68
      65
      70
      51
      72
      55
      63
      71
      66
      63
      68
      68
      65
      57
      79
      56
      66
      61
      64
      64
      68
      67
      68
      67
      63
      74
      56
      65
      56
      69
      62
      75
      53
      53
      47
      55
      59
      60
      72
      53
      67
      53
      61
      54
      51
      46
      49
      48
      64
      62
      51
      38
      43
      61
      53
      46
      45
      42
      40
      43
      45
      50
      51
      56
      38
      46
      54
      38
      41
      38
      40
      41
      43
      53
      36
      44
      42
      38
      26
      37
      43
      30
      41
      41
      33
      27
      36
      46
      26
      22
      27
      39
      21
      23
      20
      27
      29
      24
      36
      23
      36
      35
      28
      31
      25
      25
      30
      30
      24
      19
      18
      26
      20
      18
      25
      18
      18
      20
      29
      19
      13
      19
      20
      21
      22
      27
      15
      29
      24
      15
      17
      13
      21
      18
      18
      17
      13
      14
      13
      19
      19
      10
      15
       9
      11
      14
      15
      20
      15
      18
      13
       7
       8
      15
      12
       8
      11
       6
       8
      10
       9
      11
      10
       9
      12
      10
       7
      10
       5
      13
      11
      11
       7
       7
       6
       5
      13
       5
       6
       6
       7
      11
       7
       6
      13
       7
       9
       4
       7
       5
       5
       8
       3
       9
      10
       9
       9
       5
       7
       4
      13
       6
       4
       4
       1
       5
       6
       6
       8
       3
       3
       3
       5
       5
       7
       7
       7
       4
       4
       7
       7
       6
       5
      10
       4
       2
       9
       6
       8
       7
       6
       5
       4
       7
       2
       4
       8
       2
       4
       2
       5
       2
       1
       6
       6
       4
       2
       4
       5
       7
       5
       3
       6
       1
       3
       3
       7
       4
       6
       4
       3
       9
       3
       1
       4
       6
       4
       0
       3
      10
       4
       5
       4
       6
       3
       4
       6
       3
       2
       4
       6
       1
       5
       8
       4
       7
       3
       5
       1
       2
       1
       6
       4
       6
       2
       0
       3
       3
       9
       2
       2
       3
       3
      10
       4
       4
       2
       5
       5
       3
       3
       1
       1
       1
       3
       4
       1
       5
       4
       3
       3
       3
       0
       1
       2
       3
       5
       1
       5
       8
       3
       4
       2
       2
       3
       1
       3
       2
       3
       2
       4
       5
       1
       3
       1
       4
       4
       3
       5
       5
       7
       1
       5
       5
       2
       2
       4
       1
       3
       5
       5
       1
       2
       1
       3
       3
       5
       2
       1
       0
       2
       3
       1
       4
       0
       0
       1
       5
       2
       2
       1
       2
       2
       3
       5
       1
       3
       2
       1
       0
       5
       3
       5
       6
       3
       2
       4
       1
       2
       0
       4
       4
       4
       0
       0
       1
       1
       1
       2
       3
       3
       3
       2
       2
       5
       1
       3
       1
       3
       4
       0
       3
       4
       2
       0
       1
       3
       2
       2
       1
       2
       2
       1
       3
       7
       2
       0
       3
       3
       2
       0
       4
       2
       2
       2
       1
       3
       1
       2
       3
       2
       0
       2
       0
       4
       1
       1
       3
       1
       2
       1
       2
       3
       2
       2
       5
       3
       1
       2
       3
       2
       0
       4
       0
       2
       5
       1
       1
       8
       3
       1
       2
       3
       1
       3
       2
       2
       3
       2
       3
       2
       2
       1
       2
       2
       2
       3
       3
       1
       0
       1
       3
       2
       0
       4
       1
       3
       2
       0
       4
       1
       1
       1
       1
       3
       0
       1
       3
       1
       2
       0
       2
       1
       4
       1
       2
       2
       4
       5
       3
       0
       1
       1
       1
       3
       5
       1
       0
       3
       1
       1
       2
       2
       2
       1
       1
       1
       4
       2
       3
       3
       2
       2
       2
       2
       3
       0
       1
       2
       2
       6
       3
       3
       3
       3
       0
       1
       1
       4
       0
       2
       0
       1
       2
       1
       1
       1
       0
       1
       1
       2
       2
       2
       2
       3
       2
       1
       1
       2
       1
       2
       3
       1
       2
       2
       1
       4
       0
       5
       2
       2
       1
       1
       3
       0
       1
       7
       1
       2
       4
       2
       5
       5
       2
       1
       2
       4
       0
       2
       2
       1
       3
       3
       2
       3
       2
       3
       1
       0
       1
       0
       1
       2
       0
       1
       3
       2
       1
       1
       0
       4
       0
       0
       0
       2
       2
       0
       3
       0
       2
       1
       3
       2
       0
       2
       3
       2
       8
       0
       3
       5
       3
       4
       0
       4
       0
       2
       2
       1
       4
       3
       1
       2
       0
       2
       1
       2
       2
       2
       0
       6
       0
       1
       0
       0
       3
       1
       1
       0
       2
       4
       2
       2
       2
       2
       1
       2
       1
       1
       2
       4
       2
       0
       1
       0
       3
       1
       6
       2
       3
       0
       0
       0
       0
       0
       0
       0
       0
       0
       0
       0
       0
       0
       0
       0
       0
       0
       0
       0
       0
       0
       0
       0
       0
       0
       0
       0
       0
       0
       0
       0
       0
       0
       0
       0
       0
       0
       0
       0
       0
       0
       0
       0
       0
       0
       0
       0
       0
       0
       0
       0
       0
       0
       0
       0
       0
       0
       0
       0
       0
       0
       0
       0
       0
       0
$ROI:
6
62 146
262 339
480 619
731 874
2463 2714
2812 3073
$PRESETS:
None
0
0
$ENER_FIT:
-10.748076 0.454545
$MCA_CAL:
3
-1.074808E+001 4.545455E-001 0.000000E+000 keV
$SHAPE_CAL:
3
1.227145E+003 -8.889956E-001 1.664595E-004
