$SPEC_ID:
No sample description was entered.
$SPEC_REM:
DET# 2
DETDESC# PHY-0040-AA Easy-MCA-8k SN 21098639
AP# Maestro Version 7.01
$DATE_MEA:
03/10/2025 09:37:56
$MEAS_TIM:
653 657
$DATA:
0 4095
       0
       0
       0
       0
       0
       0
       0
       0
       0
       0
       0
       0
       0
       0
       0
       0
       0
       0
       0
       0
       0
       0
       0
       0
       0
       0
       0
       0
       0
       0
      43
      73
      77
      70
      70
      66
      65
      81
      86
      64
      69
      77
      89
      74
      70
      66
      85
      69
      79
      73
      94
      69
      88
      66
      80
      92
      85
      73
      80
      74
      99
      91
      96
      86
      79
     105
     111
      98
     106
     114
     117
     119
     134
     136
     156
     144
     171
     172
     184
     164
     204
     217
     225
     222
     220
     242
     230
     270
     259
     248
     260
     255
     254
     250
     240
     225
     253
     216
     201
     206
     183
     197
     188
     166
     169
     165
     161
     142
     159
     139
     125
     130
     145
     130
     122
     108
     113
     114
     107
     102
     104
     124
     105
     129
     105
      93
     125
     121
     121
     104
     119
     121
     111
     116
      98
     124
     119
     119
     106
     140
     108
     120
     111
     130
     127
     115
     109
     133
     139
     118
     125
     126
     160
     127
     139
     143
     147
     134
     160
     151
     156
     136
     148
     160
     149
     167
     157
     148
     180
     141
     131
     172
     142
     161
     155
     168
     156
     184
     191
     192
     166
     147
     171
     163
     168
     182
     188
     176
     174
     178
     198
     189
     171
     180
     192
     202
     206
     157
     212
     182
     210
     190
     219
     212
     176
     205
     186
     198
     245
     220
     240
     216
     215
     243
     239
     247
     265
     240
     270
     267
     248
     239
     265
     261
     278
     277
     283
     289
     259
     321
     287
     289
     329
     316
     288
     301
     322
     319
     322
     324
     339
     371
     317
     353
     340
     359
     362
     386
     369
     365
     371
     342
     379
     322
     357
     343
     332
     362
     412
     351
     318
     332
     339
     333
     340
     318
     309
     334
     322
     338
     306
     344
     304
     299
     293
     290
     302
     298
     282
     302
     309
     326
     271
     290
     290
     250
     287
     288
     286
     300
     286
     313
     261
     303
     296
     309
     289
     283
     281
     326
     307
     308
     322
     296
     334
     321
     361
     337
     357
     341
     380
     411
     423
     440
     415
     470
     511
     493
     555
     573
     579
     646
     700
     658
     711
     735
     837
     819
     860
     934
     967
    1020
    1058
    1123
    1157
    1150
    1155
    1228
    1303
    1268
    1264
    1275
    1379
    1376
    1360
    1336
    1321
    1317
    1294
    1325
    1334
    1345
    1331
    1275
    1259
    1208
    1230
    1191
    1163
    1043
    1052
    1011
     984
     982
     900
     875
     840
     787
     799
     728
     710
     675
     655
     612
     597
     558
     589
     557
     546
     490
     510
     468
     443
     399
     416
     388
     391
     404
     390
     370
     345
     344
     336
     351
     344
     288
     288
     309
     264
     312
     271
     288
     269
     278
     248
     236
     229
     250
     238
     222
     224
     229
     229
     234
     230
     233
     209
     179
     190
     195
     213
     186
     181
     198
     183
     183
     174
     189
     206
     170
     168
     183
     179
     200
     180
     158
     172
     177
     154
     175
     162
     188
     162
     164
     165
     159
     174
     151
     177
     173
     171
     165
     169
     165
     183
     162
     171
     165
     171
     157
     170
     162
     167
     167
     181
     159
     195
     184
     153
     143
     150
     178
     174
     179
     161
     154
     161
     182
     185
     169
     152
     168
     147
     157
     155
     149
     160
     167
     160
     165
     160
     153
     161
     164
     146
     179
     157
     169
     143
     143
     136
     167
     150
     126
     155
     142
     169
     139
     145
     148
     182
     163
     167
     128
     152
     161
     149
     165
     155
     138
     144
     143
     136
     158
     157
     153
     143
     154
     154
     165
     145
     158
     157
     162
     138
     137
     171
     148
     150
     128
     145
     155
     142
     144
     152
     153
     152
     141
     156
     139
     169
     156
     160
     151
     168
     158
     144
     169
     170
     164
     165
     173
     156
     150
     159
     160
     132
     165
     135
     141
     169
     142
     157
     140
     139
     137
     165
     147
     145
     164
     141
     142
     173
     136
     156
     166
     143
     137
     134
     158
     133
     158
     149
     136
     131
     141
     153
     148
     160
     154
     161
     165
     160
     147
     156
     157
     157
     147
     145
     151
     162
     139
     165
     149
     162
     153
     147
     132
     144
     152
     165
     155
     137
     131
     148
     122
     142
     147
     139
     137
     136
     141
     124
     129
     131
     133
     132
     141
     126
     128
     136
     142
     147
     145
     117
     137
     133
     165
     120
     130
     116
     106
     120
     135
     115
     149
     134
     133
     111
     133
     123
     138
     140
     112
     127
     128
     125
     122
     125
     124
     134
     140
     127
     134
     109
     114
     116
     113
     119
     125
     109
     121
     133
     145
     117
     106
     141
     131
     114
     114
     133
     105
     106
      91
      99
      97
     115
     130
     125
     118
     123
     115
     110
     102
     109
     129
     100
     113
     119
     115
     106
      96
     110
     102
      97
      88
     115
     110
     112
      96
     126
     105
      96
     100
     101
      91
     109
     123
     112
     112
     101
     123
     100
     119
     104
     115
      93
     114
     124
     113
     111
     126
     101
     112
     125
     100
      91
     115
      96
      92
      93
     124
      87
     113
      79
     125
     111
      97
     121
      81
      79
     102
      87
     111
     100
     106
     106
     113
      91
      92
     114
      92
     115
      88
      96
     110
      98
      97
      99
      94
      90
     119
     109
      91
      99
     115
      88
      98
      96
      98
      94
     115
      97
      97
     101
      91
     118
     100
     102
      99
      85
     126
     114
     111
      95
     100
      89
     102
      95
     115
      98
      96
      77
      97
      87
      77
      97
      84
      78
      95
     101
      94
      85
      85
      89
     103
      81
      91
      81
      90
      84
     104
      81
      96
      76
      94
      95
      99
      85
      88
      97
      83
      79
      90
      90
      98
      78
      92
      90
      91
      77
      88
     110
      83
      84
      85
      84
     105
      73
      92
      70
      88
      83
      91
      82
      82
      82
     100
      76
      78
      86
      76
      89
      92
      86
      96
      91
     102
      70
      88
      98
      77
      89
      89
      89
      96
      85
      92
      97
      87
      90
      98
      88
      79
      89
      78
      87
      79
     105
      86
      85
      89
      80
      94
     104
      85
      92
      82
      78
      89
      88
     110
      87
      84
     101
      80
      96
      89
      85
      94
      93
      88
      75
      92
      91
      82
      91
      82
      84
      83
      86
      83
     100
      98
      91
      84
      90
      73
      84
      86
      87
     106
     102
     101
      83
      73
      66
      84
      94
      73
      86
      71
      69
      81
      81
      67
      82
      90
      89
     109
      70
      93
      82
      81
      75
      70
      65
      66
      78
      80
      87
      71
      88
      66
      92
      79
      66
      73
      67
      64
      69
      86
      77
      71
      78
      77
      76
      80
      70
      74
      56
      56
      77
      81
      62
      49
      70
      68
      65
      67
      68
      58
      68
      74
      59
      63
      72
      79
      69
      63
      71
      75
      73
      67
      54
      62
      62
      67
      63
      50
      65
      54
      65
      62
      66
      58
      62
      52
      66
      73
      75
      58
      47
      48
      59
      70
      56
      71
      68
      65
      53
      60
      51
      62
      46
      53
      54
      54
      63
      65
      58
      64
      59
      65
      59
      76
      50
      58
      76
      49
      61
      54
      58
      59
      59
      47
      53
      57
      52
      58
      53
      53
      74
      57
      71
      54
      54
      56
      67
      68
      51
      57
      63
      54
      69
      53
      45
      43
      60
      53
      66
      59
      52
      59
      57
      67
      53
      41
      56
      66
      59
      52
      51
      54
      48
      68
      63
      59
      57
      43
      58
      50
      57
      47
      42
      55
      57
      53
      52
      57
      52
      57
      53
      66
      46
      65
      54
      65
      68
      48
      53
      50
      51
      48
      61
      54
      51
      49
      55
      53
      52
      59
      44
      55
      64
      45
      56
      48
      61
      62
      53
      46
      39
      59
      51
      49
      55
      57
      56
      48
      46
      63
      50
      49
      47
      59
      47
      64
      55
      45
      63
      55
      48
      54
      61
      56
      53
      48
      53
      37
      43
      56
      51
      53
      61
      58
      53
      53
      65
      50
      47
      56
      49
      51
      54
      52
      56
      56
      51
      62
      66
      51
      56
      58
      68
      57
      41
      44
      69
      56
      43
      57
      57
      57
      62
      55
      51
      50
      48
      69
      56
      51
      67
      53
      46
      53
      56
      47
      51
      60
      61
      47
      53
      61
      47
      64
      53
      53
      65
      58
      55
      52
      52
      61
      57
      49
      55
      65
      41
      59
      68
      47
      74
      59
      64
      56
      59
      51
      64
      69
      72
      59
      60
      70
      69
      66
      55
      57
      64
      72
      65
      56
      67
      52
      72
      52
      57
      72
      57
      55
      55
      63
      70
      56
      64
      67
      62
      69
      67
      49
      75
      55
      83
      66
      60
      89
      51
      52
      63
      57
      71
      51
      67
      60
      76
      63
      66
      57
      58
      52
      68
      58
      74
      69
      57
      54
      75
      55
      57
      59
      64
      54
      59
      56
      54
      80
      87
      65
      58
      63
      62
      59
      49
      62
      72
      68
      55
      64
      59
      46
      61
      51
      61
      59
      61
      57
      41
      62
      69
      57
      57
      68
      76
      65
      59
      59
      64
      50
      55
      69
      49
      61
      61
      61
      49
      58
      40
      56
      48
      70
      57
      59
      50
      39
      56
      44
      54
      48
      51
      50
      40
      51
      63
      34
      43
      66
      45
      50
      50
      46
      48
      54
      54
      43
      50
      44
      49
      50
      53
      55
      45
      56
      64
      51
      55
      40
      55
      64
      48
      50
      54
      50
      43
      42
      43
      47
      44
      61
      44
      53
      36
      48
      52
      41
      52
      48
      37
      51
      54
      47
      58
      54
      40
      52
      44
      37
      62
      47
      55
      49
      45
      34
      56
      47
      39
      39
      47
      46
      71
      52
      43
      59
      43
      48
      46
      50
      50
      55
      45
      44
      62
      54
      36
      40
      53
      48
      46
      50
      49
      30
      44
      55
      41
      39
      43
      47
      39
      38
      48
      45
      39
      55
      57
      47
      57
      37
      44
      48
      45
      56
      49
      42
      39
      43
      31
      45
      45
      52
      44
      52
      37
      54
      44
      53
      60
      44
      45
      46
      48
      40
      39
      42
      48
      32
      47
      55
      42
      45
      44
      54
      46
      51
      54
      51
      51
      40
      41
      45
      48
      43
      38
      49
      45
      46
      50
      32
      43
      47
      45
      44
      40
      38
      41
      46
      42
      37
      59
      46
      52
      52
      40
      46
      52
      36
      44
      40
      42
      42
      53
      51
      45
      55
      39
      54
      56
      47
      44
      44
      32
      50
      46
      44
      54
      45
      50
      51
      44
      48
      54
      55
      52
      50
      43
      36
      42
      37
      56
      55
      54
      51
      39
      53
      48
      55
      50
      38
      58
      43
      47
      46
      42
      43
      49
      37
      45
      47
      42
      48
      46
      47
      54
      42
      44
      47
      42
      51
      52
      38
      34
      45
      45
      43
      46
      39
      50
      28
      46
      52
      42
      57
      44
      51
      36
      58
      42
      48
      45
      54
      54
      64
      45
      47
      57
      56
      66
      50
      48
      57
      45
      50
      43
      42
      41
      56
      31
      42
      43
      46
      43
      51
      45
      46
      40
      53
      51
      72
      55
      45
      31
      56
      50
      41
      41
      48
      45
      54
      55
      43
      52
      55
      50
      45
      49
      42
      43
      35
      39
      50
      53
      43
      54
      41
      42
      43
      45
      51
      44
      51
      53
      56
      49
      49
      59
      45
      50
      43
      40
      53
      46
      47
      44
      45
      49
      66
      67
      43
      51
      56
      51
      45
      56
      31
      51
      50
      46
      57
      45
      47
      49
      54
      41
      41
      48
      47
      38
      38
      42
      53
      40
      46
      47
      39
      51
      47
      34
      48
      51
      49
      52
      46
      43
      41
      43
      53
      51
      48
      48
      50
      46
      54
      56
      48
      40
      48
      43
      45
      50
      50
      42
      65
      44
      39
      40
      42
      44
      49
      44
      43
      37
      56
      53
      53
      40
      57
      47
      37
      46
      63
      52
      40
      51
      42
      50
      33
      51
      44
      45
      43
      51
      39
      45
      43
      46
      45
      49
      48
      52
      53
      50
      37
      43
      51
      51
      65
      36
      38
      50
      57
      50
      42
      46
      52
      35
      50
      49
      45
      36
      45
      57
      42
      45
      42
      45
      43
      48
      56
      39
      41
      48
      43
      55
      53
      50
      47
      46
      49
      59
      46
      63
      47
      42
      47
      51
      41
      45
      54
      42
      39
      34
      49
      50
      47
      49
      53
      44
      49
      48
      52
      51
      65
      53
      59
      44
      51
      45
      43
      52
      55
      62
      64
      57
      43
      40
      34
      52
      56
      47
      53
      53
      51
      50
      49
      47
      41
      42
      44
      49
      46
      51
      50
      51
      57
      49
      50
      34
      38
      37
      41
      46
      54
      36
      42
      46
      44
      39
      46
      43
      44
      35
      42
      59
      39
      46
      54
      57
      45
      50
      50
      58
      36
      41
      49
      34
      52
      60
      43
      51
      36
      45
      49
      31
      49
      45
      47
      37
      50
      53
      54
      46
      40
      39
      43
      42
      35
      47
      57
      46
      53
      56
      31
      48
      51
      43
      44
      40
      51
      52
      45
      50
      52
      43
      41
      49
      51
      47
      44
      38
      52
      41
      54
      56
      43
      37
      50
      47
      42
      49
      43
      37
      49
      55
      50
      62
      41
      51
      43
      47
      52
      44
      47
      44
      53
      57
      43
      45
      51
      49
      44
      41
      46
      55
      50
      66
      49
      64
      38
      53
      42
      70
      57
      57
      41
      43
      44
      50
      50
      56
      42
      46
      56
      54
      47
      51
      46
      44
      50
      51
      46
      59
      61
      60
      54
      63
      47
      46
      45
      44
      46
      57
      52
      49
      55
      47
      56
      48
      56
      56
      47
      58
      48
      56
      51
      49
      47
      41
      45
      52
      62
      67
      50
      56
      55
      45
      56
      48
      54
      50
      48
      49
      48
      32
      45
      53
      47
      50
      48
      51
      54
      54
      65
      50
      48
      56
      45
      45
      55
      64
      47
      45
      56
      46
      49
      51
      41
      57
      56
      43
      51
      55
      54
      63
      42
      44
      67
      51
      63
      51
      51
      53
      51
      46
      58
      53
      57
      58
      45
      51
      67
      49
      58
      45
      45
      64
      58
      56
      46
      50
      61
      49
      38
      56
      53
      64
      49
      45
      60
      62
      51
      55
      52
      54
      49
      46
      62
      52
      46
      41
      61
      53
      57
      53
      64
      44
      68
      57
      57
      49
      45
      50
      56
      49
      45
      38
      55
      52
      59
      55
      57
      47
      56
      47
      57
      41
      52
      53
      59
      57
      44
      48
      51
      45
      39
      55
      51
      65
      55
      37
      61
      36
      55
      54
      48
      57
      54
      58
      66
      51
      59
      40
      55
      62
      64
      48
      51
      36
      64
      59
      51
      47
      58
      63
      65
      52
      52
      48
      58
      45
      50
      51
      44
      43
      48
      48
      60
      60
      56
      66
      52
      59
      51
      58
      53
      45
      49
      49
      47
      54
      52
      48
      48
      35
      44
      47
      68
      46
      40
      50
      62
      57
      57
      47
      64
      49
      46
      53
      47
      61
      54
      61
      61
      62
      55
      64
      58
      44
      60
      51
      49
      57
      63
      59
      49
      59
      52
      53
      41
      63
      43
      48
      50
      47
      69
      70
      63
      49
      63
      38
      54
      77
      50
      54
      52
      64
      44
      37
      62
      50
      58
      40
      44
      64
      77
      61
      58
      57
      58
      48
      54
      62
      63
      64
      61
      58
      51
      58
      64
      64
      62
      52
      49
      43
      50
      44
      53
      61
      56
      52
      56
      49
      47
      42
      62
      61
      47
      37
      50
      42
      53
      56
      44
      47
      42
      53
      48
      50
      47
      47
      51
      43
      49
      47
      56
      42
      47
      51
      48
      55
      53
      52
      52
      54
      62
      44
      45
      37
      48
      37
      45
      52
      44
      47
      57
      54
      47
      43
      45
      59
      48
      65
      41
      46
      49
      42
      48
      55
      36
      54
      48
      37
      41
      47
      49
      38
      45
      46
      49
      48
      46
      40
      42
      36
      43
      33
      44
      43
      39
      45
      41
      56
      54
      47
      35
      62
      37
      38
      44
      46
      38
      42
      41
      44
      33
      39
      41
      44
      33
      41
      43
      46
      57
      34
      42
      26
      40
      40
      40
      41
      46
      29
      41
      38
      35
      42
      42
      37
      37
      32
      36
      41
      38
      40
      33
      43
      31
      29
      32
      36
      45
      38
      36
      45
      31
      37
      36
      39
      34
      53
      36
      38
      35
      38
      33
      44
      34
      43
      35
      40
      31
      30
      40
      33
      33
      29
      34
      32
      24
      36
      26
      23
      36
      39
      40
      34
      35
      39
      35
      38
      24
      32
      38
      37
      39
      38
      39
      31
      39
      30
      38
      38
      34
      40
      36
      33
      30
      32
      33
      28
      32
      38
      38
      22
      33
      34
      36
      21
      25
      30
      34
      32
      28
      43
      36
      31
      29
      34
      27
      37
      34
      31
      33
      40
      38
      39
      38
      18
      33
      34
      25
      29
      32
      35
      35
      32
      37
      33
      29
      26
      28
      26
      27
      24
      38
      31
      31
      37
      30
      40
      30
      38
      40
      43
      39
      36
      27
      41
      34
      35
      37
      33
      26
      36
      31
      35
      24
      25
      41
      38
      38
      33
      33
      40
      39
      23
      39
      40
      31
      37
      37
      39
      38
      34
      36
      20
      34
      30
      35
      33
      48
      39
      34
      30
      42
      31
      30
      37
      34
      31
      34
      39
      33
      36
      20
      33
      40
      29
      34
      23
      35
      39
      27
      26
      33
      28
      29
      40
      28
      35
      39
      26
      33
      32
      29
      29
      39
      37
      22
      41
      26
      34
      33
      33
      29
      37
      36
      51
      33
      32
      28
      38
      43
      37
      22
      38
      31
      35
      36
      27
      34
      27
      34
      28
      26
      30
      27
      37
      31
      36
      39
      30
      31
      27
      32
      28
      28
      28
      35
      44
      28
      38
      25
      34
      29
      41
      36
      45
      41
      44
      29
      43
      29
      27
      39
      36
      33
      30
      39
      28
      32
      34
      37
      41
      42
      40
      31
      44
      35
      34
      28
      38
      36
      31
      27
      46
      29
      29
      39
      38
      32
      33
      36
      28
      29
      53
      36
      26
      33
      25
      41
      36
      36
      26
      45
      32
      52
      43
      34
      35
      44
      38
      36
      46
      41
      52
      37
      39
      30
      44
      42
      48
      39
      40
      36
      48
      47
      56
      49
      35
      43
      45
      40
      53
      58
      43
      48
      54
      48
      48
      52
      50
      49
      47
      40
      59
      48
      42
      51
      49
      59
      61
      60
      47
      53
      50
      52
      66
      61
      66
      59
      44
      65
      72
      66
      60
      60
      70
      68
      68
      54
      70
      50
      68
      65
      53
      89
      77
      65
      74
      61
      71
      57
      61
      67
      74
      72
      68
      62
      80
      69
     105
      75
      93
      80
      76
      79
      78
      80
      83
      87
      83
      65
      57
      79
      86
      97
      87
      87
      87
      83
      93
      89
      82
      84
      89
      93
      91
      86
      79
     103
     120
      89
      90
      94
     101
      92
     117
      96
      92
      97
     101
     101
      90
      91
      97
      93
     106
     103
     108
     104
     121
      95
     104
     108
     100
      98
     132
     124
     108
     114
     104
     102
     100
     123
      94
     100
     121
     105
      97
     107
     118
     102
     100
     108
     118
     101
     127
      96
     109
     106
     107
      96
     107
     110
     118
     103
     100
     100
     105
      97
      79
      97
     100
     100
     112
     120
     103
     108
      96
      98
      91
      98
      80
     107
      99
     108
      96
     102
      87
      84
      75
      94
      85
      86
     110
      88
      86
     106
      99
      87
      97
      91
     103
      76
      84
      90
      90
      94
      73
      73
      78
      72
      72
      75
      79
      73
      92
      74
      78
      77
      76
      70
      77
      66
      71
      82
      72
      70
      66
      79
      74
      54
      81
      70
      53
      61
      72
      60
      69
      72
      68
      52
      56
      51
      64
      57
      56
      56
      69
      54
      52
      52
      63
      51
      55
      52
      50
      65
      50
      40
      60
      46
      48
      41
      50
      45
      42
      41
      52
      49
      50
      40
      42
      54
      32
      38
      46
      42
      40
      25
      31
      24
      42
      40
      35
      40
      33
      38
      22
      43
      40
      42
      32
      29
      32
      19
      32
      29
      28
      36
      29
      36
      30
      32
      33
      32
      28
      37
      23
      24
      20
      23
      21
      31
      22
      31
      26
      21
      26
      25
      20
      21
      22
      29
      23
      17
      20
      22
      19
      25
      21
      20
      31
      14
      17
      20
      26
      18
      18
      22
      23
      22
      25
      22
      18
      23
      26
      25
      23
      21
      26
      24
      31
      21
      21
      15
      18
      25
      18
      27
      16
      28
      25
      28
      31
      22
      26
      26
      27
      24
      29
      18
      32
      27
      26
      32
      28
      28
      30
      26
      29
      28
      27
      35
      18
      27
      31
      36
      29
      36
      25
      29
      36
      20
      30
      34
      28
      27
      36
      26
      30
      26
      32
      31
      42
      36
      30
      34
      26
      43
      30
      30
      43
      31
      25
      33
      41
      27
      29
      39
      37
      39
      42
      43
      37
      49
      48
      46
      38
      41
      51
      51
      47
      55
      45
      38
      51
      49
      39
      43
      60
      42
      47
      45
      58
      47
      52
      58
      58
      50
      61
      48
      52
      58
      60
      65
      64
      53
      55
      59
      50
      74
      60
      59
      63
      59
      56
      64
      63
      45
      66
      52
      54
      67
      76
      58
      73
      67
      57
      67
      71
      76
      50
      63
      92
      79
      67
      73
      75
      66
      77
      84
      73
      71
      72
      58
      74
      72
      58
      76
      66
      70
      69
      85
      73
      95
      86
      77
      83
      81
      68
      77
      91
      80
      71
      82
      96
      72
      78
      62
      72
      68
      84
      81
      68
      64
      75
      77
      88
      82
      90
      83
      78
      93
      85
      73
      67
      80
      70
      81
      69
      79
      81
      90
      78
      79
      87
      77
      78
      71
      67
      80
      99
      65
      74
      82
      82
      63
      88
      64
      71
      71
      91
      73
      69
      73
      54
      75
      58
      66
      76
      68
      70
      72
      72
      68
      62
      81
      60
      71
      66
      70
      69
      72
      72
      70
      70
      67
      77
      56
      71
      61
      73
      67
      78
      58
      55
      48
      60
      62
      64
      73
      55
      69
      57
      66
      60
      55
      47
      56
      49
      68
      65
      55
      43
      43
      64
      54
      49
      47
      44
      45
      44
      49
      54
      53
      60
      40
      52
      57
      42
      43
      41
      42
      45
      45
      58
      40
      47
      43
      42
      28
      42
      48
      32
      43
      44
      36
      28
      39
      48
      27
      28
      30
      40
      24
      28
      23
      29
      30
      31
      38
      24
      38
      39
      31
      34
      27
      28
      35
      34
      25
      23
      22
      29
      20
      24
      26
      19
      19
      23
      30
      24
      16
      25
      24
      22
      26
      28
      20
      31
      26
      18
      23
      16
      24
      22
      20
      22
      16
      15
      17
      22
      21
      12
      18
      13
      13
      19
      16
      23
      20
      19
      14
      11
      11
      16
      12
       9
      12
       7
      10
      12
      10
      14
      13
      13
      13
      10
      14
      11
       7
      14
      13
      12
       8
      13
       9
       8
      15
       7
       8
       7
      10
      13
      10
       6
      18
       9
      14
       5
      11
       8
       8
      10
       4
      11
      15
      13
      10
       8
      11
       7
      18
      10
       5
       8
       4
       6
      12
       8
      11
       5
       7
       6
       6
       8
       8
       7
      12
       9
       7
      11
       9
       8
       8
      14
       7
       3
      15
       6
      14
      13
      10
      11
       6
       9
       7
       7
       9
       7
       8
       6
      10
      10
       4
       8
      11
       5
       2
       8
       7
       8
       9
       5
      12
       3
       4
       5
       8
       9
      12
       9
       4
      11
       5
       5
       7
      10
       4
       3
       6
      14
       6
       7
       7
       7
       8
       7
      12
       7
       7
       6
      14
       4
      13
      12
       8
       9
       4
       9
       8
       4
       5
       7
      12
       9
       9
       8
       8
       6
      14
       5
       3
       8
       9
      13
       6
       5
       6
       9
      13
       3
       5
       6
       2
       6
       4
       7
       6
       7
       5
       6
       4
       6
       5
       6
       5
       3
       7
       6
       5
      10
       3
       7
       4
       9
      12
       8
       5
       5
       5
       4
       8
       7
       1
       4
       4
       7
       6
       4
       7
       8
      11
       4
       7
       8
       5
       8
       6
       2
       4
       7
       9
       1
       3
       6
       6
       5
       6
       4
       2
       4
       5
       4
       2
       6
       0
       3
       3
       6
       6
       3
       3
       2
       5
       4
       6
       3
       6
       4
       1
       1
       6
       6
      12
      11
       5
       3
       5
       1
       5
       1
       5
       7
       6
       3
       3
       2
       4
       1
       3
       4
       7
       3
       2
       2
       5
       4
       3
       2
       5
       4
       5
       5
       4
       2
       2
       3
       3
       2
       4
       2
       2
       7
       5
       5
       7
       4
       3
       3
       3
       3
       1
       7
       3
       3
       2
       4
       5
       1
       3
       3
       3
       1
       2
       1
       5
       1
       3
       5
       1
       3
       1
       2
       4
       2
       4
       5
       3
       2
       3
       4
       4
       1
       6
       2
       3
       8
       1
       1
      11
       5
       2
       4
       3
       2
       3
       2
       2
       3
       3
       3
       3
       2
       4
       2
       2
       4
       5
       3
       1
       2
       1
       3
       3
       0
       4
       3
       4
       3
       0
       5
       1
       2
       2
       1
       5
       1
       2
       3
       2
       2
       0
       2
       1
       5
       2
       2
       3
       5
       5
       4
       1
       1
       1
       1
       3
       5
       2
       1
       4
       1
       1
       2
       3
       3
       1
       3
       3
       5
       2
       4
       6
       4
       2
       2
       2
       3
       1
       1
       3
       2
       7
       5
       4
       3
       3
       0
       1
       1
       4
       1
       2
       0
       1
       2
       4
       1
       1
       0
       1
       1
       3
       2
       2
       2
       4
       2
       1
       1
       2
       1
       3
       3
       1
       2
       2
       1
       4
       1
       5
       2
       3
       1
       1
       3
       0
       3
       7
       2
       2
       4
       2
       6
       5
       3
       1
       2
       4
       0
       4
       2
       3
       3
       3
       2
       3
       2
       4
       1
       0
       2
       0
       1
       2
       0
       1
       3
       2
       2
       1
       0
       4
       0
       2
       1
       3
       2
       0
       4
       1
       2
       1
       4
       2
       0
       2
       4
       3
       8
       1
       3
       6
       3
       4
       1
       5
       0
       2
       3
       3
       4
       3
       1
       2
       0
       2
       1
       2
       2
       3
       1
       6
       0
       1
       1
       0
       3
       1
       2
       0
       3
       4
       2
       2
       2
       2
       3
       2
       2
       2
       2
       4
       2
       0
       1
       0
       3
       1
       6
       2
       3
       0
       0
       0
       0
       0
       0
       0
       0
       0
       0
       0
       0
       0
       0
       0
       0
       0
       0
       0
       0
       0
       0
       0
       0
       0
       0
       0
       0
       0
       0
       0
       0
       0
       0
       0
       0
       0
       0
       0
       0
       0
       0
       0
       0
       0
       0
       0
       0
       0
       0
       0
       0
       0
       0
       0
       0
       0
       0
       0
       0
       0
       0
       0
       0
       0
$ROI:
6
62 146
262 339
480 619
731 874
2463 2714
2812 3073
$PRESETS:
None
0
0
$ENER_FIT:
-10.748076 0.454545
$MCA_CAL:
3
-1.074808E+001 4.545455E-001 0.000000E+000 keV
$SHAPE_CAL:
3
1.227145E+003 -8.889956E-001 1.664595E-004
