$SPEC_ID:
No sample description was entered.
$SPEC_REM:
DET# 2
DETDESC# PHY-0040-AA Easy-MCA-8k SN 21098639
AP# Maestro Version 7.01
$DATE_MEA:
02/10/2025 10:39:52
$MEAS_TIM:
162 163
$DATA:
0 4095
       0
       0
       0
       0
       0
       0
       0
       0
       0
       0
       0
       0
       0
       0
       0
       0
       0
       0
       0
       0
       0
       0
       0
       0
       1
       2
      11
      24
      30
      31
      38
      38
      31
      32
      19
      21
      13
      12
       7
      14
      16
      14
      13
      10
      11
      16
      12
      16
      16
       8
       9
      13
      11
      12
      10
       8
      12
       9
      12
      14
      13
       8
       8
      16
      12
      10
      10
       9
      14
      21
      10
      17
       6
      23
      12
      17
      18
      17
      21
      24
      21
      15
      26
      20
      28
      26
      22
      25
      22
      20
      26
      28
      25
      26
      21
      27
      31
      25
      16
      31
      25
      16
      21
      17
      16
      21
      23
      16
      20
      22
      20
      19
      18
      16
      18
      17
      22
      17
      16
      15
      13
      10
      17
      15
      19
       7
      16
      17
      18
      16
      17
      17
      19
      12
      23
      14
      10
      25
      10
      23
      14
      17
      21
       9
      18
      14
      19
      16
      23
      21
      15
      18
      26
      19
      22
      21
      14
      19
      20
      25
      18
      13
      21
      28
      13
      21
      21
      21
      33
      18
      19
      14
      26
      21
      22
      16
      23
      26
      26
      22
      32
      23
      31
      22
      19
      20
      25
      25
      35
      29
      20
      41
      36
      20
      40
      37
      28
      30
      26
      37
      30
      23
      39
      36
      37
      44
      37
      32
      38
      40
      33
      42
      36
      43
      34
      33
      44
      42
      39
      42
      39
      26
      34
      47
      50
      49
      42
      46
      50
      44
      55
      48
      50
      58
      57
      57
      59
      62
      62
      52
      66
      62
      63
      69
      67
      85
      70
      55
      79
      64
      77
      76
      85
      92
      87
     106
      91
     102
     102
      93
     100
      98
      96
      99
     101
     107
      94
     116
     101
     107
      93
     121
     106
      98
      88
     109
     113
      82
     106
     100
     128
     114
     100
     100
      90
     122
     114
      97
      93
     106
     109
      95
      96
      94
      85
      94
     102
     110
     106
     102
      76
      96
     103
      96
      77
      74
      96
      95
      76
      75
      98
      95
      89
     105
      89
     106
      84
     117
     102
     127
     117
     137
     132
     149
     153
     138
     156
     162
     161
     190
     217
     210
     227
     240
     287
     301
     305
     319
     281
     353
     365
     378
     401
     429
     453
     479
     509
     547
     523
     545
     567
     578
     620
     633
     668
     728
     690
     649
     715
     748
     724
     726
     783
     771
     748
     731
     721
     749
     736
     690
     679
     676
     656
     610
     584
     626
     591
     589
     597
     559
     533
     527
     463
     454
     453
     403
     373
     336
     343
     339
     333
     345
     315
     266
     233
     271
     208
     220
     207
     220
     214
     204
     180
     167
     172
     159
     130
     153
     148
     127
     139
     121
     114
     104
     113
     108
      83
      96
      86
      90
      74
      91
      71
      87
      68
      73
      61
      64
      51
      57
      66
      50
      56
      50
      57
      45
      42
      41
      42
      40
      36
      46
      35
      38
      34
      35
      35
      31
      33
      31
      24
      25
      18
      33
      21
      29
      29
      29
      32
      29
      22
      27
      26
      29
      20
      25
      32
      22
      22
      31
      24
      40
      23
      23
      23
      31
      17
      20
      23
      28
      25
      24
      19
      18
      19
      24
      19
      19
      27
      24
      21
      18
      20
      26
      21
      22
      29
      28
      18
      19
      23
      30
      15
      26
      21
      30
      24
      23
      26
      17
      24
      24
      20
      27
      21
      19
      18
      23
      25
      22
      26
      11
      21
      16
      18
      23
      24
      20
      15
      21
      23
      21
      21
      20
      19
      22
      24
      28
      15
      19
      21
      17
      18
      24
      27
      21
      19
      19
      23
      22
      21
      22
      20
      17
      21
      16
      24
      15
      24
      28
      20
      25
      20
      16
      22
      15
      21
      17
      14
      27
      28
       9
      24
      19
      19
      19
      18
      22
      13
      14
      22
      28
      18
      16
      22
      16
      20
      21
      23
      24
      21
      11
      16
      18
      19
      17
      14
      22
      19
      16
      22
      21
      16
      11
      17
      22
      21
      19
      12
      17
      17
      13
      16
      17
      11
      19
      18
      11
      12
      18
      19
       9
      15
      17
      14
      19
      21
      19
      21
      13
      11
      14
      13
      14
      16
      19
      17
      18
      20
      16
      15
      20
      21
      15
      23
      21
      16
      16
      22
      15
       9
      11
      17
      15
      11
      17
      12
      13
      20
      12
      15
      11
      20
      16
      20
      12
       9
      17
      11
      13
      16
      11
      13
      13
      10
      21
      22
      17
      14
      11
       7
      12
      19
       9
      19
      12
      13
      16
      23
      17
      19
       7
      16
      14
      14
      15
      15
      12
      13
      14
      13
       6
       8
      10
       9
      18
      11
      10
       8
      13
      14
      11
       9
      16
      12
      14
      16
       9
       9
      15
      11
       8
      20
      10
      17
      10
       9
      14
      13
      13
      10
      19
       9
      12
      10
       9
       7
       7
      15
      10
      17
      11
       7
      13
      12
       6
      10
      11
       3
       6
      10
       7
       8
      12
      14
      14
      10
      13
       6
      11
      11
       9
       5
      11
       9
      12
       8
       6
       7
       6
      14
       9
       7
      12
      10
      13
       9
       7
       9
       5
       5
       7
       9
      12
       8
      12
       7
       7
      15
      12
      12
      11
      13
       6
       8
      12
       7
      13
       9
       6
       5
      10
      10
       7
      13
      13
      12
      16
      10
       8
       6
      12
       6
       6
       6
      10
      12
       5
      13
       8
       7
      12
       7
       9
       7
      10
      10
       5
       7
       7
       5
       8
       8
       7
       9
      11
      10
       5
       9
       7
       5
       7
       7
      12
       6
       7
       7
       6
       7
       5
       9
       9
      12
       8
       9
       5
       8
       9
       5
       5
      10
       6
       7
       5
       8
       5
       6
      12
       8
       8
      12
       6
       5
       5
      11
      11
      13
       6
      12
       6
       3
       6
       7
       6
       3
       6
       7
       9
       7
       7
       9
      13
       6
       8
      10
       6
       5
       5
       9
       7
       5
       8
       8
       4
       6
       8
      10
       9
      11
       5
       7
       5
       7
       5
       6
       8
       6
       5
       6
       2
       8
       6
       4
       5
       7
      10
       3
       3
       8
       9
      12
       9
       8
      11
       9
       8
      10
       4
       6
      10
       8
       4
       8
       8
       7
       5
       4
       6
       3
       3
       6
      13
       8
       7
       4
       8
       6
       7
      10
       7
       7
      10
       6
       3
       7
       8
       3
       5
       6
       4
       4
       2
       6
       7
       5
      12
       5
       6
       5
      14
       3
      10
      12
       6
      11
       7
       9
       4
       8
       7
       9
       9
       7
       8
       8
       6
       6
       5
       5
       2
       7
       7
      13
       7
       5
       6
       6
       7
       8
       2
       3
       6
       3
       5
       5
       5
       5
       5
       5
       6
       1
       4
       2
       8
       4
       3
       5
       5
       4
       7
       4
       4
       6
       4
       6
       7
       7
       3
       5
       5
       4
       7
       5
       4
       7
      11
       7
       4
       2
       6
       4
       4
       7
       4
       6
       4
       1
       5
       4
       7
      10
       1
       3
       1
       8
       4
       6
       5
      11
       4
       4
       3
       4
       2
       5
       3
       5
       4
       4
       2
       2
       9
       7
       2
       5
       4
       4
       5
       2
       5
       4
       4
       7
       4
       2
       2
       6
       5
       8
       8
       3
       1
       2
       4
       3
       2
       1
       2
       3
       3
       4
       5
       6
       4
       4
       4
       8
       2
       1
       5
       5
       4
       3
       3
       2
       3
       6
       3
       2
       4
       5
       2
       2
       2
       5
       6
       7
       6
       2
       3
       1
       5
       2
       4
       0
       5
       4
       6
       3
       8
       2
       5
       4
       6
       3
       3
       5
       5
       0
       2
       5
       6
       2
       3
       2
       3
       7
       3
       5
       1
       2
       3
       2
       1
       1
       5
       5
       1
       2
       1
       2
       6
       3
       2
       4
       1
       2
       1
       3
       3
       2
       0
       3
       6
       3
       3
       1
       2
       3
       5
       0
       3
       2
       3
       3
       4
       4
       0
       5
       2
       4
       3
       2
       5
       4
       3
       3
       4
       4
       2
       7
       4
       5
       2
       1
       1
       2
       3
       7
       3
       6
       4
       3
       2
       3
       1
       4
       8
       2
       5
       1
       3
       6
       2
       6
       6
       3
       2
       4
       6
       2
       1
       4
       0
       5
       5
       7
       2
       1
       5
       2
       2
       1
       4
       4
       8
       1
       4
       3
       2
       5
       3
       1
       5
       3
       1
       4
       3
       4
       5
       4
       6
       1
       0
       2
       4
       1
       3
       3
       2
       4
       5
       2
       3
       2
       4
       0
       5
       3
       4
       3
       6
       3
       4
       5
       3
       2
       2
       1
       1
       6
       2
       4
       1
       5
       2
       1
       3
       2
       4
       3
       2
       1
       0
       2
       4
       1
       3
       7
       0
       3
       1
       2
       3
       4
       1
       1
       3
       3
       2
       4
       1
       1
       6
       3
       2
       2
       4
       4
       2
       3
       4
       1
       4
       4
       6
       4
       1
       2
       3
       3
       8
       5
       4
       5
       3
       6
       2
       3
       1
       3
       3
       3
       3
       1
       4
       4
       4
       1
       6
       3
       3
       4
       1
       4
       4
       2
       3
       1
       2
       4
       4
       4
       1
       2
       0
       2
       4
       4
       3
       1
       5
       0
       5
       0
       4
       2
       4
       6
       2
       3
       3
       1
       4
       2
       0
       2
       3
       4
       5
       6
       2
       6
       4
       1
       4
       3
       0
       1
       1
       3
       0
       1
       3
       3
       2
       4
       5
       5
       2
       2
       5
       2
       1
       2
       3
       2
       4
       2
       1
       4
       2
       0
       2
       3
       0
       1
       2
       2
       1
       1
       3
       4
       6
       5
       3
       2
       2
       3
       4
       1
       0
       1
       2
       1
       1
       1
       0
       3
       4
       3
       4
       2
       2
       2
       1
       2
       3
       0
       3
       4
       3
       2
       1
       1
       6
       3
       2
       4
       2
       3
       1
       3
       2
       2
       5
       1
       2
       3
       2
       2
       1
       4
       1
       3
       3
       5
       3
       2
       1
       3
       2
       1
       1
       2
       2
       1
       1
       3
       2
       3
       3
       4
       1
       2
       4
       3
       3
       2
       1
       2
       4
       2
       2
       2
       1
       1
       2
       2
       3
       1
       1
       1
       1
       1
       6
       6
       0
       3
       2
       1
       5
       1
       3
       3
       1
       3
       4
       2
       1
       0
       3
       0
       2
       3
       3
       4
       1
       4
       6
       4
       2
       3
       3
       3
       7
       2
       4
       3
       5
       6
       5
       4
       2
       2
       2
       1
       0
       4
       2
       6
       3
       2
       3
       2
       2
       1
       0
       3
       3
       1
       1
       2
       5
       1
       3
       0
       1
       4
       1
       0
       4
       2
       0
       1
       2
       1
       6
       5
       3
       3
       0
       2
       1
       0
       4
       1
       1
       2
       3
       1
       1
       2
       1
       2
       1
       5
       3
       4
       0
       5
       3
       1
       2
       1
       2
       4
       0
       2
       3
       1
       1
       1
       2
       2
       0
       2
       0
       4
       1
       3
       3
       3
       6
       1
       3
       1
       1
       0
       4
       1
       2
       1
       2
       5
       3
       1
       4
       2
       5
       1
       1
       2
       1
       1
       5
       1
       1
       2
       1
       1
       0
       0
       4
       1
       0
       0
       0
       1
       2
       0
       2
       2
       3
       3
       2
       3
       0
       2
       3
       2
       2
       1
       1
       5
       3
       2
       3
       1
       2
       1
       0
       3
       4
       4
       2
       1
       1
       0
       4
       2
       2
       2
       0
       1
       1
       4
       2
       3
       5
       4
       1
       1
       1
       0
       2
       1
       3
       1
       1
       1
       0
       2
       0
       0
       3
       3
       2
       2
       0
       3
       1
       1
       5
       0
       0
       4
       4
       2
       3
       2
       2
       1
       2
       3
       2
       0
       4
       2
       2
       0
       0
       1
       3
       0
       4
       4
       2
       4
       0
       0
       4
       2
       4
       0
       1
       1
       3
       3
       2
       1
       1
       2
       0
       0
       1
       2
       0
       2
       0
       0
       0
       1
       2
       1
       1
       1
       2
       1
       2
       2
       2
       0
       3
       2
       2
       0
       2
       1
       4
       2
       1
       2
       3
       0
       3
       4
       0
       3
       0
       6
       1
       1
       2
       1
       0
       2
       0
       2
       5
       1
       1
       3
       0
       1
       2
       2
       1
       2
       3
       4
       3
       2
       0
       1
       0
       0
       4
       2
       1
       2
       2
       2
       1
       0
       2
       1
       1
       1
       3
       3
       0
       3
       1
       1
       0
       1
       2
       1
       2
       0
       1
       2
       1
       1
       2
       0
       2
       0
       2
       0
       0
       1
       4
       3
       2
       2
       1
       2
       2
       2
       1
       1
       1
       3
       1
       3
       1
       3
       2
       2
       1
       2
       1
       2
       0
       2
       2
       2
       1
       1
       0
       2
       2
       0
       1
       3
       0
       2
       1
       3
       1
       0
       0
       0
       0
       1
       1
       1
       0
       1
       1
       1
       0
       2
       0
       2
       1
       2
       1
       0
       2
       1
       1
       1
       1
       2
       1
       2
       1
       0
       3
       2
       2
       0
       1
       3
       1
       3
       2
       3
       3
       0
       2
       2
       0
       2
       1
       0
       1
       1
       1
       1
       1
       2
       1
       0
       3
       1
       0
       1
       1
       0
       0
       1
       1
       1
       2
       1
       0
       4
       2
       2
       0
       3
       1
       1
       3
       4
       2
       1
       0
       2
       6
       4
       2
       1
       2
       1
       4
       3
       0
       2
       4
       0
       2
       2
       1
       3
       2
       3
       2
       3
       1
       1
       1
       2
       1
       2
       0
       0
       2
       1
       0
       0
       2
       3
       3
       0
       3
       1
       3
       1
       3
       3
       1
       3
       0
       3
       0
       2
       2
       1
       0
       1
       1
       2
       1
       1
       4
       1
       1
       0
       1
       0
       2
       3
       0
       1
       0
       0
       0
       1
       0
       0
       2
       2
       1
       4
       0
       0
       1
       1
       0
       2
       1
       2
       0
       1
       1
       2
       1
       1
       2
       0
       1
       1
       2
       0
       1
       1
       0
       2
       2
       0
       0
       1
       0
       2
       1
       2
       0
       0
       2
       1
       3
       0
       2
       1
       1
       1
       2
       2
       1
       2
       3
       1
       1
       2
       1
       0
       2
       0
       2
       1
       0
       0
       1
       2
       2
       2
       1
       3
       0
       1
       0
       7
       2
       0
       1
       1
       2
       2
       0
       1
       1
       0
       0
       0
       1
       0
       2
       0
       2
       1
       2
       0
       1
       2
       2
       1
       1
       1
       0
       0
       0
       0
       1
       4
       1
       1
       1
       0
       4
       1
       1
       0
       2
       2
       2
       1
       0
       1
       1
       3
       2
       1
       2
       2
       5
       2
       2
       2
       2
       0
       1
       1
       1
       0
       1
       0
       2
       1
       1
       0
       4
       1
       0
       2
       2
       1
       1
       1
       2
       0
       1
       2
       2
       2
       0
       3
       1
       3
       1
       1
       0
       3
       0
       2
       1
       1
       1
       1
       1
       3
       0
       0
       1
       0
       2
       0
       0
       1
       2
       1
       1
       1
       0
       3
       1
       0
       0
       0
       0
       2
       0
       2
       2
       2
       0
       1
       0
       1
       2
       1
       1
       2
       1
       1
       0
       1
       1
       1
       1
       2
       1
       1
       0
       0
       0
       4
       2
       2
       3
       0
       2
       0
       1
       2
       0
       0
       2
       0
       2
       0
       3
       3
       2
       0
       1
       0
       2
       0
       0
       0
       1
       3
       1
       1
       1
       5
       1
       2
       1
       1
       1
       1
       0
       2
       0
       0
       2
       3
       0
       1
       1
       2
       2
       0
       1
       1
       0
       1
       2
       2
       1
       0
       0
       2
       2
       1
       0
       2
       2
       1
       1
       0
       0
       1
       1
       2
       1
       0
       1
       1
       0
       2
       1
       2
       1
       0
       1
       1
       2
       1
       1
       0
       3
       0
       0
       1
       1
       3
       2
       0
       1
       1
       1
       1
       0
       1
       3
       0
       3
       0
       0
       0
       1
       0
       2
       2
       1
       3
       0
       1
       1
       1
       1
       2
       1
       0
       1
       1
       2
       1
       4
       1
       1
       2
       0
       2
       0
       0
       1
       3
       1
       3
       0
       0
       1
       2
       0
       3
       1
       0
       1
       1
       0
       0
       0
       0
       2
       3
       2
       0
       3
       0
       2
       0
       1
       0
       1
       1
       0
       3
       0
       1
       0
       2
       1
       0
       3
       0
       0
       1
       0
       0
       1
       1
       2
       0
       0
       1
       2
       1
       1
       1
       2
       1
       1
       1
       1
       2
       1
       0
       0
       2
       0
       1
       0
       2
       1
       0
       0
       2
       1
       2
       0
       2
       1
       1
       0
       1
       1
       4
       3
       2
       1
       2
       1
       1
       1
       0
       1
       0
       1
       0
       1
       1
       0
       5
       2
       2
       1
       1
       0
       2
       1
       1
       0
       0
       1
       1
       0
       0
       0
       0
       2
       0
       0
       0
       2
       1
       3
       1
       2
       0
       2
       0
       2
       1
       2
       2
       3
       1
       0
       2
       2
       0
       0
       1
       0
       1
       1
       0
       1
       2
       0
       0
       1
       2
       0
       0
       1
       1
       0
       0
       2
       0
       3
       0
       2
       0
       1
       1
       1
       3
       1
       3
       1
       2
       1
       1
       0
       1
       1
       4
       0
       0
       1
       0
       0
       0
       0
       0
       1
       2
       1
       0
       2
       2
       0
       1
       2
       1
       1
       2
       0
       1
       1
       1
       0
       0
       1
       0
       2
       2
       1
       0
       0
       0
       1
       1
       2
       0
       1
       1
       1
       1
       1
       0
       0
       2
       0
       2
       0
       2
       2
       1
       1
       1
       0
       1
       0
       0
       0
       1
       0
       2
       2
       1
       2
       0
       0
       0
       4
       1
       0
       0
       0
       2
       0
       1
       1
       2
       1
       0
       0
       1
       0
       2
       2
       0
       0
       1
       1
       0
       1
       0
       0
       0
       2
       0
       1
       2
       4
       0
       0
       0
       1
       0
       0
       1
       0
       1
       0
       1
       0
       2
       1
       0
       1
       0
       0
       1
       0
       3
       1
       0
       1
       0
       1
       0
       1
       3
       0
       0
       1
       0
       2
       0
       1
       0
       0
       1
       1
       1
       1
       0
       1
       0
       1
       1
       1
       2
       0
       1
       0
       1
       1
       0
       0
       0
       0
       0
       1
       0
       0
       1
       3
       1
       0
       1
       0
       1
       4
       1
       0
       1
       1
       0
       0
       2
       0
       0
       1
       1
       0
       1
       0
       0
       2
       1
       1
       1
       1
       2
       1
       0
       1
       1
       0
       1
       1
       0
       1
       1
       1
       0
       3
       1
       2
       1
       0
       0
       0
       2
       1
       3
       1
       1
       0
       0
       1
       4
       0
       0
       1
       1
       0
       1
       0
       0
       1
       0
       0
       3
       0
       1
       0
       1
       0
       0
       0
       0
       2
       1
       1
       1
       0
       0
       0
       0
       0
       0
       0
       0
       1
       1
       1
       1
       0
       1
       1
       2
       0
       0
       1
       0
       0
       0
       2
       1
       1
       2
       0
       1
       2
       0
       3
       3
       0
       2
       1
       0
       0
       1
       0
       0
       2
       1
       1
       1
       0
       3
       0
       1
       0
       3
       1
       1
       0
       3
       0
       1
       4
       0
       1
       1
       1
       0
       0
       0
       0
       1
       3
       1
       0
       0
       1
       0
       0
       1
       0
       1
       0
       0
       1
       0
       1
       3
       0
       1
       1
       1
       0
       0
       0
       1
       1
       0
       0
       0
       0
       2
       1
       1
       0
       1
       0
       2
       1
       0
       0
       1
       1
       0
       1
       0
       2
       1
       2
       1
       1
       0
       1
       0
       1
       2
       0
       1
       1
       2
       2
       0
       0
       0
       1
       0
       0
       0
       0
       3
       0
       3
       1
       0
       0
       2
       2
       1
       2
       2
       0
       3
       2
       0
       1
       0
       0
       0
       2
       0
       1
       0
       1
       0
       1
       2
       0
       1
       1
       2
       2
       1
       1
       0
       1
       1
       0
       1
       0
       0
       1
       3
       0
       1
       0
       0
       2
       1
       2
       1
       0
       0
       1
       2
       2
       0
       3
       1
       0
       1
       0
       1
       1
       1
       0
       1
       0
       1
       3
       2
       0
       0
       0
       1
       0
       0
       0
       0
       3
       0
       0
       1
       1
       2
       0
       1
       0
       2
       0
       2
       3
       0
       0
       1
       4
       0
       2
       0
       0
       1
       1
       0
       2
       0
       1
       0
       0
       1
       0
       0
       1
       0
       1
       1
       2
       0
       0
       2
       0
       2
       1
       1
       2
       2
       2
       0
       2
       0
       0
       0
       1
       3
       0
       0
       1
       0
       2
       2
       1
       1
       1
       0
       0
       2
       2
       1
       2
       0
       0
       0
       1
       0
       0
       1
       2
       0
       3
       0
       0
       2
       0
       0
       0
       1
       0
       0
       1
       0
       1
       1
       1
       1
       1
       0
       1
       0
       0
       2
       1
       0
       0
       0
       1
       0
       0
       1
       0
       3
       0
       0
       1
       1
       0
       0
       0
       0
       0
       0
       2
       1
       0
       3
       1
       1
       0
       2
       0
       0
       0
       1
       1
       3
       2
       0
       0
       0
       0
       0
       1
       0
       2
       0
       1
       0
       1
       1
       0
       0
       0
       1
       0
       0
       0
       1
       1
       1
       2
       1
       1
       1
       0
       0
       1
       1
       1
       1
       0
       0
       0
       0
       0
       2
       0
       0
       0
       0
       1
       1
       0
       1
       2
       1
       1
       1
       1
       0
       2
       0
       0
       0
       0
       0
       1
       1
       0
       0
       2
       1
       1
       0
       0
       1
       0
       0
       0
       1
       0
       2
       0
       2
       1
       0
       0
       0
       2
       0
       1
       0
       0
       1
       1
       1
       2
       1
       1
       0
       0
       1
       1
       2
       1
       0
       1
       0
       0
       0
       0
       0
       0
       1
       1
       0
       2
       1
       1
       0
       2
       0
       0
       3
       0
       1
       1
       2
       0
       0
       1
       1
       1
       0
       0
       0
       0
       0
       0
       0
       0
       1
       1
       1
       1
       0
       1
       0
       0
       0
       1
       1
       0
       0
       0
       3
       0
       0
       0
       0
       0
       0
       1
       1
       0
       0
       1
       1
       0
       0
       0
       0
       0
       1
       0
       0
       0
       0
       1
       0
       1
       1
       0
       0
       0
       0
       0
       1
       0
       0
       0
       0
       0
       2
       1
       0
       0
       0
       1
       1
       0
       0
       0
       0
       1
       0
       1
       0
       0
       0
       1
       1
       0
       0
       0
       0
       0
       2
       0
       1
       0
       2
       0
       0
       0
       0
       0
       0
       0
       0
       0
       2
       1
       0
       0
       1
       0
       0
       0
       0
       0
       0
       2
       1
       1
       0
       0
       0
       0
       0
       0
       0
       0
       0
       0
       0
       0
       0
       0
       1
       1
       0
       0
       0
       0
       0
       0
       0
       0
       0
       1
       1
       0
       1
       0
       0
       1
       0
       1
       0
       0
       1
       0
       0
       0
       1
       2
       2
       0
       1
       0
       0
       1
       0
       0
       0
       1
       0
       0
       0
       1
       1
       0
       1
       1
       0
       0
       0
       1
       1
       0
       0
       0
       1
       1
       0
       1
       1
       3
       2
       1
       0
       1
       0
       0
       0
       1
       1
       0
       0
       0
       0
       2
       1
       0
       0
       0
       0
       1
       0
       0
       1
       1
       0
       2
       1
       1
       1
       1
       0
       0
       0
       1
       0
       0
       0
       1
       0
       0
       1
       0
       0
       0
       0
       1
       0
       1
       1
       0
       0
       0
       0
       0
       1
       0
       1
       0
       0
       1
       0
       0
       1
       0
       2
       0
       0
       0
       1
       0
       0
       0
       1
       1
       1
       0
       0
       1
       0
       2
       1
       0
       1
       0
       1
       0
       0
       3
       0
       0
       1
       0
       0
       1
       0
       0
       1
       1
       1
       0
       1
       0
       0
       1
       0
       1
       1
       0
       0
       2
       2
       0
       0
       1
       1
       0
       0
       0
       1
       0
       0
       0
       0
       1
       0
       1
       0
       1
       0
       0
       1
       0
       0
       1
       2
       0
       0
       1
       0
       0
       0
       0
       0
       1
       1
       0
       0
       1
       0
       1
       0
       0
       0
       0
       0
       0
       1
       0
       1
       0
       0
       0
       0
       0
       0
       2
       1
       1
       1
       0
       3
       0
       1
       1
       2
       1
       0
       0
       0
       0
       0
       1
       2
       0
       0
       1
       0
       1
       0
       0
       0
       1
       1
       0
       0
       0
       1
       0
       0
       1
       0
       0
       1
       0
       2
       0
       1
       0
       1
       1
       0
       1
       0
       0
       0
       1
       2
       1
       0
       3
       1
       0
       4
       1
       0
       2
       2
       0
       1
       0
       1
       0
       2
       1
       0
       0
       1
       0
       0
       1
       1
       1
       0
       1
       0
       1
       2
       1
       1
       0
       0
       1
       1
       0
       3
       0
       0
       2
       1
       1
       1
       1
       3
       1
       1
       1
       3
       2
       2
       1
       2
       2
       2
       1
       0
       0
       0
       0
       1
       1
       2
       2
       1
       1
       1
       1
       0
       0
       1
       1
       0
       0
       1
       3
       2
       0
       0
       1
       0
       0
       2
       1
       0
       4
       0
       2
       0
       2
       1
       2
       1
       2
       0
       1
       0
       1
       0
       0
       0
       0
       4
       2
       3
       0
       1
       0
       1
       2
       1
       2
       1
       4
       1
       0
       0
       0
       3
       1
       0
       3
       0
       0
       2
       1
       1
       0
       1
       1
       0
       1
       1
       1
       0
       0
       0
       0
       2
       1
       2
       1
       0
       0
       0
       2
       1
       0
       2
       1
       1
       1
       0
       1
       5
       0
       1
       1
       0
       4
       0
       0
       0
       0
       1
       0
       0
       0
       1
       0
       0
       0
       2
       2
       0
       1
       1
       0
       1
       2
       2
       1
       1
       0
       0
       0
       0
       2
       1
       0
       0
       1
       0
       0
       1
       1
       0
       2
       0
       0
       0
       1
       1
       2
       0
       1
       0
       0
       1
       0
       1
       1
       0
       0
       1
       0
       0
       0
       0
       0
       1
       0
       1
       0
       1
       0
       0
       0
       1
       1
       2
       0
       1
       0
       1
       0
       0
       0
       0
       0
       0
       0
       1
       0
       0
       1
       0
       0
       0
       0
       0
       0
       1
       1
       0
       0
       0
       0
       0
       0
       0
       0
       0
       0
       0
       0
       0
       1
       0
       0
       0
       0
       1
       0
       0
       1
       0
       1
       0
       1
       0
       0
       0
       0
       0
       2
       0
       0
       0
       0
       0
       0
       0
       0
       0
       0
       0
       0
       0
       0
       0
       0
       0
       0
       0
       0
       0
       0
       0
       0
       0
       0
       0
       0
       0
       0
       0
       0
       0
       0
       0
       0
       0
       0
       0
       0
       0
       0
       0
       0
       0
       0
       0
       0
       0
       0
       0
       0
       0
       0
       0
       0
       0
       0
       0
       0
       0
       0
       0
       0
$ROI:
4
244 305
318 431
2919 3202
3337 3615
$PRESETS:
None
0
0
$ENER_FIT:
-43.651291 0.460715
$MCA_CAL:
3
-4.365129E+001 4.607149E-001 -1.530450E-005 keV
$SHAPE_CAL:
3
5.454424E+001 -3.384640E-002 5.381833E-006
