$SPEC_ID:
No sample description was entered.
$SPEC_REM:
DET# 2
DETDESC# PHY-0040-AA Easy-MCA-8k SN 21098639
AP# Maestro Version 7.01
$DATE_MEA:
02/10/2025 10:34:15
$MEAS_TIM:
110 115
$DATA:
0 4095
       0
       0
       0
       0
       0
       0
       0
       1
       0
       0
       0
       0
       0
       0
       0
       0
       0
       0
       1
       0
       0
       0
       0
       1
       2
       1
       5
       2
       2
       4
       0
       0
       1
       3
       2
       2
       1
       0
       0
       1
       1
       0
       0
       0
       0
       1
       1
       2
       0
       2
       1
       5
       3
       0
       1
       1
       1
       0
       1
       1
       1
       1
       1
       0
       1
       2
       0
       0
       0
       1
       2
       2
       0
       1
       0
       0
       1
       0
       1
       2
       2
       0
       0
       1
       2
       1
       1
       2
       2
       2
       2
       0
       1
       0
       1
       4
       2
       1
       1
       1
       3
       5
       1
       0
       5
       2
       3
       0
       0
       0
       3
       1
       4
       1
       4
       6
       2
       2
       3
       0
       0
       1
       0
       2
       1
       1
       2
       2
       7
       4
       3
       3
       0
       3
       1
       4
       0
       2
       2
       3
       1
       1
       2
       3
       4
       3
       2
       1
       5
       2
       3
       2
       3
       3
       4
       3
       2
       2
       1
       1
       1
       7
       5
       3
       2
       0
       0
       1
       2
       1
       0
       1
       2
       4
       3
       0
       2
       1
       2
       2
       1
       6
       1
       0
       0
       2
       1
       6
       2
       2
       4
       0
       2
       1
       0
       2
       1
       0
       1
       2
       0
       1
       2
       1
       6
       4
       2
       1
       2
       2
       1
       0
       1
       3
       2
       3
       7
       1
       3
       5
       1
       0
       4
       1
       2
       4
       2
       1
       0
       0
       1
       1
       2
       4
       1
       1
       3
       3
       4
       4
       3
       1
       2
       2
       5
       7
       9
       5
       3
       4
       2
       5
       2
       6
       6
       8
       3
       5
       1
       7
      11
       6
       8
      10
       9
      11
       7
       7
      16
      16
      11
      15
      15
      16
      17
      22
      10
      25
      26
      26
      33
      36
      24
      28
      31
      34
      40
      38
      35
      45
      44
      48
      93
     162
     167
     156
     127
     151
     168
     155
     179
     197
     164
     178
     173
     183
     159
     181
     205
     173
     155
     167
     171
     165
     171
     192
     187
     178
     191
     168
     184
     156
     167
     137
     187
     165
     153
     156
     176
     157
     188
     171
     167
     185
     179
     194
     175
     169
     191
     161
     170
     164
     174
     166
     186
     165
     161
     151
     192
     183
     161
     169
     176
     183
     165
     158
     159
     182
     166
     191
     151
     188
     167
     173
     158
     168
     173
     161
     174
     176
     168
     171
     176
     168
     187
     151
     147
     162
     164
     184
     189
     181
     184
     156
     162
     187
     188
     160
     144
     168
     161
     166
     187
     194
     165
     180
     183
     147
     150
     186
     184
     149
     165
     192
     178
     159
     169
     147
     170
     174
     157
     170
     178
     189
     177
     165
     181
     176
     183
     203
     192
     179
     193
     169
     167
     163
     186
     183
     165
     183
     174
     181
     163
     158
     161
     192
     190
     180
     189
     161
     166
     183
     160
     189
     145
     182
     179
     181
     155
     149
     177
     175
     166
     193
     181
     178
     179
     147
     181
     168
     155
     154
     168
     172
     139
     192
     174
     142
     193
     167
     187
     151
     158
     148
     179
     180
     177
     168
     172
     161
     193
     176
     164
     144
     191
     163
     179
     179
     163
     161
     159
     166
     184
     182
     153
     149
     164
     161
     175
     198
     163
     167
     182
     177
     170
     169
     172
     177
     161
     171
     165
     161
     192
     155
     173
     177
     172
     184
     161
     159
     168
     187
     149
     163
     192
     212
     171
     176
     179
     160
     197
     173
     146
     152
     169
     185
     162
     159
     158
     183
     173
     164
     166
     161
     179
     192
     182
     190
     186
     200
     203
     174
     226
     171
     194
     184
     207
     161
     156
     186
     172
     219
     195
     169
     224
     198
     210
     195
     209
     224
     198
     200
     171
     184
     227
     189
     185
     205
     214
     192
     224
     231
     186
     213
     208
     204
     196
     189
     198
     212
     207
     230
     191
     235
     200
     230
     225
     218
     250
     221
     207
     230
     234
     211
     209
     255
     216
     209
     223
     248
     214
     229
     207
     229
     233
     216
     242
     245
     224
     240
     232
     231
     218
     238
     215
     232
     192
     232
     213
     233
     256
     216
     201
     234
     226
     228
     229
     218
     218
     207
     188
     221
     221
     222
     207
     220
     198
     212
     209
     226
     219
     244
     233
     241
     217
     218
     217
     189
     214
     208
     210
     195
     224
     201
     209
     201
     207
     224
     199
     201
     210
     168
     198
     229
     202
     201
     218
     229
     216
     211
     222
     244
     198
     223
     204
     187
     187
     190
     205
     195
     195
     199
     184
     215
     200
     221
     200
     192
     172
     214
     203
     197
     214
     180
     199
     193
     216
     204
     197
     176
     214
     182
     190
     166
     180
     185
     190
     190
     181
     214
     176
     193
     199
     164
     186
     204
     187
     176
     167
     202
     194
     191
     163
     161
     169
     188
     156
     172
     190
     180
     193
     170
     180
     198
     157
     181
     193
     194
     168
     193
     192
     179
     171
     150
     169
     167
     174
     186
     183
     188
     190
     175
     167
     179
     181
     198
     158
     172
     197
     186
     146
     167
     173
     164
     177
     167
     163
     185
     161
     174
     168
     184
     168
     173
     177
     156
     177
     184
     172
     183
     177
     158
     191
     182
     167
     191
     165
     161
     184
     182
     149
     166
     174
     168
     187
     175
     183
     185
     171
     165
     167
     189
     183
     162
     155
     182
     159
     156
     170
     172
     181
     202
     170
     174
     160
     169
     190
     170
     177
     162
     175
     176
     170
     188
     184
     187
     162
     154
     165
     183
     173
     173
     172
     180
     192
     168
     159
     171
     164
     172
     163
     155
     168
     176
     184
     161
     166
     173
     163
     145
     148
     160
     183
     175
     161
     154
     172
     171
     176
     170
     159
     163
     179
     159
     177
     166
     141
     155
     184
     166
     177
     162
     170
     157
     167
     158
     189
     147
     157
     164
     189
     150
     177
     164
     153
     156
     174
     140
     156
     154
     166
     167
     160
     163
     154
     155
     135
     150
     149
     150
     155
     173
     174
     180
     162
     154
     178
     163
     168
     191
     172
     170
     157
     165
     149
     171
     157
     178
     178
     159
     147
     152
     153
     162
     162
     147
     150
     154
     152
     166
     169
     151
     165
     153
     160
     154
     146
     157
     140
     156
     135
     155
     161
     159
     140
     171
     171
     147
     141
     160
     175
     157
     178
     166
     159
     169
     125
     140
     156
     124
     169
     150
     145
     140
     124
     159
     184
     159
     136
     151
     156
     147
     152
     178
     134
     154
     158
     160
     163
     160
     154
     160
     137
     153
     144
     146
     145
     160
     156
     151
     155
     159
     166
     140
     159
     153
     161
     169
     157
     154
     136
     144
     140
     148
     157
     163
     156
     149
     117
     166
     176
     144
     165
     151
     149
     153
     148
     178
     149
     125
     160
     139
     132
     165
     147
     126
     156
     121
     156
     156
     150
     142
     141
     147
     130
     146
     139
     144
     153
     147
     159
     136
     136
     145
     134
     165
     146
     149
     148
     153
     155
     142
     139
     143
     139
     129
     124
     171
     159
     151
     145
     140
     138
     164
     138
     154
     133
     169
     135
     145
     146
     155
     150
     145
     156
     145
     147
     120
     141
     126
     139
     130
     123
     143
     146
     133
     148
     142
     147
     150
     138
     163
     146
     105
     131
     154
     156
     158
     151
     140
     145
     117
     147
     131
     138
     142
     142
     149
     133
     153
     137
     139
     129
     126
     142
     160
     152
     155
     140
     118
     129
     151
     125
     138
     130
     138
     157
     154
     152
     130
     142
     146
     139
     146
     143
     124
     119
     129
     132
     136
     150
     147
     140
     152
     137
     129
     136
     136
     139
     132
     128
     134
     139
     132
     142
     135
     136
     135
     135
     147
     140
     134
     140
     137
     122
     145
     159
     126
     122
     142
     136
     138
     140
     130
     114
     151
     130
     146
     126
     148
     152
     151
     121
     141
     145
     150
     137
     141
     148
     130
     134
     131
     130
     126
     143
     134
     141
     133
     148
     130
     142
     145
     150
     128
     140
     147
     132
     133
     135
     163
     147
     152
     157
     142
     141
     137
     136
     152
     161
     131
     139
     152
     124
     124
     120
     137
     124
     144
     120
     155
     124
     144
     137
     139
     131
     126
     139
     117
     144
     137
     139
     124
     138
     128
     139
     152
     170
     135
     150
     135
     135
     129
     135
     135
     104
     137
     138
     136
     124
     129
     140
     133
     128
     130
     153
     152
     141
     146
     131
     134
     162
     162
     139
     154
     103
     144
     127
     157
     129
     136
     126
     143
     123
     150
     147
     141
     146
     136
     121
     128
     157
     147
     144
     128
     115
     161
     128
     142
     131
     134
     152
     127
     140
     123
     127
     127
     126
     128
     129
     135
     135
     137
     131
     129
     126
     121
     136
     140
     131
     132
     138
     126
     148
     137
     144
     129
     148
     162
     134
     127
     128
     123
     127
     141
     129
     141
     146
     112
     129
     128
     139
     132
     130
     131
     139
     141
     138
     133
     116
     127
     157
     159
     129
     151
     128
     129
     153
     136
     138
     124
     138
     143
     136
     138
     150
     116
     137
     134
     141
     151
     126
     148
     154
     159
     139
     146
     142
     136
     122
     131
     137
     141
     133
     138
     141
     145
     149
     135
     129
     156
     122
     126
     157
     163
     147
     141
     128
     120
     122
     124
     123
     157
     133
     119
     120
     134
     116
     128
     164
     125
     152
     151
     159
     130
     129
     137
     132
     132
     130
     123
     144
     149
     141
     150
     132
     132
     121
     135
     142
     144
     121
     143
     114
     116
     133
     132
     133
     143
     146
     144
     129
     134
     134
     150
     135
     139
     139
     142
     139
     117
     122
     143
     133
     123
     127
     141
     132
     146
     128
     147
     144
     149
     131
     137
     134
     126
     136
     145
     120
     134
     145
     136
     126
     131
     126
     126
     138
     142
     138
     144
     126
     121
     137
     152
     123
     138
     120
     116
     149
     133
     142
     160
     139
     135
     120
     126
     124
     128
     135
     107
     136
     128
     144
     149
     142
     130
     137
     121
     114
     145
     153
     137
     123
     139
     146
     140
     132
     141
     146
     142
     134
     121
     132
     144
     140
     143
     143
     120
     141
     132
     139
     122
     130
     129
     116
     131
     125
     122
     106
     136
     141
     135
     133
     146
     127
     131
     118
     135
     144
     128
     140
     129
     135
     129
     135
     160
     139
     132
     144
     138
     113
     142
     108
     130
     120
     143
     134
     114
     118
     134
     112
     125
     122
     121
     143
     142
     121
     131
     126
     151
     124
     120
     121
     136
     152
     134
     132
     117
     132
     130
     161
     125
     123
     143
     127
     133
     134
     144
     134
     150
     127
     130
     138
     131
     160
     110
     138
     136
     131
     132
     116
     136
     141
     124
     141
     138
     139
     119
     123
     126
     133
     125
     140
     137
     120
     129
     149
     142
     140
     144
     133
     125
     123
     135
     139
     112
     113
     129
     135
     134
     142
     129
     142
     122
     138
     143
     149
     130
     154
     142
     140
     144
     153
     135
     142
     143
     134
     113
     134
     121
     143
     125
     137
     135
     118
     136
     149
     132
     133
     128
     144
     121
     146
     141
     135
     148
     128
     145
     134
     154
     136
     147
     127
     134
     124
     136
     131
     141
     131
     136
     121
     140
     138
     117
     112
     136
     123
     143
     149
     131
     142
     135
     150
     137
     141
     128
     141
     155
     144
     132
     139
     136
     145
     130
     157
     137
     156
     116
     130
     140
     133
     146
     135
     137
     138
     128
     130
     145
     128
     143
     141
     140
     137
     113
     141
     125
     145
     136
     143
     126
     154
     138
     136
     165
     155
     142
     129
     149
     136
     136
     121
     146
     119
     133
     126
     150
     129
     167
     130
     128
     147
     146
     145
     148
     160
     144
     144
     124
     107
     148
     137
     133
     121
     117
     139
     131
     144
     136
     130
     159
     129
     127
     129
     116
     140
     132
     132
     123
     122
     124
     124
     138
     141
     147
     124
     114
     135
     131
     126
     143
     151
     152
     138
     113
     141
     137
     130
     128
     146
     147
     137
     148
     123
     147
     136
     119
     132
     161
     134
     142
     120
     108
     142
     141
     132
     156
     140
     153
     159
     127
     139
     135
     121
     144
     122
     134
     117
     145
     137
     152
     124
     131
     131
     130
     129
     123
     148
     139
     146
     136
     133
     134
     141
     149
     143
     152
     136
     131
     129
     126
     143
     129
     147
     140
     150
     172
     128
     129
     129
     147
     180
     136
     143
     146
     143
     132
     130
     143
     116
     142
     163
     136
     137
     149
     144
     139
     131
     116
     152
     122
     136
     149
     140
     119
     154
     144
     141
     131
     153
     133
     131
     118
     145
     129
     157
     137
     129
     147
     123
     146
     153
     139
     132
     145
     132
     143
     152
     123
     156
     130
     143
     131
     138
     145
     148
     144
     147
     148
     133
     155
     127
     143
     147
     155
     138
     150
     136
     128
     133
     146
     147
     133
     145
     147
     125
     132
     129
     121
     133
     134
     155
     159
     135
     128
     141
     127
     146
     131
     132
     146
     164
     150
     145
     155
     130
     149
     135
     144
     163
     155
     143
     107
     139
     128
     160
     150
     150
     163
     137
     131
     158
     133
     145
     144
     139
     160
     142
     140
     143
     154
     131
     163
     146
     151
     137
     129
     152
     145
     126
     139
     129
     149
     129
     136
     142
     138
     140
     140
     160
     145
     153
     152
     157
     134
     143
     140
     150
     138
     141
     141
     149
     145
     142
     168
     151
     172
     137
     148
     146
     138
     123
     143
     165
     142
     147
     163
     157
     140
     177
     148
     122
     138
     142
     142
     118
     143
     136
     139
     158
     135
     170
     162
     121
     175
     146
     145
     163
     155
     161
     155
     152
     162
     157
     142
     160
     160
     148
     138
     152
     143
     151
     179
     146
     152
     138
     144
     131
     131
     140
     175
     147
     141
     161
     143
     121
     158
     151
     140
     155
     166
     154
     160
     135
     146
     151
     141
     141
     125
     136
     145
     154
     143
     151
     144
     168
     142
     166
     148
     162
     179
     154
     159
     149
     135
     140
     150
     142
     157
     156
     159
     163
     153
     152
     159
     138
     157
     178
     143
     152
     162
     160
     157
     174
     153
     150
     142
     149
     124
     178
     153
     165
     169
     174
     166
     151
     166
     152
     154
     156
     142
     142
     166
     153
     152
     162
     154
     146
     140
     148
     167
     146
     140
     159
     158
     157
     156
     143
     142
     154
     166
     166
     162
     139
     145
     166
     184
     155
     155
     171
     149
     153
     160
     189
     161
     138
     181
     167
     189
     151
     156
     161
     172
     144
     187
     142
     162
     159
     159
     153
     164
     162
     177
     163
     187
     158
     165
     161
     175
     169
     156
     141
     162
     148
     156
     166
     167
     157
     156
     178
     188
     169
     156
     139
     154
     165
     179
     160
     176
     159
     172
     169
     154
     170
     151
     147
     166
     165
     185
     160
     143
     169
     170
     150
     178
     151
     161
     145
     154
     159
     177
     152
     176
     150
     160
     166
     169
     163
     172
     161
     155
     174
     144
     144
     164
     152
     143
     161
     174
     169
     158
     155
     159
     161
     151
     167
     160
     158
     156
     170
     174
     161
     171
     155
     159
     166
     153
     180
     155
     142
     149
     167
     156
     150
     159
     180
     167
     179
     143
     143
     179
     164
     163
     150
     142
     164
     150
     158
     174
     154
     180
     173
     164
     167
     171
     174
     161
     160
     183
     168
     163
     171
     178
     158
     152
     176
     175
     175
     182
     162
     150
     164
     146
     168
     156
     159
     150
     180
     160
     177
     162
     162
     160
     176
     176
     162
     161
     158
     152
     138
     183
     151
     171
     149
     162
     172
     181
     140
     168
     156
     155
     176
     157
     154
     178
     171
     180
     171
     147
     165
     171
     179
     173
     177
     158
     176
     162
     174
     157
     178
     188
     185
     172
     177
     167
     168
     169
     192
     161
     166
     159
     153
     175
     151
     168
     150
     160
     164
     187
     166
     157
     170
     154
     179
     172
     157
     180
     160
     158
     164
     173
     168
     163
     164
     155
     162
     158
     174
     143
     161
     145
     158
     166
     164
     138
     152
     163
     156
     160
     178
     157
     161
     178
     126
     159
     131
     159
     154
     152
     149
     181
     140
     152
     182
     136
     170
     138
     160
     148
     141
     172
     149
     168
     136
     178
     162
     148
     175
     145
     132
     142
     168
     152
     164
     175
     152
     175
     174
     139
     165
     175
     178
     137
     145
     149
     154
     159
     173
     145
     158
     174
     138
     156
     160
     176
     149
     147
     151
     146
     129
     136
     161
     155
     142
     131
     146
     145
     143
     168
     144
     115
     117
     138
     145
     148
     131
     133
     147
     134
     136
     130
     135
     139
     152
     145
     140
     137
     118
     119
     144
     145
     112
     124
     146
     128
     124
     135
     145
     133
     148
     143
     137
     125
     121
     111
     117
     132
     143
     131
     141
     159
     144
     152
     138
     138
     129
     126
     137
     127
     130
     115
     134
     128
     118
     119
     126
     118
     130
     126
     100
     114
     123
     140
     121
     109
     127
     128
     123
     109
     114
     131
     131
     124
     119
     113
     142
     104
     125
     124
     118
     117
     136
     134
     118
     121
     110
     123
     116
     120
     136
     110
     115
     108
     113
     128
     116
     104
      97
     111
     107
     110
     132
     101
     111
     131
     102
     106
     111
     120
     100
     111
     122
     129
     107
     116
      92
     118
     105
     116
     130
     115
     114
     108
     116
     107
     118
     110
     108
     123
     107
     115
     100
     111
     112
     105
      98
     120
      89
     112
     117
      90
      91
     113
     114
      91
      99
      88
     107
     109
      86
     110
     127
     112
     112
      94
     103
     112
     117
     101
     117
     100
     115
     108
      99
      91
      99
     120
     106
     118
      89
     107
      93
      95
     118
     109
      94
     103
     105
     107
     110
     108
     106
      95
     112
      92
      98
      95
      96
     115
     107
     101
      81
     121
     105
     104
     100
      97
      92
     107
      94
     115
     104
      88
     101
     115
     102
      98
     104
     102
     117
     104
      93
     102
     108
      89
      82
      99
      84
      92
     110
     121
      90
      79
     103
     102
      99
      95
      87
      95
      92
     113
      99
     100
     113
     110
      93
     110
     106
      96
      98
      90
     116
     105
      99
     114
     102
     114
     116
     116
     105
     102
      96
     105
     111
     105
     103
      97
     115
     107
     105
      98
     130
     107
     113
      98
      98
     126
     106
      98
     106
      98
      93
     100
      97
      96
     107
      99
      88
     101
     110
      99
     113
     101
     104
      95
     101
      97
     106
      99
      88
     118
      97
      97
     110
     114
     109
     115
      92
     110
     103
      97
     112
      99
     114
     100
     117
      93
     114
     101
      86
      89
     105
     115
     117
      87
     109
      84
     121
     104
      91
     102
     118
      93
     105
     109
     112
     127
     107
     105
     123
     104
     105
      92
     124
     117
     102
      94
     112
      93
     102
     111
     112
     108
      99
     114
     106
     103
     120
     123
      97
     108
     133
     117
     104
     109
     119
     114
     103
      96
     107
     118
     119
     106
     123
     112
     111
     101
     108
      98
     121
     114
     104
     111
     105
     129
     132
     117
     121
     136
     104
     117
     114
     127
     137
     116
     123
     108
     107
     129
     117
     123
     127
     116
     126
     118
     120
     128
     123
     123
     108
     119
     135
     123
     132
     136
     150
     124
     129
     126
     156
     139
     137
     153
     143
     144
     145
     128
     162
     170
     155
     139
     157
     137
     159
     140
     159
     152
     167
     188
     147
     173
     168
     163
     167
     163
     181
     184
     176
     150
     172
     195
     164
     188
     173
     194
     190
     198
     173
     185
     189
     189
     178
     197
     198
     207
     178
     199
     186
     197
     191
     208
     210
     190
     222
     216
     235
     230
     194
     226
     244
     233
     240
     252
     232
     224
     212
     224
     245
     256
     232
     236
     227
     243
     257
     307
     248
     260
     257
     290
     257
     251
     283
     266
     278
     288
     324
     283
     297
     306
     309
     286
     309
     305
     279
     305
     327
     302
     310
     295
     323
     337
     298
     333
     287
     330
     313
     322
     351
     323
     329
     338
     367
     361
     328
     316
     317
     319
     319
     338
     348
     349
     354
     360
     353
     390
     348
     368
     362
     354
     356
     335
     336
     339
     378
     381
     351
     371
     331
     349
     355
     344
     346
     345
     349
     332
     380
     340
     366
     361
     342
     332
     359
     358
     339
     370
     370
     370
     386
     342
     368
     359
     385
     321
     357
     344
     359
     335
     395
     375
     363
     310
     339
     366
     332
     312
     336
     363
     319
     348
     303
     354
     320
     333
     303
     336
     303
     291
     325
     318
     344
     274
     330
     339
     314
     311
     314
     303
     303
     307
     289
     312
     260
     285
     288
     293
     271
     291
     274
     296
     312
     273
     265
     264
     243
     246
     310
     244
     279
     275
     221
     277
     252
     271
     231
     265
     234
     235
     237
     205
     215
     236
     258
     246
     216
     235
     208
     211
     226
     191
     205
     201
     228
     229
     185
     190
     207
     216
     177
     182
     196
     183
     205
     196
     165
     168
     155
     162
     166
     164
     191
     175
     159
     158
     150
     172
     135
     159
     123
     150
     141
     141
     143
     151
     133
     141
     128
     136
     146
     118
     119
     131
     110
     119
      97
     104
     101
      99
     128
     100
     124
     108
     134
     111
     121
     102
     115
      90
     119
      94
     122
      97
     106
     107
      84
     119
     109
      84
      81
      85
      96
      78
      77
      90
      80
      89
      93
      88
      73
      85
      88
      93
      73
      70
      85
      63
      66
      83
      63
      74
      70
      66
      76
      84
      78
      70
      67
      83
      80
      65
      87
      75
      79
      70
      71
      80
      63
      62
      83
      72
      69
      79
      73
      68
      68
      51
      69
      55
      52
      73
      68
      80
      58
      52
      66
      75
      58
      75
      72
      78
      86
      73
      78
      76
      82
      60
      69
      84
      73
      77
      52
      87
      77
      71
      76
      78
      84
      73
      96
      91
      86
      74
      82
      88
      82
      84
      69
      79
      84
      75
      85
      99
      78
      85
     103
      87
      83
      97
     111
     108
     106
      91
      95
     110
     122
     125
     119
     102
     112
      96
     107
      99
     132
     115
     121
     122
     106
     121
     108
     141
     130
     111
     138
     139
     127
     135
     129
     143
     139
     136
     141
     140
     139
     132
     118
     146
     126
     169
     137
     166
     133
     114
     152
     156
     153
     178
     177
     158
     155
     172
     196
     184
     165
     157
     178
     177
     207
     155
     193
     223
     181
     191
     224
     200
     169
     182
     201
     196
     201
     208
     189
     207
     204
     199
     211
     201
     201
     221
     222
     229
     212
     248
     223
     240
     230
     229
     246
     231
     256
     240
     243
     241
     229
     211
     240
     232
     265
     252
     272
     233
     250
     253
     268
     229
     237
     259
     241
     255
     286
     267
     278
     240
     258
     295
     270
     260
     271
     260
     268
     296
     276
     279
     268
     246
     300
     282
     290
     274
     313
     274
     278
     262
     269
     254
     279
     271
     286
     263
     279
     271
     289
     283
     284
     286
     270
     314
     271
     261
     266
     272
     234
     255
     277
     274
     257
     273
     277
     255
     252
     265
     266
     279
     283
     243
     258
     282
     279
     243
     250
     240
     274
     253
     259
     276
     277
     272
     259
     265
     248
     275
     251
     265
     238
     236
     221
     221
     238
     227
     182
     208
     251
     263
     238
     227
     257
     223
     263
     230
     198
     252
     227
     214
     228
     209
     210
     211
     212
     199
     201
     218
     214
     213
     211
     195
     210
     214
     205
     201
     194
     174
     185
     213
     153
     173
     200
     193
     191
     177
     164
     196
     172
     167
     162
     171
     167
     170
     150
     169
     167
     151
     154
     174
     145
     157
     164
     156
     161
     121
     152
     133
     128
     142
     115
     155
     126
     130
     138
     114
     127
     112
     127
     117
     129
     118
     116
     104
     121
     117
     124
     106
     110
      98
     111
     101
     105
     125
     103
      96
     116
     102
     125
      89
     102
      99
     111
      98
     106
      83
      99
      88
      96
      82
      68
      78
      74
      82
      66
      72
      80
      75
      63
      61
      81
      55
      66
      56
      43
      68
      63
      63
      53
      72
      54
      52
      67
      55
      66
      60
      47
      45
      59
      50
      57
      49
      60
      53
      50
      52
      54
      53
      35
      46
      40
      47
      49
      47
      46
      48
      40
      36
      28
      42
      29
      45
      40
      35
      46
      47
      27
      36
      37
      43
      41
      38
      30
      34
      43
      34
      21
      27
      37
      37
      28
      37
      32
      31
      36
      21
      27
      38
      22
      28
      32
      30
      38
      26
      26
      29
      23
      27
      27
      23
      22
      24
      23
      30
      20
      29
      26
      32
      19
      15
      23
      22
      22
      21
      19
      24
      19
      26
      22
      16
      23
       7
      11
      19
      10
      25
      18
      19
      19
      19
      27
      25
      14
      18
      18
      18
      16
      10
      14
      12
      16
      13
      14
      15
      17
      20
      21
      18
      18
      17
       6
      13
      13
      18
      12
      13
      16
      22
      17
      15
      17
      14
      11
      11
       9
      19
      15
      11
      17
      13
      20
      14
       9
      10
      15
      17
      18
      11
      21
      16
       7
      16
      14
      12
      10
      18
      13
      13
      13
      10
      16
      12
      19
      16
      15
       9
      12
       8
       9
      19
      13
      11
      20
      12
      14
       8
       6
      16
      16
      12
      13
       8
      16
      12
      11
       8
      13
      14
      14
      11
      15
      12
      16
      17
      18
      16
       9
      13
       9
      15
       5
      14
      11
      15
      15
      15
       9
      10
      13
      12
      12
      12
       5
       6
      10
      18
       7
       9
       7
      18
      12
      11
      13
      14
      13
      12
      10
      11
       6
       8
      12
      10
      13
      15
       6
      13
       6
       9
      13
      12
      11
      15
      18
       9
       9
       5
      13
       7
       7
       7
      13
       7
      17
      11
       8
       8
      11
       8
       5
      12
      10
       7
      11
      11
      13
      11
       5
      11
       5
      12
      16
       7
      12
       9
      13
      12
       7
       9
      12
      12
      13
      11
       7
      14
      10
      13
       4
      18
      10
       8
       9
      11
       8
       5
       9
       7
       9
      11
      11
       9
      20
      13
      19
      13
       5
      12
       4
      11
      14
      13
      10
       9
      13
       6
      14
       3
      10
       9
      11
       9
      12
      11
       7
       9
      12
      13
       7
       6
       8
       9
       7
       8
       7
      10
      12
       9
      10
       9
      10
       8
       8
      15
      12
       9
       3
       5
       9
      10
       9
      13
       7
       9
       7
      11
      13
       9
      10
      12
       7
       8
       8
      11
      15
      10
       6
      13
      17
       7
       9
      12
      19
      20
      11
      14
       6
      12
      11
      11
       9
       9
      13
       7
       6
      12
      10
       8
      12
      11
      10
      12
       5
       8
       0
       0
       0
       0
       0
       0
       0
       0
       0
       0
       0
       0
       0
       0
       0
       0
       0
       0
       0
       0
       0
       0
       0
       0
       0
       0
       0
       0
       0
       0
       0
       0
       0
       0
       0
       0
       0
       0
       0
       0
       0
       0
       0
       0
       0
       0
       0
       0
       0
       0
       0
       0
       0
       0
       0
       0
       0
       0
       0
       0
       0
       0
       0
       0
$ROI:
2
2919 3202
3337 3615
$PRESETS:
None
0
0
$ENER_FIT:
-50.679359 0.399012
$MCA_CAL:
3
-5.067936E+001 3.990117E-001 0.000000E+000 keV
$SHAPE_CAL:
3
2.990500E+002 -4.302880E-002 0.000000E+000
