$SPEC_ID:
No sample description was entered.
$SPEC_REM:
DET# 2
DETDESC# PHY-0040-AA Easy-MCA-8k SN 21098639
AP# Maestro Version 7.01
$DATE_MEA:
02/10/2025 10:54:23
$MEAS_TIM:
326 333
$DATA:
0 4095
       0
       0
       0
       0
       0
       0
       7
       0
       0
       2
       1
       0
       0
       0
       3
       5
       7
       7
       6
       9
       8
      13
      34
     101
     192
     497
    1009
    1565
    1706
    1665
    1618
    1458
    1301
    1096
     937
     777
     700
     614
     542
     539
     534
     512
     466
     407
     396
     401
     441
     367
     354
     361
     323
     335
     335
     336
     305
     307
     298
     307
     256
     261
     306
     298
     269
     310
     277
     312
     307
     299
     321
     308
     275
     301
     268
     276
     301
     278
     304
     293
     306
     330
     311
     331
     359
     387
     353
     415
     441
     489
     481
     498
     552
     646
     620
     646
     713
     665
     777
     723
     810
     788
     806
     801
     790
     749
     783
     708
     684
     669
     662
     591
     581
     547
     533
     487
     452
     457
     470
     430
     359
     383
     337
     348
     309
     309
     318
     310
     302
     279
     255
     278
     288
     298
     269
     265
     273
     291
     272
     260
     250
     236
     251
     231
     268
     294
     252
     270
     261
     269
     253
     260
     262
     253
     267
     274
     238
     258
     242
     289
     240
     251
     272
     245
     285
     246
     265
     257
     248
     233
     271
     258
     259
     258
     239
     276
     249
     261
     254
     247
     246
     260
     234
     243
     251
     300
     281
     245
     279
     243
     287
     235
     249
     274
     285
     281
     248
     259
     242
     263
     267
     271
     249
     248
     285
     260
     264
     257
     301
     229
     280
     265
     275
     289
     280
     278
     252
     280
     256
     279
     277
     250
     280
     259
     277
     266
     279
     259
     293
     273
     283
     295
     284
     281
     277
     290
     296
     274
     283
     298
     273
     328
     261
     310
     282
     260
     280
     277
     290
     263
     294
     287
     281
     315
     305
     301
     311
     276
     310
     322
     327
     301
     299
     301
     303
     335
     303
     310
     338
     303
     304
     311
     312
     303
     298
     308
     353
     293
     352
     332
     319
     284
     328
     290
     284
     287
     319
     308
     321
     325
     303
     301
     324
     312
     308
     321
     315
     303
     295
     300
     322
     308
     287
     334
     283
     315
     304
     328
     284
     305
     312
     318
     302
     302
     324
     303
     310
     290
     327
     308
     324
     320
     320
     291
     343
     309
     332
     344
     324
     323
     385
     363
     368
     386
     352
     399
     393
     383
     400
     429
     425
     448
     431
     469
     477
     488
     539
     525
     466
     538
     495
     573
     579
     562
     593
     616
     632
     614
     672
     666
     616
     634
     643
     672
     691
     650
     624
     601
     656
     649
     628
     627
     676
     673
     637
     612
     642
     582
     606
     559
     601
     544
     516
     502
     530
     525
     482
     503
     480
     483
     435
     457
     442
     413
     400
     444
     388
     408
     348
     405
     388
     360
     343
     340
     333
     351
     332
     346
     317
     363
     317
     329
     357
     315
     327
     354
     302
     311
     278
     302
     283
     264
     310
     278
     287
     292
     264
     299
     292
     253
     280
     262
     296
     280
     248
     315
     297
     277
     277
     288
     306
     282
     270
     278
     266
     276
     271
     257
     282
     269
     247
     261
     245
     257
     298
     259
     272
     244
     254
     280
     238
     253
     288
     235
     269
     264
     279
     276
     254
     260
     268
     246
     245
     249
     273
     273
     238
     254
     246
     239
     246
     260
     253
     271
     267
     275
     262
     266
     271
     259
     253
     282
     259
     269
     230
     262
     261
     270
     269
     243
     258
     265
     240
     224
     303
     265
     268
     270
     268
     279
     261
     257
     272
     246
     254
     249
     258
     281
     247
     272
     259
     269
     256
     272
     286
     258
     270
     270
     238
     272
     287
     307
     249
     257
     298
     292
     247
     289
     269
     280
     267
     270
     275
     274
     281
     270
     261
     305
     282
     283
     273
     278
     310
     280
     249
     272
     286
     296
     328
     276
     314
     343
     310
     298
     289
     311
     275
     327
     312
     274
     277
     290
     281
     298
     292
     315
     291
     293
     282
     290
     284
     325
     301
     307
     338
     284
     307
     301
     301
     311
     329
     338
     341
     326
     339
     327
     302
     332
     328
     348
     323
     326
     334
     299
     311
     326
     307
     316
     308
     333
     314
     313
     353
     331
     329
     304
     325
     335
     302
     334
     311
     350
     315
     310
     331
     297
     324
     316
     310
     332
     333
     352
     329
     291
     339
     352
     321
     338
     314
     327
     310
     292
     306
     337
     301
     324
     307
     317
     292
     306
     342
     297
     310
     348
     327
     341
     285
     307
     326
     318
     296
     252
     302
     300
     327
     284
     263
     305
     295
     293
     298
     290
     295
     296
     266
     297
     268
     286
     285
     290
     298
     285
     311
     286
     280
     297
     294
     294
     271
     266
     259
     302
     288
     274
     266
     246
     267
     267
     289
     280
     306
     256
     282
     275
     289
     271
     261
     272
     229
     280
     267
     298
     257
     247
     265
     304
     270
     270
     281
     275
     282
     291
     259
     263
     285
     245
     253
     275
     276
     276
     250
     250
     270
     253
     245
     274
     264
     292
     235
     266
     258
     253
     260
     279
     275
     230
     242
     264
     269
     276
     289
     255
     275
     240
     232
     243
     253
     267
     227
     263
     285
     255
     257
     246
     267
     250
     237
     236
     253
     254
     238
     230
     230
     257
     247
     253
     265
     235
     256
     237
     241
     230
     263
     249
     267
     240
     218
     270
     242
     243
     244
     247
     209
     237
     252
     230
     257
     232
     223
     276
     217
     251
     252
     253
     236
     266
     218
     252
     263
     217
     239
     243
     269
     278
     224
     223
     258
     246
     257
     261
     238
     229
     218
     278
     244
     230
     208
     248
     237
     201
     213
     222
     220
     221
     233
     218
     248
     201
     232
     241
     263
     233
     270
     247
     204
     220
     234
     247
     224
     247
     220
     248
     221
     237
     242
     257
     231
     227
     223
     216
     223
     250
     254
     213
     209
     243
     245
     204
     242
     223
     215
     241
     259
     264
     242
     236
     214
     257
     227
     216
     212
     210
     222
     190
     196
     187
     227
     232
     217
     208
     241
     220
     234
     243
     222
     207
     237
     214
     222
     223
     220
     221
     193
     216
     214
     218
     223
     204
     201
     232
     223
     227
     205
     240
     206
     198
     228
     202
     217
     227
     211
     219
     222
     239
     225
     200
     205
     194
     221
     221
     211
     232
     204
     237
     225
     190
     201
     218
     204
     220
     209
     219
     234
     209
     227
     193
     197
     224
     194
     208
     224
     214
     211
     204
     195
     203
     216
     207
     220
     212
     220
     218
     214
     210
     184
     199
     176
     200
     210
     221
     229
     194
     225
     208
     221
     215
     207
     223
     218
     204
     187
     173
     208
     209
     215
     225
     201
     185
     191
     212
     200
     212
     231
     211
     212
     240
     242
     219
     185
     220
     232
     212
     193
     233
     210
     206
     227
     226
     213
     225
     191
     193
     193
     219
     207
     204
     218
     209
     198
     187
     215
     190
     194
     172
     180
     178
     189
     202
     244
     231
     209
     189
     200
     188
     212
     211
     207
     201
     185
     202
     247
     200
     209
     219
     196
     190
     215
     201
     186
     212
     209
     196
     202
     201
     220
     167
     204
     210
     209
     209
     187
     174
     216
     207
     206
     212
     220
     191
     207
     233
     198
     197
     197
     203
     195
     205
     220
     207
     208
     192
     173
     197
     192
     201
     230
     180
     186
     189
     203
     210
     189
     201
     206
     196
     180
     181
     213
     212
     196
     218
     179
     205
     203
     194
     214
     193
     207
     179
     227
     202
     237
     197
     196
     193
     200
     207
     203
     184
     232
     190
     183
     204
     183
     199
     180
     198
     205
     195
     220
     190
     190
     214
     196
     195
     202
     193
     177
     192
     176
     193
     191
     209
     216
     183
     197
     212
     185
     190
     198
     195
     185
     207
     184
     220
     199
     185
     214
     225
     202
     193
     191
     202
     200
     194
     194
     205
     219
     205
     208
     233
     218
     217
     190
     192
     223
     203
     203
     203
     180
     199
     197
     200
     197
     180
     190
     207
     194
     207
     206
     184
     199
     186
     176
     225
     189
     198
     203
     212
     206
     191
     197
     191
     191
     190
     200
     196
     182
     224
     190
     212
     217
     169
     194
     199
     196
     185
     203
     190
     210
     182
     215
     212
     187
     208
     225
     190
     194
     191
     214
     195
     213
     196
     206
     206
     206
     180
     195
     205
     185
     178
     188
     174
     185
     197
     211
     188
     183
     178
     188
     187
     197
     173
     189
     159
     203
     182
     189
     198
     169
     192
     161
     161
     183
     196
     199
     176
     170
     181
     197
     206
     185
     167
     165
     185
     179
     183
     164
     203
     201
     182
     206
     171
     190
     171
     185
     138
     174
     192
     176
     171
     188
     159
     182
     172
     185
     168
     177
     206
     182
     187
     170
     166
     179
     146
     185
     146
     147
     151
     174
     176
     167
     145
     183
     139
     162
     178
     161
     171
     162
     175
     176
     154
     154
     173
     175
     160
     165
     161
     161
     166
     161
     182
     164
     167
     150
     151
     164
     180
     169
     127
     159
     183
     156
     159
     151
     161
     183
     156
     180
     171
     134
     144
     163
     140
     182
     163
     151
     170
     147
     151
     146
     138
     152
     182
     160
     162
     157
     146
     140
     166
     158
     150
     164
     143
     151
     137
     155
     154
     156
     136
     164
     158
     152
     153
     140
     132
     153
     157
     158
     145
     143
     172
     147
     179
     167
     153
     135
     167
     143
     151
     169
     150
     149
     158
     143
     150
     176
     127
     170
     144
     133
     147
     131
     148
     154
     139
     162
     159
     157
     150
     129
     149
     147
     147
     133
     139
     164
     155
     133
     144
     132
     138
     147
     169
     124
     145
     137
     147
     131
     137
     157
     144
     158
     134
     132
     135
     141
     148
     155
     167
     147
     153
     128
     138
     153
     151
     150
     151
     130
     140
     139
     134
     139
     142
     133
     131
     158
     156
     148
     172
     144
     147
     138
     165
     130
     153
     144
     160
     142
     158
     146
     137
     135
     149
     156
     132
     138
     152
     146
     157
     146
     149
     152
     142
     137
     150
     118
     145
     146
     150
     175
     151
     154
     165
     151
     151
     122
     154
     139
     137
     134
     154
     142
     144
     134
     157
     158
     146
     154
     142
     125
     132
     150
     151
     137
     150
     164
     152
     154
     136
     161
     133
     141
     147
     174
     139
     161
     127
     133
     146
     152
     113
     154
     129
     146
     148
     157
     149
     176
     156
     122
     160
     148
     132
     165
     144
     160
     170
     155
     149
     158
     162
     158
     136
     147
     141
     125
     142
     154
     146
     160
     163
     157
     142
     154
     138
     154
     155
     149
     142
     168
     160
     150
     154
     147
     146
     155
     159
     166
     144
     132
     150
     145
     164
     152
     150
     149
     154
     164
     112
     181
     156
     143
     152
     132
     174
     155
     166
     167
     146
     178
     150
     143
     154
     149
     162
     158
     169
     158
     169
     150
     144
     150
     133
     147
     143
     150
     157
     174
     168
     155
     166
     157
     171
     177
     163
     165
     166
     179
     148
     161
     163
     167
     157
     161
     161
     178
     184
     161
     180
     157
     189
     164
     170
     160
     149
     155
     177
     181
     184
     165
     202
     189
     200
     180
     202
     151
     189
     182
     196
     194
     213
     220
     196
     194
     210
     164
     192
     219
     211
     222
     222
     251
     183
     229
     210
     233
     232
     230
     232
     229
     217
     286
     227
     250
     239
     229
     251
     245
     252
     282
     247
     297
     286
     286
     269
     280
     262
     275
     266
     294
     294
     304
     277
     297
     269
     300
     300
     295
     325
     336
     311
     333
     359
     347
     308
     332
     313
     334
     347
     363
     381
     347
     360
     418
     360
     357
     398
     365
     389
     417
     387
     356
     392
     409
     397
     406
     446
     423
     434
     416
     429
     432
     442
     434
     441
     429
     429
     475
     404
     420
     468
     422
     487
     466
     458
     473
     475
     485
     483
     478
     477
     497
     523
     479
     471
     493
     518
     533
     479
     470
     498
     514
     472
     528
     525
     490
     532
     516
     548
     498
     526
     535
     494
     490
     547
     503
     520
     525
     541
     497
     505
     502
     518
     477
     482
     469
     452
     465
     472
     506
     464
     480
     479
     497
     469
     505
     463
     460
     470
     477
     443
     452
     471
     445
     440
     446
     438
     436
     450
     428
     429
     396
     422
     392
     385
     415
     422
     440
     421
     393
     394
     407
     380
     387
     376
     360
     364
     358
     369
     409
     331
     365
     352
     350
     358
     285
     320
     381
     337
     322
     330
     313
     300
     295
     283
     351
     326
     294
     275
     292
     281
     284
     282
     283
     266
     284
     321
     294
     258
     258
     268
     240
     265
     268
     266
     250
     240
     270
     244
     217
     246
     252
     224
     217
     218
     226
     239
     210
     217
     217
     201
     193
     209
     213
     233
     193
     188
     188
     228
     198
     206
     183
     204
     184
     191
     175
     187
     186
     199
     191
     197
     189
     163
     176
     172
     208
     169
     179
     185
     159
     189
     211
     173
     173
     193
     154
     176
     178
     174
     152
     187
     186
     152
     167
     181
     173
     156
     185
     140
     182
     160
     156
     133
     165
     171
     155
     144
     166
     162
     145
     160
     167
     152
     165
     165
     174
     163
     161
     163
     153
     168
     162
     144
     164
     161
     155
     134
     164
     149
     153
     165
     153
     158
     160
     152
     152
     156
     159
     163
     153
     138
     176
     148
     126
     150
     175
     160
     169
     138
     151
     172
     127
     168
     148
     144
     141
     155
     163
     178
     151
     142
     164
     163
     139
     153
     170
     194
     156
     154
     153
     144
     159
     151
     158
     140
     151
     158
     138
     163
     178
     163
     175
     136
     137
     148
     134
     169
     161
     156
     137
     180
     183
     154
     160
     170
     127
     153
     153
     146
     179
     168
     141
     159
     155
     156
     142
     143
     144
     155
     149
     149
     156
     153
     157
     146
     147
     160
     185
     158
     149
     172
     173
     168
     158
     156
     162
     152
     136
     141
     143
     155
     157
     162
     181
     150
     170
     139
     152
     146
     152
     164
     161
     153
     144
     166
     135
     161
     149
     177
     160
     169
     166
     135
     152
     182
     165
     141
     157
     169
     178
     154
     125
     154
     158
     156
     154
     171
     139
     167
     148
     146
     154
     145
     123
     151
     139
     158
     165
     158
     155
     171
     134
     158
     167
     161
     187
     159
     165
     186
     180
     171
     144
     173
     173
     157
     178
     152
     155
     149
     168
     159
     168
     178
     178
     193
     156
     152
     173
     179
     186
     185
     158
     155
     155
     160
     164
     176
     148
     158
     138
     141
     172
     175
     173
     152
     167
     167
     161
     159
     176
     168
     180
     160
     170
     175
     188
     178
     167
     174
     170
     161
     186
     168
     164
     175
     155
     179
     189
     184
     181
     173
     173
     185
     151
     136
     176
     173
     166
     168
     171
     159
     155
     180
     171
     178
     173
     167
     155
     158
     179
     159
     160
     171
     171
     174
     151
     155
     183
     166
     192
     164
     168
     192
     182
     185
     175
     165
     187
     173
     173
     160
     180
     185
     181
     169
     165
     164
     180
     163
     165
     192
     174
     160
     154
     177
     160
     194
     160
     170
     173
     171
     183
     154
     186
     174
     160
     180
     184
     171
     167
     167
     176
     169
     165
     166
     162
     164
     174
     154
     172
     155
     161
     167
     193
     194
     158
     179
     155
     180
     180
     187
     195
     164
     188
     174
     194
     161
     175
     166
     169
     171
     173
     177
     162
     155
     172
     176
     181
     172
     165
     172
     187
     143
     153
     167
     188
     170
     203
     169
     164
     171
     178
     172
     179
     175
     178
     176
     173
     168
     182
     169
     167
     147
     165
     177
     186
     196
     167
     177
     168
     178
     163
     189
     168
     181
     176
     170
     173
     168
     166
     188
     180
     182
     180
     168
     187
     152
     178
     192
     171
     206
     180
     190
     175
     176
     177
     176
     173
     193
     182
     161
     154
     173
     185
     187
     169
     160
     182
     188
     174
     180
     177
     175
     176
     200
     172
     188
     181
     174
     145
     201
     184
     200
     172
     164
     152
     173
     198
     172
     159
     184
     169
     189
     205
     153
     197
     176
     179
     169
     180
     188
     207
     170
     163
     186
     161
     195
     170
     181
     183
     177
     175
     168
     180
     181
     171
     176
     192
     165
     186
     179
     156
     163
     178
     165
     172
     159
     173
     166
     160
     192
     165
     158
     134
     179
     176
     175
     200
     179
     186
     164
     170
     185
     171
     191
     155
     173
     157
     153
     166
     163
     169
     167
     147
     162
     164
     165
     153
     175
     171
     172
     154
     173
     171
     153
     170
     184
     152
     165
     169
     162
     197
     171
     161
     151
     168
     170
     160
     177
     173
     144
     147
     129
     140
     167
     138
     168
     155
     141
     146
     159
     148
     158
     147
     166
     178
     153
     140
     154
     176
     149
     165
     146
     151
     140
     171
     147
     145
     161
     172
     141
     155
     129
     150
     165
     155
     142
     152
     159
     164
     162
     156
     137
     145
     153
     158
     150
     141
     152
     164
     135
     134
     126
     159
     143
     159
     142
     160
     152
     138
     150
     132
     147
     148
     126
     153
     130
     130
     135
     122
     149
     138
     145
     132
     131
     121
     154
     137
     117
     128
     143
     135
     130
     117
     139
     147
     117
     122
     122
     125
     117
     128
     138
     119
     141
     129
     124
     114
     129
     118
     122
     118
     111
     128
     133
     127
     127
     148
     113
     143
     117
     142
     127
     130
     108
     114
     118
     138
     160
     118
     136
     132
     108
     139
     130
     112
     126
     121
     116
     125
     113
     144
     115
     118
     125
     122
     109
     107
     121
     101
     134
     112
     116
     116
     111
      96
     112
     127
     113
     133
     130
     128
     122
     105
      99
     121
     126
     107
     128
     139
     115
     116
      90
     130
     110
     103
     133
      93
     109
     102
      95
     113
     113
     132
      97
     110
     122
     111
     112
     121
      95
     110
     113
     113
      93
     122
     105
     102
     112
     128
     131
     116
     116
      92
     107
     116
     118
      86
      88
      98
     108
     116
     119
      95
     106
     118
     131
     105
      98
     117
     108
     115
     134
     100
     106
     102
     102
     106
      95
     108
     116
     138
     124
     119
     109
     117
     123
     132
      92
     104
     121
     119
     130
     115
     106
      99
     108
     118
     116
     111
     104
      90
     115
     102
     125
     112
      95
     122
     104
     108
     121
     100
     114
      95
     113
     110
     111
     126
     126
     104
     103
     120
      97
      87
     107
     106
      98
     120
     106
     108
     123
     119
     126
     110
      94
     102
      88
     108
      99
     107
      98
     100
     123
     112
     106
      99
     135
     106
     124
     112
     124
     118
     113
     118
     121
     111
     117
     102
      88
     104
     103
      95
     107
     108
     100
     100
     108
     107
      97
     107
     112
     114
     110
     105
     105
     102
     108
     106
      97
     135
     107
     102
     115
     122
     105
     107
     102
      96
     111
     122
     120
     114
     109
     141
     143
      94
     131
     115
     109
      93
     100
      94
     104
     101
     125
      95
     114
     109
     109
      85
      97
     108
     110
     100
     111
     115
     103
     116
      88
     112
     115
     100
     115
      99
     100
     112
      99
     116
     132
     127
     131
     112
     117
     114
     121
     115
     121
     109
     110
     117
     117
     125
     120
     100
     121
     127
     137
     101
     120
     140
     111
     101
     123
     117
     119
     120
     112
     119
     121
     134
     139
     123
     127
     126
     141
     122
     134
     113
     117
     140
     125
     110
     126
     129
     138
     146
     130
     149
     125
     124
     146
     128
     165
     137
     132
     124
     149
     139
     131
     145
     152
     159
     138
     138
     158
     160
     169
     155
     158
     167
     165
     168
     156
     174
     141
     162
     143
     162
     163
     161
     179
     205
     175
     182
     187
     179
     200
     177
     188
     181
     155
     176
     201
     175
     203
     186
     194
     215
     188
     216
     221
     203
     177
     212
     222
     218
     221
     208
     224
     251
     244
     243
     228
     232
     247
     242
     230
     292
     255
     238
     243
     269
     293
     252
     247
     269
     269
     263
     251
     247
     301
     258
     298
     250
     290
     315
     290
     284
     295
     281
     293
     292
     320
     280
     289
     348
     301
     306
     325
     320
     295
     354
     329
     326
     312
     331
     325
     345
     321
     315
     319
     316
     339
     343
     366
     390
     358
     329
     371
     339
     367
     347
     353
     359
     360
     374
     350
     313
     392
     368
     378
     344
     352
     373
     391
     362
     365
     368
     354
     375
     353
     390
     373
     357
     345
     372
     364
     427
     379
     361
     357
     364
     368
     387
     338
     385
     376
     390
     356
     381
     422
     360
     392
     363
     370
     405
     417
     414
     408
     366
     383
     363
     368
     380
     373
     367
     414
     371
     377
     374
     354
     352
     354
     362
     353
     342
     340
     362
     364
     375
     362
     347
     359
     308
     333
     339
     333
     334
     361
     363
     337
     365
     350
     338
     341
     323
     334
     333
     327
     344
     310
     306
     326
     304
     308
     325
     314
     278
     331
     286
     260
     258
     277
     324
     299
     275
     286
     267
     294
     272
     272
     269
     263
     265
     261
     249
     250
     250
     255
     229
     238
     274
     230
     228
     252
     238
     210
     222
     239
     201
     207
     245
     234
     231
     207
     199
     200
     218
     188
     170
     185
     200
     208
     211
     187
     184
     197
     177
     159
     169
     167
     178
     179
     170
     163
     163
     167
     174
     179
     174
     147
     151
     157
     137
     155
     152
     154
     134
     130
     133
     143
     156
     132
     115
     121
     142
     125
     127
     124
     104
     115
     126
     106
      91
     137
     106
     121
     118
      96
     106
     121
     115
     116
      95
     102
      94
     101
     106
      85
      91
     102
      93
      75
      78
      89
      90
      98
      92
      84
      86
      83
      69
      72
      89
      93
      81
      74
      87
     102
      75
      80
      66
      83
      85
      79
      80
      73
      77
      76
      93
      73
      73
      69
      75
      80
      67
      73
      79
      75
      78
      61
      88
      68
      74
      78
      82
      71
      77
      71
      73
      82
      75
      72
      81
      63
      65
      86
      68
      74
      77
      67
      69
      75
      66
      70
      90
      76
      69
      86
      79
      82
      80
      88
      83
      77
      91
      77
      78
      95
      85
      81
      90
     105
      78
      89
      92
      96
     110
      76
     103
     106
      97
      85
     102
     101
     113
      99
     105
     111
      85
     106
     110
     122
      94
     130
     115
     132
     106
     106
     125
     118
     128
     122
     125
     156
     111
     112
     121
     135
     143
     133
     136
     142
     114
     138
     135
     155
     157
     160
     149
     143
     153
     161
     142
     153
     166
     150
     157
     170
     145
     151
     186
     155
     179
     174
     175
     177
     182
     191
     185
     169
     173
     220
     211
     210
     210
     220
     208
     207
     185
     203
     210
     208
     194
     209
     206
     209
     208
     223
     210
     234
     207
     221
     241
     234
     237
     238
     215
     250
     263
     252
     234
     252
     218
     256
     241
     248
     250
     255
     263
     241
     241
     258
     255
     285
     272
     270
     267
     266
     238
     274
     282
     308
     290
     264
     277
     295
     260
     275
     282
     288
     299
     293
     320
     271
     259
     274
     291
     295
     290
     279
     308
     273
     308
     291
     324
     313
     286
     270
     268
     289
     264
     301
     305
     307
     272
     337
     321
     284
     303
     313
     288
     307
     320
     285
     311
     281
     290
     270
     270
     285
     273
     310
     300
     294
     309
     308
     258
     295
     255
     299
     283
     297
     296
     288
     284
     307
     265
     270
     270
     286
     273
     261
     292
     291
     285
     240
     280
     265
     263
     271
     263
     278
     262
     241
     284
     263
     267
     228
     277
     230
     276
     262
     239
     268
     238
     253
     235
     234
     217
     219
     224
     235
     225
     226
     223
     230
     228
     200
     232
     249
     232
     223
     212
     229
     222
     227
     216
     223
     206
     199
     184
     203
     194
     205
     196
     187
     151
     188
     172
     200
     198
     173
     187
     166
     160
     177
     184
     157
     149
     158
     164
     156
     157
     171
     170
     178
     178
     151
     148
     157
     159
     166
     158
     135
     124
     128
     141
     140
     150
     119
     141
     121
     124
     115
     146
     140
     119
     101
     131
     130
     112
     114
     118
     117
     110
     103
     105
      93
     120
      81
     107
     111
     117
     100
      98
      98
      74
      95
      94
      76
      95
      76
      95
      79
      71
      84
      70
      69
      82
      79
      74
      86
      70
      76
      73
      89
      68
      53
      60
      79
      61
      60
      75
      66
      59
      70
      51
      62
      83
      55
      54
      69
      47
      48
      57
      47
      72
      32
      43
      44
      53
      46
      52
      52
      42
      56
      41
      41
      38
      52
      42
      41
      45
      42
      41
      60
      46
      50
      43
      43
      34
      30
      35
      39
      53
      31
      29
      25
      26
      27
      29
      35
      33
      30
      48
      32
      30
      42
      36
      43
      34
      33
      40
      35
      35
      26
      28
      28
      25
      33
      34
      29
      23
      29
      37
      33
      29
      24
      25
      25
      37
      25
      26
      28
      19
      24
      32
      20
      21
      19
      26
      28
      35
      25
      19
      14
      30
      28
      18
      20
      25
      32
      15
      21
      27
      19
      18
      11
      15
      26
      18
      26
      14
      16
      15
      19
      31
      26
      17
      23
      18
      23
      25
      20
      16
      20
      14
      24
      24
      21
      22
      21
      14
      17
      16
      18
      24
      24
      25
      12
      10
      18
      21
      24
      21
      24
      17
      16
      21
      20
      12
      20
      23
      13
      13
      13
      23
      16
      17
      23
      16
      20
      11
      14
      18
      18
      16
      15
      14
      17
      23
      19
      14
      17
      15
      14
       7
      18
      17
      15
      13
      16
      18
      12
      20
      11
      21
      17
       9
      19
      21
      21
      15
      18
      15
      16
      13
      13
      20
       9
      10
      17
      16
      21
      16
      18
      13
       8
      14
      12
      13
      12
      13
      13
      15
      15
       9
      14
      12
      11
      21
      13
      12
      13
      12
      21
      16
      25
      10
      15
      17
      11
      18
      19
      13
       8
      14
      15
      14
      14
      15
      24
       9
      10
      17
       9
      11
      15
      14
      16
      19
      14
      16
       9
      14
      10
      10
      13
      15
      16
      18
      15
      14
      13
      17
      16
      13
      10
      11
      17
      11
      14
      20
       8
      23
       8
      13
      13
       7
      15
      10
      16
      11
      13
      19
      17
       8
      20
      14
       7
      15
      10
      15
      10
      16
      12
       9
      15
      26
      16
      14
      13
      13
       9
      15
      13
      14
      15
      12
      18
      10
      18
      15
      16
      16
      15
      12
      19
      14
      14
      10
      16
      11
      17
      15
      18
      16
       6
      13
      19
       9
       6
       8
      13
      11
      12
      21
      10
      15
      15
      13
      14
      17
      19
      10
       8
       5
      18
      12
       9
      10
       6
      22
       9
       8
      13
      19
      17
      14
      19
      14
      17
      17
      14
      23
      14
      19
      16
      10
      12
       8
      12
      11
      16
      12
      11
      12
      13
       7
       9
      11
      13
      10
      12
       6
       8
      12
      16
      16
      15
      11
      10
       0
       0
       0
       0
       0
       0
       0
       0
       0
       0
       0
       0
       0
       0
       0
       0
       0
       0
       0
       0
       0
       0
       0
       0
       0
       0
       0
       0
       0
       0
       0
       0
       0
       0
       0
       0
       0
       0
       0
       0
       0
       0
       0
       0
       0
       0
       0
       0
       0
       0
       0
       0
       0
       0
       0
       0
       0
       0
       0
       0
       0
       0
       0
       0
$ROI:
5
244 305
318 431
1650 1934
2919 3202
3337 3615
$PRESETS:
None
0
0
$ENER_FIT:
0.000000 0.369853
$MCA_CAL:
3
0.000000E+000 3.698526E-001 0.000000E+000 keV
$SHAPE_CAL:
3
1.330430E+002 0.000000E+000 0.000000E+000
