$SPEC_ID:
gain 100delay 0
$SPEC_REM:
DET# 2
DETDESC# PHY-0040-AA Easy-MCA-8k SN 21098639
AP# Maestro Version 7.01
$DATE_MEA:
02/10/2025 10:13:38
$MEAS_TIM:
108 110
$DATA:
0 4095
       0
       0
       0
       0
       0
       0
       0
       0
       0
       0
       0
       0
       0
       0
       0
       0
       0
       0
       0
       0
       0
       1
       2
       3
       6
       5
       2
      10
      22
      17
      46
      62
      64
      61
      53
      61
      56
      64
      67
      67
      58
      50
      49
      61
      55
      48
      60
      53
      64
      57
      53
      49
      57
      59
      62
      60
      61
      57
      41
      55
      44
      50
      26
      29
      34
      35
      32
      33
      29
      29
      31
      45
      33
      33
      28
      34
      37
      43
      34
      45
      26
      39
      35
      50
      30
      36
      41
      30
      22
      26
      40
      30
      30
      40
      44
      38
      34
      34
      33
      45
      42
      41
      44
      38
      37
      45
      38
      50
      48
      46
      43
      46
      36
      45
      52
      65
      36
      42
      64
      59
      58
      59
      78
      53
      69
      61
      74
      76
      86
      81
      93
     113
     123
     119
     133
     142
     150
     150
     199
     155
     198
     202
     234
     235
     218
     254
     247
     281
     286
     296
     292
     298
     268
     304
     285
     281
     311
     277
     304
     286
     289
     246
     296
     249
     239
     279
     267
     223
     211
     184
     199
     195
     189
     154
     160
     167
     150
     135
     128
     120
     130
     102
      99
     107
      93
      85
      89
      93
      62
      60
      72
      62
      59
      56
      63
      56
      51
      56
      45
      55
      56
      41
      42
      49
      38
      55
      48
      43
      32
      42
      42
      34
      32
      39
      57
      38
      42
      34
      43
      36
      35
      35
      34
      29
      42
      36
      33
      43
      43
      38
      34
      41
      42
      34
      38
      43
      46
      43
      45
      50
      40
      49
      41
      47
      44
      32
      42
      32
      42
      32
      37
      34
      49
      30
      39
      38
      31
      38
      41
      42
      37
      41
      45
      45
      49
      49
      45
      42
      26
      35
      35
      43
      36
      47
      40
      48
      30
      36
      37
      42
      42
      43
      35
      38
      43
      44
      42
      42
      51
      42
      38
      41
      45
      58
      46
      49
      38
      42
      32
      45
      48
      48
      32
      44
      44
      51
      37
      37
      48
      37
      43
      35
      47
      51
      50
      44
      37
      36
      49
      49
      41
      41
      38
      50
      61
      46
      38
      51
      48
      45
      42
      51
      48
      50
      36
      38
      47
      37
      41
      42
      31
      46
      51
      52
      49
      38
      54
      39
      42
      47
      35
      47
      50
      53
      44
      32
      42
      52
      54
      55
      37
      47
      39
      39
      58
      33
      46
      46
      50
      50
      46
      37
      54
      44
      44
      53
      45
      37
      47
      49
      47
      52
      46
      47
      41
      42
      42
      45
      48
      53
      54
      60
      33
      52
      49
      47
      36
      42
      46
      55
      34
      44
      71
      41
      51
      44
      45
      48
      51
      50
      46
      38
      56
      48
      54
      48
      39
      53
      48
      54
      41
      53
      43
      52
      40
      58
      53
      48
      44
      52
      34
      51
      55
      47
      43
      44
      48
      55
      41
      40
      60
      47
      55
      58
      44
      41
      41
      40
      46
      52
      43
      44
      45
      48
      49
      45
      45
      43
      44
      45
      57
      46
      45
      42
      42
      51
      51
      42
      53
      40
      60
      40
      43
      60
      46
      45
      56
      41
      39
      39
      49
      39
      55
      48
      48
      40
      55
      55
      39
      44
      52
      45
      51
      57
      48
      58
      53
      53
      57
      54
      44
      59
      51
      38
      53
      48
      54
      43
      40
      40
      53
      47
      45
      47
      46
      50
      46
      51
      55
      46
      58
      36
      55
      52
      54
      49
      46
      46
      50
      44
      53
      32
      42
      44
      48
      44
      38
      53
      40
      43
      58
      61
      38
      42
      42
      51
      43
      46
      51
      40
      44
      57
      53
      42
      42
      36
      42
      47
      45
      39
      36
      30
      51
      49
      55
      49
      40
      54
      46
      54
      45
      52
      46
      49
      45
      51
      36
      50
      39
      50
      42
      35
      53
      46
      42
      47
      45
      38
      55
      51
      43
      60
      53
      57
      47
      50
      43
      47
      37
      47
      63
      43
      50
      59
      50
      56
      39
      44
      42
      39
      51
      25
      47
      48
      49
      48
      38
      38
      40
      39
      50
      46
      43
      43
      40
      36
      45
      51
      52
      39
      61
      45
      40
      42
      44
      57
      46
      46
      50
      50
      46
      48
      44
      48
      39
      38
      51
      40
      42
      33
      44
      37
      41
      53
      50
      44
      43
      56
      54
      34
      57
      41
      42
      37
      44
      46
      35
      47
      42
      44
      44
      36
      46
      25
      58
      43
      45
      45
      44
      45
      30
      32
      44
      41
      40
      38
      44
      48
      38
      48
      45
      41
      46
      46
      60
      40
      40
      46
      35
      42
      37
      43
      37
      26
      39
      36
      53
      42
      56
      37
      56
      42
      62
      36
      38
      32
      40
      38
      47
      50
      40
      34
      41
      31
      40
      36
      44
      42
      64
      33
      45
      38
      47
      31
      37
      51
      61
      47
      42
      42
      35
      47
      51
      36
      34
      45
      36
      35
      44
      54
      40
      42
      48
      40
      55
      41
      43
      44
      37
      44
      38
      49
      48
      48
      41
      44
      43
      47
      47
      34
      50
      41
      41
      40
      42
      40
      43
      33
      41
      58
      47
      39
      45
      41
      55
      42
      41
      32
      46
      51
      56
      43
      43
      44
      44
      48
      43
      47
      48
      53
      46
      45
      45
      44
      40
      62
      52
      42
      53
      38
      56
      61
      48
      54
      61
      50
      59
      52
      57
      41
      54
      50
      50
      55
      48
      42
      43
      47
      37
      49
      65
      53
      47
      62
      49
      47
      56
      56
      51
      44
      48
      51
      42
      50
      51
      41
      57
      38
      60
      61
      63
      51
      57
      39
      48
      48
      59
      41
      61
      48
      52
      51
      47
      72
      58
      51
      48
      50
      69
      53
      54
      59
      50
      51
      61
      57
      52
      53
      66
      44
      49
      47
      47
      68
      56
      50
      48
      47
      50
      48
      38
      54
      59
      51
      57
      43
      52
      45
      43
      39
      53
      45
      46
      43
      37
      61
      51
      56
      38
      60
      50
      48
      43
      40
      48
      65
      56
      45
      49
      46
      44
      39
      60
      51
      50
      51
      54
      52
      52
      34
      38
      31
      32
      42
      56
      45
      40
      55
      43
      36
      48
      51
      47
      49
      44
      49
      47
      50
      49
      44
      55
      43
      37
      54
      59
      41
      44
      45
      54
      41
      32
      56
      44
      41
      46
      44
      43
      48
      38
      42
      42
      45
      55
      28
      42
      49
      64
      56
      40
      37
      38
      53
      31
      39
      50
      50
      42
      38
      42
      45
      43
      55
      40
      37
      34
      40
      55
      41
      28
      44
      51
      41
      41
      37
      49
      53
      42
      39
      40
      46
      39
      51
      39
      43
      48
      41
      53
      41
      47
      44
      50
      43
      44
      37
      37
      39
      34
      40
      45
      37
      35
      38
      45
      42
      26
      40
      36
      42
      49
      43
      36
      40
      39
      51
      40
      40
      43
      48
      45
      48
      41
      42
      38
      33
      36
      35
      50
      45
      34
      45
      37
      37
      46
      37
      33
      47
      37
      41
      36
      42
      26
      39
      33
      41
      39
      38
      37
      39
      43
      39
      47
      30
      29
      46
      43
      41
      38
      40
      39
      33
      25
      42
      35
      28
      36
      45
      37
      44
      33
      31
      34
      41
      41
      44
      42
      35
      37
      40
      31
      44
      31
      31
      47
      45
      35
      37
      52
      46
      39
      36
      31
      33
      35
      42
      41
      42
      32
      35
      61
      37
      33
      41
      43
      35
      44
      43
      40
      29
      37
      25
      36
      33
      34
      40
      39
      33
      43
      30
      34
      36
      35
      33
      24
      39
      45
      41
      34
      40
      47
      33
      42
      28
      30
      36
      41
      43
      40
      30
      50
      40
      36
      29
      36
      41
      39
      41
      30
      41
      39
      39
      39
      41
      38
      31
      31
      52
      34
      43
      48
      40
      40
      39
      44
      36
      30
      31
      31
      44
      26
      30
      29
      33
      36
      46
      27
      26
      50
      31
      33
      35
      44
      41
      36
      32
      36
      20
      37
      41
      35
      50
      26
      44
      35
      34
      25
      37
      32
      37
      33
      37
      36
      32
      46
      26
      40
      30
      29
      31
      32
      39
      34
      43
      36
      37
      34
      47
      29
      33
      35
      35
      38
      28
      40
      44
      29
      30
      32
      30
      31
      28
      28
      49
      34
      35
      46
      37
      36
      31
      44
      21
      30
      38
      32
      33
      36
      34
      39
      37
      38
      39
      37
      36
      33
      32
      39
      28
      29
      32
      27
      36
      44
      32
      24
      38
      37
      36
      26
      32
      42
      32
      48
      45
      33
      31
      33
      35
      34
      27
      33
      43
      28
      42
      36
      38
      36
      28
      39
      30
      38
      45
      34
      42
      33
      29
      30
      40
      47
      35
      32
      31
      22
      31
      40
      27
      39
      38
      34
      38
      31
      31
      34
      34
      28
      35
      36
      31
      44
      39
      38
      34
      32
      37
      23
      24
      35
      26
      39
      37
      25
      35
      32
      30
      34
      26
      31
      32
      34
      28
      29
      25
      22
      28
      30
      29
      33
      39
      38
      31
      28
      33
      30
      33
      31
      42
      33
      31
      32
      30
      29
      35
      31
      28
      22
      33
      36
      39
      32
      27
      39
      30
      34
      30
      28
      29
      28
      24
      27
      33
      28
      25
      33
      35
      39
      28
      39
      25
      44
      42
      39
      36
      42
      32
      35
      33
      33
      24
      26
      31
      39
      36
      25
      27
      29
      44
      33
      25
      23
      35
      22
      34
      33
      28
      32
      27
      36
      37
      34
      33
      35
      29
      26
      30
      30
      29
      31
      29
      24
      24
      34
      38
      30
      33
      27
      42
      30
      34
      29
      27
      20
      37
      46
      37
      34
      32
      33
      32
      30
      41
      35
      25
      42
      30
      24
      29
      27
      36
      28
      18
      28
      28
      38
      34
      34
      48
      27
      44
      28
      25
      25
      28
      27
      35
      22
      31
      43
      36
      25
      32
      24
      44
      32
      34
      26
      31
      28
      34
      26
      33
      35
      30
      21
      27
      22
      21
      24
      31
      40
      41
      34
      46
      27
      24
      28
      30
      26
      29
      34
      37
      32
      25
      46
      38
      40
      28
      39
      28
      37
      30
      21
      32
      24
      24
      37
      40
      35
      31
      35
      29
      34
      30
      31
      30
      28
      33
      26
      34
      26
      33
      28
      26
      31
      37
      27
      32
      31
      35
      33
      25
      33
      25
      36
      26
      15
      21
      27
      31
      19
      30
      32
      30
      27
      31
      36
      35
      24
      27
      36
      31
      38
      23
      32
      32
      24
      31
      18
      25
      26
      22
      33
      20
      28
      25
      29
      35
      27
      30
      36
      28
      28
      30
      30
      39
      34
      29
      28
      31
      18
      32
      28
      34
      24
      35
      33
      39
      27
      41
      39
      29
      26
      35
      42
      35
      16
      34
      37
      36
      28
      42
      33
      46
      27
      32
      43
      22
      19
      30
      34
      34
      29
      34
      32
      28
      33
      30
      27
      31
      35
      26
      25
      29
      23
      34
      24
      44
      38
      26
      28
      36
      35
      25
      37
      34
      21
      34
      35
      38
      37
      24
      32
      35
      42
      36
      23
      24
      25
      25
      24
      37
      35
      25
      39
      32
      30
      26
      28
      32
      38
      32
      29
      25
      28
      28
      34
      36
      24
      33
      28
      33
      27
      40
      38
      34
      30
      27
      32
      28
      26
      26
      27
      26
      37
      27
      30
      27
      33
      33
      29
      32
      40
      28
      26
      36
      25
      25
      34
      29
      32
      43
      22
      28
      32
      35
      33
      32
      38
      30
      31
      27
      32
      30
      25
      33
      26
      32
      36
      32
      36
      29
      21
      31
      26
      21
      31
      31
      23
      27
      24
      30
      31
      30
      32
      36
      31
      28
      37
      36
      32
      27
      30
      32
      25
      34
      30
      31
      32
      31
      40
      34
      28
      34
      39
      31
      25
      24
      30
      37
      32
      40
      29
      38
      30
      27
      28
      31
      29
      30
      26
      28
      25
      45
      37
      28
      35
      37
      28
      30
      41
      34
      29
      38
      38
      35
      29
      39
      37
      31
      35
      29
      34
      31
      39
      40
      36
      36
      25
      27
      29
      33
      29
      29
      32
      35
      32
      31
      22
      23
      29
      35
      37
      29
      30
      32
      34
      17
      22
      34
      34
      28
      28
      25
      24
      31
      32
      33
      28
      27
      23
      34
      39
      41
      35
      28
      31
      25
      29
      33
      36
      28
      30
      36
      25
      34
      35
      25
      32
      37
      29
      28
      30
      32
      36
      38
      31
      29
      28
      29
      45
      33
      26
      24
      24
      30
      39
      26
      35
      27
      23
      29
      26
      25
      29
      32
      25
      27
      28
      42
      37
      30
      25
      25
      25
      20
      30
      33
      23
      26
      23
      36
      26
      24
      26
      29
      21
      22
      12
      27
      27
      27
      29
      21
      26
      26
      25
      30
      17
      23
      19
      22
      19
      20
      19
      19
      23
      19
      28
      25
      24
      33
      20
      19
      32
      27
      25
      22
      25
      20
      27
      20
      11
      24
      20
      23
      27
      19
      24
      16
      17
      21
      14
      21
      28
      21
      25
      17
      22
      22
      15
      15
      21
      18
      26
      24
      27
      14
      23
      16
      20
      18
       8
      17
      14
      19
      11
      16
      22
      17
      12
      25
      20
      19
      12
      19
      12
      13
      15
      20
      25
      13
      16
      14
      21
      20
      11
      18
      13
      16
      16
       8
      14
       6
      19
      13
       8
      14
      20
      17
      14
      13
      13
      19
       9
      12
       9
      10
      14
      15
      22
      17
      12
       6
      20
      19
      14
      14
       8
      14
      13
      12
      14
      12
      15
      11
      18
      15
      11
      13
      21
      12
      12
      13
      12
      14
      13
      15
       9
      15
       7
       9
      11
      14
      14
       7
      14
      13
       6
      10
      17
       5
      16
       8
      12
      10
      13
      13
      12
       9
      14
      12
      10
      11
      11
      12
       9
      11
      14
      11
       4
       4
      14
      12
      10
       4
       8
      13
      12
       7
       6
      13
      11
       9
       7
       5
      11
      14
       9
       5
       8
       8
       6
       6
       5
       7
       7
       7
       9
      16
       9
       6
       8
       9
      11
       4
       4
       2
       9
       8
       9
       6
       3
       8
      10
      10
       7
      13
       9
      11
       7
      11
       5
      12
       5
      10
       8
       4
       8
       6
       8
       5
       9
       6
       9
       9
       9
       9
       6
       5
       4
      10
       8
       4
      10
      11
      10
      10
       6
       4
      14
       7
       3
       8
      13
       4
       6
       7
       8
       3
       3
       9
      13
       4
       5
      10
       7
       5
       4
       6
       7
       6
      10
       3
       8
       2
       5
       7
       7
       4
      10
       5
       7
       3
       4
       6
       2
       6
       7
       2
      10
       5
       3
       6
       7
       6
       4
       2
       5
       3
       8
       4
       7
       7
       2
       7
       5
       4
       5
       9
       7
       6
       7
      10
       5
       6
       4
       7
       3
       8
       3
       7
       2
       6
       9
       2
       5
       3
       4
       5
       2
       4
       5
       1
       2
       4
       5
       3
       3
       3
       8
      10
       5
       3
       2
       7
       7
       7
       8
       2
       2
       3
       6
       7
       7
       1
       6
       3
       4
       5
       5
       1
       5
       3
       4
       2
       4
       9
       6
       3
       4
       5
       3
       2
       3
       6
       7
       7
       6
       6
       7
       0
       3
       1
       6
       6
       5
       4
       3
       8
       6
       4
       0
       1
       4
       3
       3
       8
       5
       4
       8
       8
       4
       2
       4
       3
       4
       4
       3
       5
       4
       5
       3
       6
       6
       4
       5
       4
       7
       4
       7
       8
       6
       6
       7
       2
       4
       3
       2
       2
       3
       2
       4
       4
       2
       7
       7
       5
       8
       9
       2
       9
       4
       9
       4
       7
       4
       5
       6
       2
       5
       3
       8
       9
       7
       6
       5
       5
       5
       2
       5
       5
       3
       2
       2
       8
       2
       9
       4
       7
       5
       4
      10
       4
       3
       6
       6
       4
       2
       2
       5
       6
       5
       4
       6
       7
       5
       6
       5
       6
       8
      13
      11
       5
       5
       7
       4
       6
       7
       9
       2
      10
       9
       5
       9
       4
       8
      13
      10
       7
       4
       5
       9
       8
       4
       9
       9
      12
      11
       6
       3
       8
      10
      11
       6
       5
      10
      10
      12
      12
       9
      10
       5
       8
       5
       4
       6
       7
       6
      10
      12
      10
      12
      13
      11
       9
       9
      10
      13
       5
       8
       7
       6
       8
       5
       2
      14
       7
      11
       8
       5
       6
      14
      13
      14
      12
      14
      10
       9
      10
      10
      11
      23
      12
      17
      13
      11
       9
      11
      15
      21
      11
      13
      13
      19
      13
      15
      12
      14
      17
      11
      20
      16
      24
      14
      16
      18
      23
      27
      26
      12
      19
      23
      19
      13
      19
      22
      16
      20
      24
      23
      16
      19
      28
      24
      26
      35
      26
      27
      28
      35
      31
      27
      35
      30
      27
      31
      36
      26
      32
      27
      34
      31
      33
      30
      28
      43
      33
      34
      48
      46
      45
      31
      45
      38
      37
      53
      36
      38
      49
      54
      50
      60
      40
      47
      37
      56
      39
      54
      51
      52
      69
      56
      45
      68
      70
      59
      65
      55
      53
      55
      64
      62
      75
      65
      56
      77
      83
      65
      73
      68
      70
      50
      67
      68
      86
      71
      69
      54
      87
      74
     101
      93
      97
      78
      93
      91
      92
      93
      80
      92
     105
      85
     101
      92
     102
      86
     110
     101
     119
     108
     115
      94
      97
     101
     139
     127
      93
     104
     113
     107
     120
     135
     110
     123
     126
     109
     123
     140
     129
     125
     127
     134
     125
     124
     130
     144
     128
     139
     138
     130
     154
     129
     161
     133
     145
     153
     150
     145
     168
     155
     152
     148
     147
     145
     168
     171
     168
     158
     179
     167
     169
     161
     141
     166
     145
     161
     182
     158
     164
     170
     168
     190
     149
     171
     161
     173
     180
     185
     188
     156
     166
     191
     179
     153
     173
     183
     183
     190
     189
     221
     156
     220
     189
     196
     188
     160
     197
     181
     191
     175
     192
     170
     173
     188
     189
     170
     178
     193
     190
     180
     194
     183
     213
     177
     189
     193
     183
     232
     186
     167
     194
     175
     210
     196
     180
     170
     199
     174
     177
     159
     164
     163
     163
     175
     184
     168
     176
     204
     178
     184
     200
     178
     180
     159
     189
     183
     167
     178
     161
     165
     160
     179
     154
     157
     162
     170
     167
     155
     141
     187
     168
     180
     159
     156
     179
     144
     158
     141
     152
     155
     154
     141
     131
     147
     145
     128
     125
     147
     132
     136
     122
     149
     146
     138
     142
     118
     135
     135
     123
     125
     123
     124
     106
     120
     127
     123
     130
      91
     115
     116
     114
     101
     115
     103
      98
     117
      86
     109
      86
      88
      94
     104
      95
      93
      73
      98
      85
     101
      72
      81
      95
      98
      80
      78
      86
      81
      80
      91
      77
      84
      67
      89
      71
      70
      73
      80
      68
      64
      55
      55
      74
      53
      52
      54
      61
      59
      68
      57
      61
      45
      33
      57
      41
      65
      69
      54
      50
      52
      42
      41
      40
      59
      43
      48
      42
      41
      54
      31
      47
      43
      34
      39
      43
      25
      46
      34
      33
      38
      43
      37
      25
      29
      36
      34
      29
      31
      25
      33
      27
      24
      22
      24
      21
      24
      25
      14
      31
      31
      13
      25
      24
      24
      14
      12
      24
      14
      23
      18
      12
       9
      20
      18
      18
      14
      17
      16
      15
      13
      15
      12
       5
      10
       9
      16
      13
       9
      16
      13
      14
      10
      13
       8
      13
      10
      13
      11
       3
      11
      14
       7
      13
       8
       4
       8
      13
      10
       5
       3
       9
       9
       4
       4
       2
       6
       4
       3
       5
       9
       9
       7
       6
       7
       4
       5
       5
       2
      11
       4
       5
       1
       0
       4
       4
       4
       4
       6
       2
       2
       5
       2
       5
       5
       2
       4
       4
       6
       3
       1
       5
       4
       6
       3
       1
       5
       2
       3
       2
       1
       3
       2
       4
       5
       3
       3
       1
       0
       3
       1
       3
       5
       6
       3
       1
       3
       3
       2
       3
       5
       5
       2
       2
       0
       2
       1
       1
       2
       1
       4
       6
       1
       4
       1
       0
       0
       1
       3
       1
       1
       2
       2
       3
       2
       1
       1
       0
       1
       2
       0
       1
       0
       1
       1
       1
       1
       1
       0
       1
       1
       1
       1
       3
       1
       0
       1
       1
       1
       3
       0
       0
       1
       1
       0
       1
       1
       0
       2
       0
       2
       1
       1
       0
       0
       3
       2
       0
       0
       2
       1
       1
       0
       0
       1
       2
       0
       1
       0
       3
       2
       1
       1
       1
       1
       0
       1
       1
       0
       1
       1
       2
       1
       3
       1
       0
       0
       1
       1
       0
       1
       0
       0
       1
       0
       0
       1
       1
       0
       1
       0
       0
       1
       2
       0
       0
       0
       0
       0
       0
       0
       0
       1
       0
       1
       0
       0
       0
       1
       0
       1
       2
       0
       2
       1
       0
       0
       0
       1
       2
       1
       0
       0
       0
       3
       1
       2
       0
       2
       0
       2
       1
       0
       0
       1
       1
       1
       1
       1
       0
       0
       1
       0
       0
       1
       0
       0
       0
       1
       0
       0
       0
       0
       0
       0
       0
       0
       0
       0
       0
       0
       0
       0
       0
       0
       0
       0
       0
       0
       0
       0
       0
       0
       0
       0
       0
       0
       0
       0
       0
       0
       0
       0
       0
       0
       0
       0
       0
       0
       0
       0
       0
       0
       0
       0
       0
       0
       0
       0
       0
       0
       0
       0
       0
       0
       0
       0
       0
       0
       0
       0
       0
       0
       0
       0
       0
       0
       0
       0
       0
       0
       0
       0
       0
       0
       0
       0
       0
       0
       0
       0
       0
       0
       0
       0
       0
       0
       0
       0
       0
       0
       0
       0
       0
       0
       0
       0
       0
       0
       0
       0
       0
       0
       0
       0
       0
       0
       0
       0
       0
       0
       0
       0
       0
       0
       0
       0
       0
       0
       0
       0
       0
       0
       0
       0
       0
       0
       0
       0
       0
       0
       0
       0
       0
       0
       0
       0
       0
       0
       0
       0
       0
       0
       0
       0
       0
       0
       0
       0
       0
       0
       0
       0
       0
       0
       0
       0
       0
       0
       0
       0
       0
       0
       0
       0
       0
       0
       0
       0
       0
       0
       0
       0
       0
       0
       0
       0
       0
       0
       0
       0
       0
       0
       0
       0
       0
       0
       0
       0
       0
       0
       0
       0
       0
       0
       0
       0
       0
       0
       0
       0
       0
       0
       0
       0
       0
       0
       0
       0
       0
       0
       0
       0
       0
       0
       0
       0
       0
       0
       0
       0
       0
       0
       0
       0
       0
       0
       0
       0
       0
       0
       0
       0
       0
       0
       0
       0
       0
       0
       0
       0
       0
       0
       0
       0
       0
       0
       0
       0
       0
       0
       0
       0
       0
       0
       0
       0
       0
       0
       0
       0
       0
       0
       0
       0
       0
       0
       0
       0
       0
       0
       0
       0
       0
       0
       0
       0
       0
       0
       0
       0
       0
       0
       0
       0
       0
       0
       0
       0
       0
       0
       0
       0
       0
       0
       0
       0
       0
       0
       0
       0
       0
       0
       0
       0
       0
       0
       0
       0
       0
       0
       0
       0
       0
       0
       0
       0
       0
       0
       0
       0
       0
       0
       0
       0
       0
       0
       0
       0
       0
       0
       0
       0
       0
       0
       0
       0
       0
       0
       0
       0
       0
       0
       0
       0
       0
       0
       0
       0
       0
       0
       0
       0
       0
       0
       0
       0
       0
       0
       0
       0
       0
       0
       0
       0
       0
       0
       0
       0
       0
       0
       0
       0
       0
       0
       0
       0
       0
       0
       0
       0
       0
       0
       0
       0
       0
       0
       0
       0
       0
       0
       0
       0
       0
       0
       0
       0
       0
       0
       0
       0
       0
       0
       0
       0
       0
       0
       0
       0
       0
       0
       0
       0
       0
       0
       0
       0
       0
       0
       0
       0
       0
       0
       0
       0
       0
       0
       0
       0
       0
       0
       0
       0
       0
       0
       0
       0
       0
       0
       0
       0
       0
       0
       0
       0
       0
       0
       0
       0
       0
       0
       0
       0
       0
       0
       0
       0
       0
       0
       0
       0
       0
       0
       0
       0
       0
       0
       0
       0
       0
       0
       0
       0
       0
       0
       0
       0
       0
       0
       0
       0
       0
       0
       0
       0
       0
       0
       0
       0
       0
       0
       0
       0
       0
       0
       0
       0
       0
       0
       0
       0
       0
       0
       0
       0
       0
       0
       0
       0
       0
       0
       0
       0
       0
       0
       0
       0
       0
       0
       0
       0
       0
       0
       0
       0
       0
       0
       0
       0
       0
       0
       0
       0
       0
       0
       0
       0
       0
       0
       0
       0
       0
       0
       0
       0
       0
       0
       0
       0
       0
       0
       0
       0
       0
       0
       0
       0
       0
       0
       0
       0
       0
       0
       0
       0
       0
       0
       0
       0
       0
       0
       0
       0
       0
       0
       0
       0
       0
       0
       0
       0
       0
       0
       0
       0
       0
       0
       0
       0
       0
       0
       0
       0
       0
       0
       0
       0
       0
       0
       0
       0
       0
       0
       0
       0
       0
       0
       0
       0
       0
       0
       0
       0
       0
       0
       0
       0
       0
       0
       0
       0
       0
       0
       0
       0
       0
       0
       0
       0
       0
       0
       0
       0
       0
       0
       0
       0
       0
       0
       0
       0
       0
       0
       0
       0
       0
       0
       0
       0
       0
       0
       0
       0
       0
       0
       0
       0
       0
       0
       0
       0
       0
       0
       0
       0
       0
       0
       0
       0
       0
       0
       0
       0
       0
       0
       0
       0
       0
       0
       0
       0
       0
       0
       0
       0
       0
       0
       0
       0
       0
       0
       0
       0
       0
       0
       0
       0
       0
       0
       0
       0
       0
       0
       0
       0
       0
       0
       0
       0
       0
       0
       0
       0
       0
       0
       0
       0
       0
       0
       0
       0
       0
       0
       0
       0
       0
       0
       0
       0
       0
       0
       0
       0
       0
       0
       0
       0
       0
       0
       0
       0
       0
       0
       0
       0
       0
       0
       0
       0
       0
       0
       0
       0
       0
       0
       0
       0
       0
       0
       0
       0
       0
       0
       0
       0
       0
       0
       0
       0
       0
       0
       0
       0
       0
       0
       0
       0
       0
       0
       0
       0
       0
       0
       0
       0
       0
       0
       0
       0
       0
       0
       0
       0
       0
       0
       0
       0
       0
       0
       0
       0
       0
       0
       0
       0
       0
       0
       0
       0
       0
       0
       0
       0
       0
       0
       0
       0
       0
       0
       0
       0
       0
       0
       0
       0
       0
       0
       0
       0
       0
       0
       0
       0
       0
       0
       0
       0
       0
       0
       0
       0
       0
       0
       0
       0
       0
       0
       0
       0
       0
       0
       0
       0
       0
       0
       0
       0
       0
       0
       0
       0
       0
$ROI:
1
2768 3270
$PRESETS:
None
0
0
$ENER_FIT:
0.000000 0.218758
$MCA_CAL:
3
0.000000E+000 2.187579E-001 0.000000E+000 keV
$SHAPE_CAL:
3
2.249532E+002 0.000000E+000 0.000000E+000
