$SPEC_ID:
gain 50
$SPEC_REM:
DET# 2
DETDESC# PHY-0040-AA Easy-MCA-8k SN 21098639
AP# Maestro Version 7.01
$DATE_MEA:
02/10/2025 09:05:06
$MEAS_TIM:
184 186
$DATA:
0 4095
       0
       0
       0
       0
       0
       0
       0
       0
       0
       0
       0
       0
       0
       0
       0
       0
       0
       0
       0
       0
       0
       0
       0
       0
       0
       0
       0
       0
       0
       0
      64
     108
      87
      93
      95
     103
     108
      82
     102
      93
     113
     118
     110
     106
      99
      97
     106
      87
      94
     110
      98
     110
     107
     104
     110
     121
     129
     130
     150
     139
     141
     179
     173
     211
     234
     266
     300
     341
     392
     513
     508
     577
     680
     738
     855
     858
     859
     934
     936
     982
     942
     883
     896
     806
     786
     824
     685
     649
     586
     531
     480
     472
     431
     376
     339
     305
     265
     272
     246
     210
     177
     184
     163
     167
     132
     141
     131
     133
     125
     137
     111
     138
     129
     136
     139
     134
     114
     124
     114
     138
     114
     107
     123
     116
     131
     133
      95
     112
     127
     113
     140
     121
      99
     125
     113
     117
     132
     127
     125
     115
      96
     113
     122
     112
     133
     114
     114
     141
     123
     130
     116
     121
     135
     140
     137
     146
     108
     112
     113
     141
     127
     140
     113
     132
     136
     142
     130
     144
     137
     131
     138
     132
     137
     134
     140
     146
     140
     119
     124
     144
     123
     134
     147
     169
     131
     131
     127
     152
     134
     125
     162
     135
     142
     155
     132
     163
     150
     146
     147
     143
     143
     142
     162
     152
     147
     138
     148
     137
     149
     165
     132
     143
     145
     153
     144
     149
     159
     153
     165
     145
     135
     142
     165
     152
     143
     166
     157
     132
     170
     166
     138
     137
     139
     139
     131
     163
     142
     140
     130
     142
     153
     160
     145
     133
     140
     158
     151
     133
     131
     161
     136
     128
     154
     173
     148
     158
     130
     145
     140
     147
     134
     141
     143
     159
     133
     111
     147
     155
     157
     142
     139
     142
     157
     131
     146
     140
     161
     152
     152
     127
     148
     142
     148
     161
     171
     160
     146
     153
     138
     142
     133
     135
     138
     142
     153
     141
     149
     147
     134
     128
     179
     133
     138
     152
     134
     157
     157
     160
     134
     118
     137
     129
     148
     131
     153
     150
     134
     135
     144
     166
     149
     140
     124
     150
     150
     119
     139
     157
     145
     136
     134
     137
     138
     146
     146
     140
     142
     136
     136
     137
     116
     125
     140
     140
     143
     159
     137
     127
     138
     100
     124
     146
     140
     140
     149
     128
     141
     126
     149
     138
     115
     123
     137
     147
     118
     127
     124
     118
     123
     112
     138
     141
     133
     133
     140
     149
     133
     142
     123
     131
     130
     121
     153
     115
     136
     114
     134
     126
     141
     137
     130
     111
     142
     129
     127
     133
     147
     122
     135
     167
     149
     136
     159
     131
     139
     150
     126
     139
     124
     121
     140
     148
     143
     144
     139
     152
     143
     132
     160
     140
     120
     144
     157
     151
     150
     143
     149
     129
     127
     131
     154
     134
     162
     135
     163
     174
     130
     123
     151
     158
     162
     140
     153
     151
     163
     154
     150
     146
     158
     163
     150
     155
     170
     153
     169
     177
     168
     169
     161
     168
     149
     144
     161
     153
     159
     170
     163
     176
     167
     173
     173
     153
     175
     164
     165
     157
     161
     154
     161
     157
     150
     164
     162
     138
     175
     144
     175
     155
     189
     150
     160
     150
     153
     167
     150
     168
     140
     143
     150
     153
     148
     156
     154
     117
     151
     146
     161
     162
     163
     145
     150
     138
     149
     162
     135
     160
     121
     144
     147
     144
     149
     154
     136
     132
     143
     153
     155
     133
     131
     129
     127
     127
     165
     142
     130
     130
     143
     132
     127
     146
     143
     144
     139
     132
     132
     130
     139
     125
     129
     150
     142
     148
     137
     134
     139
     132
     125
     120
     139
     141
     124
     130
     146
     144
     146
     132
     133
     115
     113
     132
     131
     120
     149
     137
     131
     137
     114
     135
     127
     120
     132
     122
     118
     113
     128
     112
     126
     132
     115
     148
     109
     118
     128
     121
     135
     131
     122
     114
     116
     124
     117
     118
     102
     127
     113
     112
     116
     101
     123
     117
     110
      96
     123
     119
     117
     108
     116
      96
     114
     118
     122
     118
     107
     117
     112
     131
     140
     105
     111
     111
     130
     100
     115
     135
     131
      89
     128
      98
     120
     126
     116
     119
      96
     109
     105
      95
     132
     103
     140
     111
     127
     106
      95
     109
     114
     115
     110
     109
      98
     108
     111
     104
      93
     135
      86
     102
     103
     126
     105
     106
     112
     102
     108
     103
     105
     129
     103
     117
     105
     112
     105
     111
     112
     118
     105
      93
     140
      88
      91
     112
     100
     114
     111
     108
     111
     106
     115
     121
      99
     106
      95
      98
      97
     116
     113
      90
     112
     103
     117
     108
     105
     102
      91
     120
      97
     109
      96
      91
     112
     119
      92
     102
      95
     113
     113
      75
     101
     119
      97
     118
     115
     113
     108
      94
     103
      92
     115
      94
     116
      95
     106
     120
      95
      97
     109
      94
     124
     125
      98
     112
      90
     116
     107
      98
     108
      78
      99
     118
      90
     131
     110
     126
      97
      87
      93
     106
      80
     108
     113
      72
      89
      94
      87
      98
     102
     118
      88
     110
     113
      87
      84
     103
      98
     108
     108
      97
      90
      96
     103
     107
      87
      88
      95
      98
      96
     105
     109
     115
     101
      95
     113
      93
     101
      94
      82
      95
     110
      97
      88
      89
      96
     111
     100
     102
      94
     103
      95
     101
     100
      87
      72
      98
     106
     110
      82
     101
      81
     101
      91
      96
      88
     109
     101
      99
     114
     103
      99
      93
     107
     107
      98
     120
     110
      88
      94
      80
      80
     106
      90
      88
     102
     102
      99
     105
     110
     100
     124
      95
      99
      87
      98
     102
     101
     108
      93
      93
      89
      85
     103
      78
      99
      84
      90
      97
     112
      83
     102
     102
      86
      82
      93
      87
     108
      73
      95
      83
     101
      89
     100
      96
      95
      91
     100
      89
      92
      96
      83
      79
      97
      99
     107
      89
      87
      93
      92
      82
      75
      83
      99
      77
      98
      85
      83
     100
     102
      93
      89
     103
      87
      93
      79
      96
     101
      88
      80
      95
      99
     103
      86
      91
      96
      81
      92
      98
      90
     100
      99
      86
      96
     100
      83
      92
     105
      91
     103
      90
     102
      86
     126
      93
     108
     104
      79
     101
      87
     101
      99
      86
      91
      81
     100
      89
      99
      95
      95
      78
      80
     104
      81
      87
      98
      87
     102
     107
      96
      99
      97
      81
     105
      89
      83
     105
     102
      94
     117
      94
      95
      83
      84
      89
      94
      86
      94
      90
      97
      90
      95
      68
      90
      79
      81
      83
     111
     116
      88
      93
      99
     101
      82
     120
     100
      96
      81
      98
     102
      99
      93
      91
      81
      91
      92
     109
     103
     105
      85
      79
     104
      85
      96
     100
      87
      79
      91
      94
      92
      83
     106
     100
      88
      98
     101
      94
      92
      85
      91
      89
      95
      97
      81
      95
      83
      90
      70
      89
      86
      92
      87
      79
      96
      85
      75
      76
      90
      76
      71
      78
      77
      95
      71
      85
      78
      88
      90
      56
      72
      78
      61
      80
      72
      80
      78
      70
      80
      79
      66
      66
      70
      73
      69
      64
      58
      55
      78
      74
      80
      56
      75
      52
      50
      46
      52
      67
      51
      49
      49
      63
      52
      47
      47
      52
      42
      49
      60
      52
      45
      56
      49
      48
      40
      33
      41
      43
      41
      36
      51
      48
      38
      47
      46
      31
      35
      33
      49
      50
      48
      47
      32
      34
      32
      40
      37
      46
      33
      38
      30
      31
      34
      32
      22
      29
      43
      27
      31
      32
      37
      35
      37
      37
      24
      27
      32
      31
      44
      30
      30
      32
      27
      29
      30
      25
      23
      31
      27
      25
      23
      26
      20
      26
      23
      18
      28
      24
      25
      31
      20
      24
      24
      26
      21
      21
      17
      24
      27
      29
      23
      29
      20
      23
      26
      23
      21
      23
      16
      23
      27
      23
      18
      15
      17
      17
      22
      16
      24
      19
      17
      23
      13
      14
      17
      19
      18
      25
      17
      16
      17
      20
      20
      17
      18
      20
      21
      12
      17
      18
      21
      19
      12
      12
      19
      20
       9
      20
      12
      16
      12
      14
      16
      18
      16
      13
      13
      13
      14
      17
      21
      15
      16
      13
      10
      23
      11
      19
      18
      18
      13
      24
      10
      20
      16
      14
      17
      24
      16
      10
      17
      15
      15
      11
      10
      13
      10
      14
      11
      12
      17
      12
      14
      18
      13
      20
      11
      18
      17
      12
      12
      14
      17
      20
      13
      14
      16
       9
      10
      11
      15
      15
      12
      15
      12
      17
       9
      22
       7
      16
      21
       9
      19
      13
      13
      24
      13
      21
      18
      16
       8
      16
      18
       8
      10
      20
      18
      11
      17
       9
      14
      15
      23
      13
      13
      20
      18
      13
      16
      28
      15
      23
      18
      20
      24
      20
      20
      24
      21
      12
      18
      14
      25
      26
      23
      23
      26
      25
      22
      24
      19
      22
      24
      18
      28
      21
      30
      32
      38
      33
      32
      36
      23
      32
      33
      35
      32
      30
      53
      40
      34
      38
      49
      43
      45
      53
      43
      53
      48
      55
      44
      56
      72
      55
      55
      60
      68
      68
      67
      68
      63
      65
      73
      76
      88
      81
      66
      91
     101
      85
     110
     109
     102
     133
     120
     118
     124
     126
     139
     136
     136
     161
     141
     138
     144
     152
     152
     166
     181
     170
     208
     174
     211
     191
     183
     205
     192
     215
     243
     197
     223
     258
     226
     275
     298
     260
     267
     266
     256
     277
     294
     273
     303
     320
     319
     340
     311
     336
     363
     348
     351
     355
     362
     413
     358
     402
     396
     380
     409
     422
     439
     448
     429
     447
     475
     452
     509
     465
     437
     503
     510
     487
     481
     491
     463
     508
     488
     529
     519
     546
     596
     549
     516
     559
     526
     570
     544
     567
     602
     589
     567
     582
     557
     574
     564
     597
     582
     509
     626
     585
     613
     610
     547
     578
     564
     592
     603
     583
     585
     557
     586
     576
     583
     572
     580
     510
     521
     545
     545
     520
     507
     519
     526
     549
     486
     499
     488
     501
     487
     462
     463
     468
     456
     406
     493
     420
     429
     448
     409
     430
     430
     382
     414
     402
     349
     361
     372
     366
     354
     361
     319
     349
     327
     324
     355
     255
     316
     318
     294
     291
     263
     306
     244
     243
     240
     227
     217
     236
     198
     214
     219
     217
     207
     177
     208
     180
     189
     160
     164
     150
     166
     157
     164
     120
     131
     124
     105
     120
     101
     121
      99
     120
     110
     108
      91
      96
      91
      94
      90
      87
      81
      80
      69
      70
      62
      68
      42
      51
      59
      52
      54
      43
      47
      42
      42
      47
      33
      34
      36
      26
      35
      32
      32
      27
      31
      28
      19
      26
      26
      21
      23
      25
      28
      13
      21
      14
      17
      18
      16
      22
      23
      13
      11
       8
       8
      21
       9
      10
      10
      10
       9
      11
      10
       7
       9
       6
      11
       6
      10
       8
       9
      10
       7
       5
       6
       4
       3
       6
       4
      12
       7
       4
       4
       4
       3
       3
       4
       3
       3
       5
       3
       6
       4
       6
       2
       2
       2
       2
       6
       2
       5
       0
       2
       1
       2
       2
       2
       9
       3
      10
       2
       3
       4
       1
       4
       3
       3
       1
       0
       5
       2
       1
       2
       3
       4
       2
       3
       4
       0
       3
       3
       4
       2
       2
       4
       5
       4
       1
       4
       5
       2
       2
       2
       1
       1
       2
       1
       2
       0
       1
       0
       3
       2
       5
       1
       3
       2
       1
       1
       2
       1
       2
       5
       3
       3
       0
       3
       1
       1
       3
       1
       0
       1
       1
       1
       2
       2
       1
       2
       1
       0
       1
       7
       4
       2
       2
       2
       4
       3
       1
       2
       1
       3
       5
       0
       3
       2
       1
       5
       4
       1
       2
       1
       3
       0
       3
       4
       0
       2
       2
       5
       2
       6
       1
       2
       0
       0
       2
       5
       3
       1
       1
       4
       1
       3
       1
       3
       0
       6
       1
       2
       3
       1
       0
       1
       3
       2
       0
       2
       2
       2
       4
       3
       0
       2
       2
       1
       4
       3
       1
       3
       1
       4
       2
       0
       3
       1
       3
       3
       2
       2
       0
       1
       2
       2
       1
       4
       1
       2
       2
       1
       1
       3
       2
       1
       0
       0
       2
       2
       1
       2
       0
       1
       4
       1
       1
       2
       3
       1
       1
       2
       2
       1
       0
       2
       4
       3
       6
       2
       1
       1
       3
       2
       7
       2
       1
       1
       2
       1
       1
       0
       2
       1
       0
       2
       0
       1
       0
       1
       3
       1
       3
       2
       1
       2
       3
       1
       1
       2
       0
       3
       1
       3
       2
       3
       0
       3
       6
       3
       0
       1
       1
       1
       0
       1
       5
       3
       4
       0
       1
       0
       2
       2
       2
       1
       3
       1
       2
       1
       3
       1
       1
       0
       1
       0
       1
       3
       2
       0
       1
       2
       0
       0
       3
       1
       2
       1
       3
       2
       0
       5
       0
       1
       1
       1
       3
       1
       3
       2
       4
       2
       4
       4
       0
       1
       2
       0
       0
       2
       2
       0
       3
       2
       3
       1
       2
       3
       2
       2
       2
       3
       2
       2
       2
       3
       2
       4
       2
       3
       0
       0
       1
       2
       0
       0
       2
       3
       3
       2
       2
       5
       2
       2
       0
       1
       2
       1
       2
       2
       1
       3
       1
       2
       1
       2
       2
       2
       1
       0
       3
       2
       2
       0
       1
       3
       2
       0
       2
       1
       2
       4
       3
       0
       4
       2
       1
       3
       2
       2
       2
       1
       1
       0
       1
       1
       1
       1
       3
       3
       0
       1
       1
       2
       1
       2
       1
       0
       1
       1
       3
       2
       2
       2
       4
       1
       1
       5
       1
       4
       3
       1
       2
       1
       2
       3
       3
       1
       3
       3
       4
       4
       1
       1
       1
       4
       0
       1
       0
       1
       0
       2
       3
       1
       0
       3
       0
       4
       1
       2
       0
       3
       2
       0
       1
       2
       5
       3
       1
       2
       1
       1
       1
       3
       1
       1
       3
       1
       0
       2
       0
       0
       1
       1
       2
       1
       3
       0
       0
       2
       0
       2
       0
       4
       2
       0
       1
       0
       3
       3
       4
       0
       4
       1
       0
       2
       2
       3
       0
       1
       0
       3
       2
       0
       0
       3
       1
       0
       0
       0
       4
       0
       1
       3
       3
       2
       3
       4
       1
       0
       4
       1
       1
       1
       2
       0
       2
       2
       0
       0
       0
       0
       0
       3
       1
       2
       1
       2
       2
       2
       1
       0
       1
       1
       0
       3
       1
       2
       1
       1
       0
       1
       1
       1
       0
       0
       3
       3
       1
       1
       1
       1
       3
       2
       1
       1
       1
       1
       3
       2
       2
       2
       2
       1
       1
       1
       1
       1
       2
       2
       1
       1
       2
       1
       2
       2
       0
       1
       1
       2
       1
       1
       0
       1
       2
       1
       3
       2
       1
       3
       1
       0
       0
       2
       3
       2
       0
       2
       2
       1
       4
       0
       2
       1
       1
       1
       0
       4
       1
       1
       1
       2
       1
       0
       1
       0
       1
       2
       1
       0
       1
       0
       2
       1
       4
       2
       0
       2
       0
       2
       0
       3
       1
       2
       3
       0
       2
       1
       0
       0
       0
       1
       0
       2
       2
       1
       1
       0
       2
       2
       0
       1
       0
       0
       3
       1
       2
       2
       1
       2
       1
       2
       1
       1
       0
       0
       1
       0
       2
       0
       1
       1
       0
       1
       1
       2
       2
       0
       0
       0
       1
       5
       3
       1
       1
       2
       1
       1
       1
       1
       1
       3
       0
       1
       1
       0
       0
       2
       1
       1
       2
       1
       1
       0
       0
       2
       1
       1
       2
       1
       3
       3
       1
       1
       2
       3
       1
       0
       2
       0
       2
       2
       2
       0
       1
       1
       1
       1
       0
       3
       0
       0
       0
       2
       1
       0
       0
       1
       1
       2
       1
       2
       2
       0
       0
       2
       0
       0
       2
       1
       0
       2
       1
       3
       1
       2
       2
       2
       1
       1
       2
       2
       1
       1
       4
       0
       1
       1
       3
       3
       1
       1
       3
       1
       0
       3
       1
       1
       0
       0
       0
       4
       1
       2
       1
       1
       0
       1
       2
       1
       0
       2
       0
       0
       0
       2
       1
       0
       4
       0
       0
       1
       4
       4
       0
       0
       3
       4
       2
       1
       0
       3
       1
       1
       3
       2
       0
       2
       2
       1
       0
       0
       3
       0
       0
       0
       3
       2
       1
       1
       3
       1
       0
       0
       1
       1
       2
       2
       1
       2
       1
       0
       0
       3
       2
       0
       3
       1
       3
       1
       1
       1
       0
       3
       1
       0
       1
       2
       1
       1
       2
       2
       1
       0
       0
       1
       1
       1
       0
       0
       0
       2
       1
       2
       1
       0
       1
       2
       0
       0
       1
       1
       2
       1
       0
       0
       0
       1
       1
       0
       1
       0
       2
       2
       1
       1
       2
       2
       3
       1
       1
       1
       0
       0
       0
       2
       3
       1
       2
       0
       1
       1
       0
       1
       0
       0
       1
       0
       1
       1
       0
       1
       1
       1
       0
       1
       0
       0
       2
       1
       0
       0
       2
       0
       1
       1
       0
       2
       1
       0
       1
       0
       0
       1
       1
       0
       0
       2
       0
       0
       1
       1
       1
       1
       0
       1
       2
       0
       1
       2
       0
       0
       1
       1
       1
       1
       3
       0
       0
       2
       2
       4
       1
       2
       1
       0
       0
       3
       0
       0
       1
       0
       0
       2
       1
       4
       1
       1
       1
       1
       2
       1
       0
       0
       1
       0
       0
       0
       1
       0
       0
       1
       0
       1
       0
       1
       0
       1
       0
       2
       2
       2
       0
       1
       0
       0
       2
       1
       1
       0
       2
       0
       1
       0
       0
       0
       2
       1
       1
       0
       1
       0
       1
       1
       0
       2
       1
       1
       1
       1
       0
       0
       1
       0
       1
       0
       0
       1
       1
       0
       1
       0
       1
       0
       0
       1
       1
       0
       0
       0
       1
       0
       0
       0
       1
       1
       1
       0
       2
       0
       1
       0
       2
       0
       0
       2
       2
       0
       0
       0
       2
       2
       0
       0
       0
       0
       0
       0
       1
       0
       3
       0
       1
       1
       5
       2
       1
       0
       0
       4
       0
       1
       0
       0
       1
       0
       0
       0
       0
       1
       1
       1
       1
       0
       1
       1
       2
       1
       0
       2
       0
       2
       0
       0
       0
       1
       1
       1
       1
       0
       0
       0
       0
       0
       1
       1
       1
       2
       3
       0
       2
       0
       1
       0
       1
       0
       1
       1
       3
       1
       3
       1
       1
       0
       1
       0
       0
       2
       0
       0
       1
       1
       0
       1
       2
       1
       0
       2
       1
       2
       1
       1
       3
       1
       0
       1
       0
       0
       1
       1
       0
       1
       1
       0
       0
       1
       1
       0
       1
       1
       0
       0
       2
       2
       1
       1
       1
       0
       0
       1
       2
       0
       1
       1
       0
       0
       2
       1
       0
       1
       1
       2
       0
       1
       1
       1
       2
       1
       1
       2
       1
       0
       1
       0
       0
       1
       1
       0
       1
       1
       1
       1
       1
       0
       1
       1
       1
       0
       1
       0
       3
       2
       1
       0
       0
       1
       1
       0
       1
       1
       0
       2
       1
       1
       0
       1
       1
       1
       1
       1
       0
       0
       1
       1
       0
       3
       0
       1
       0
       1
       0
       0
       0
       2
       0
       0
       1
       0
       0
       0
       1
       0
       0
       0
       1
       0
       0
       1
       0
       1
       0
       0
       0
       0
       2
       0
       1
       1
       0
       1
       1
       1
       1
       2
       0
       0
       0
       3
       2
       2
       0
       0
       0
       1
       0
       1
       0
       0
       2
       0
       0
       3
       1
       1
       0
       1
       1
       2
       0
       0
       0
       0
       0
       3
       0
       1
       1
       0
       0
       1
       2
       0
       1
       0
       0
       2
       1
       0
       1
       1
       0
       2
       1
       1
       1
       0
       2
       0
       1
       1
       1
       1
       0
       1
       2
       1
       1
       0
       1
       2
       2
       0
       1
       0
       1
       0
       1
       0
       0
       1
       0
       0
       2
       2
       0
       2
       0
       0
       2
       0
       2
       2
       0
       2
       2
       0
       1
       0
       0
       0
       0
       1
       1
       1
       2
       0
       1
       0
       1
       0
       0
       2
       0
       0
       0
       3
       0
       0
       1
       1
       0
       1
       0
       2
       1
       1
       0
       0
       1
       0
       0
       1
       1
       2
       1
       1
       2
       2
       1
       3
       1
       1
       0
       1
       1
       0
       2
       0
       0
       0
       2
       1
       1
       2
       0
       2
       1
       0
       1
       0
       0
       2
       0
       1
       2
       0
       2
       1
       0
       0
       1
       2
       2
       0
       2
       1
       2
       0
       0
       3
       3
       1
       0
       0
       0
       1
       1
       1
       2
       1
       1
       0
       3
       0
       2
       4
       1
       2
       1
       1
       1
       2
       3
       1
       1
       1
       5
       0
       2
       1
       1
       3
       2
       2
       0
       1
       1
       0
       3
       0
       2
       0
       0
       2
       1
       3
       0
       1
       2
       1
       1
       0
       2
       1
       4
       0
       4
       1
       2
       1
       0
       1
       0
       1
       1
       0
       1
       2
       2
       1
       1
       0
       1
       2
       5
       0
       2
       1
       4
       2
       1
       0
       2
       3
       1
       0
       0
       2
       0
       0
       2
       1
       0
       2
       0
       0
       1
       3
       1
       1
       2
       0
       1
       0
       0
       0
       0
       1
       3
       0
       0
       0
       0
       0
       1
       0
       0
       0
       0
       0
       2
       1
       2
       1
       0
       1
       0
       3
       0
       2
       3
       4
       0
       1
       0
       2
       0
       0
       1
       1
       1
       5
       0
       0
       1
       0
       1
       1
       0
       2
       1
       0
       1
       1
       1
       0
       0
       1
       0
       0
       1
       3
       0
       1
       1
       0
       0
       0
       1
       0
       0
       0
       1
       1
       1
       1
       2
       0
       0
       0
       0
       0
       0
       0
       3
       0
       1
       1
       1
       2
       1
       1
       1
       0
       0
       0
       0
       1
       1
       1
       0
       1
       0
       0
       0
       2
       0
       1
       1
       0
       0
       0
       1
       1
       0
       1
       0
       1
       1
       0
       0
       2
       1
       0
       1
       1
       0
       0
       1
       0
       0
       1
       0
       0
       2
       1
       0
       0
       0
       0
       0
       0
       1
       0
       0
       0
       0
       0
       1
       0
       1
       1
       1
       1
       0
       0
       1
       0
       0
       0
       1
       0
       0
       0
       0
       0
       0
       1
       0
       1
       0
       0
       0
       0
       0
       1
       0
       0
       0
       0
       1
       0
       1
       0
       1
       0
       0
       1
       0
       0
       0
       0
       0
       0
       1
       1
       0
       0
       0
       0
       1
       0
       0
       0
       1
       0
       0
       1
       0
       0
       0
       0
       0
       0
       1
       1
       0
       0
       0
       0
       0
       0
       0
       0
       0
       0
       0
       0
       0
       0
       0
       0
       0
       0
       0
       0
       0
       0
       0
       0
       0
       0
       0
       1
       1
       0
       0
       0
       0
       0
       0
       0
       0
       0
       0
       0
       0
       0
       0
       0
       0
       0
       0
       0
       0
       0
       0
       0
       0
       0
       0
       0
       0
       1
       1
       0
       1
       0
       0
       0
       0
       0
       0
       0
       0
       0
       0
       0
       0
       0
       0
       0
       0
       0
       0
       1
       0
       1
       0
       0
       1
       0
       0
       1
       0
       0
       1
       0
       0
       1
       0
       0
       0
       0
       0
       0
       0
       0
       1
       0
       0
       0
       0
       0
       0
       0
       0
       2
       0
       0
       0
       0
       0
       2
       0
       0
       0
       0
       0
       0
       0
       0
       1
       0
       0
       0
       0
       0
       0
       1
       1
       0
       0
       0
       0
       0
       0
       0
       0
       0
       0
       0
       0
       0
       0
       0
       1
       0
       0
       0
       0
       0
       0
       0
       0
       0
       0
       0
       0
       0
       1
       0
       0
       0
       1
       0
       0
       0
       0
       0
       0
       0
       0
       0
       0
       0
       0
       0
       0
       0
       1
       1
       0
       0
       0
       1
       1
       0
       0
       0
       1
       0
       0
       0
       0
       0
       0
       0
       0
       0
       0
       0
       0
       0
       0
       0
       0
       0
       0
       0
       0
       0
       0
       0
       0
       1
       0
       0
       1
       0
       0
       0
       0
       0
       0
       1
       0
       1
       0
       0
       0
       0
       0
       0
       0
       0
       0
       0
       1
       0
       0
       1
       0
       0
       0
       1
       0
       0
       0
       0
       0
       0
       0
       0
       0
       0
       0
       1
       0
       0
       1
       1
       0
       0
       0
       0
       0
       0
       0
       0
       0
       0
       0
       0
       0
       0
       0
       0
       0
       0
       0
       0
       0
       1
       2
       0
       0
       0
       0
       0
       0
       0
       0
       0
       0
       0
       0
       0
       0
       0
       0
       0
       0
       0
       1
       0
       0
       0
       0
       0
       0
       0
       0
       0
       0
       0
       0
       0
       0
       0
       0
       0
       0
       0
       0
       0
       0
       0
       0
       0
       0
       0
       0
       0
       0
       0
       0
       0
       1
       0
       0
       0
       0
       0
       0
       1
       0
       1
       1
       0
       0
       0
       0
       0
       0
       0
       0
       0
       0
       0
       0
       0
       0
       0
       0
       1
       0
       0
       0
       0
       1
       0
       0
       0
       0
       0
       0
       0
       0
       0
       0
       0
       0
       0
       0
       1
       0
       0
       1
       0
       1
       0
       0
       1
       1
       0
       0
       0
       0
       1
       0
       0
       0
       0
       0
       0
       0
       0
       0
       0
       0
       0
       0
       0
       0
       0
       0
       0
       0
       0
       0
       0
       0
       1
       0
       0
       0
       0
       1
       0
       0
       1
       0
       0
       0
       0
       0
       0
       0
       0
       0
       0
       0
       0
       0
       0
       0
       0
       0
       0
       0
       0
       0
       2
       0
       0
       0
       0
       0
       0
       1
       0
       0
       0
       0
       0
       0
       0
       0
       0
       0
       0
       0
       0
       0
       0
       0
       0
       1
       0
       0
       0
       0
       0
       0
       0
       0
       0
       0
       0
       0
       0
       0
       1
       0
       0
       0
       0
       0
       0
       0
       0
       0
       1
       0
       0
       0
       0
       0
       1
       0
       0
       0
       1
       0
       0
       0
       0
       0
       0
       0
       0
       1
       1
       0
       0
       0
       0
       0
       0
       0
       1
       0
       0
       0
       0
       1
       0
       0
       0
       0
       0
       0
       0
       0
       0
       0
       0
       0
       0
       0
       0
       0
       0
       0
       0
       0
       0
       0
       0
       0
       0
       0
       0
       0
       0
       0
       0
       0
       0
       0
       0
       0
       0
       0
       0
       0
       0
       0
       0
       0
       0
       0
       0
       0
       0
       0
       0
       0
       0
       0
       0
       0
       0
       0
       0
       0
       0
       0
       0
       0
       0
       0
$ROI:
1
1188 1632
$PRESETS:
None
0
0
$ENER_FIT:
-10.316651 0.370044
$MCA_CAL:
3
-1.031665E+001 3.700436E-001 6.794970E-006 keV
$SHAPE_CAL:
3
1.958586E+001 5.375478E-002 -1.753230E-006
