$SPEC_ID:
gain 100
$SPEC_REM:
DET# 2
DETDESC# PHY-0040-AA Easy-MCA-8k SN 21098639
AP# Maestro Version 7.01
$DATE_MEA:
02/10/2025 09:25:15
$MEAS_TIM:
133 135
$DATA:
0 4095
       0
       0
       0
       0
       0
       0
       0
       0
       0
       0
       0
       0
       0
       0
       0
       0
       0
       0
       0
       0
       0
       0
       0
       0
       0
       0
       0
       0
       0
       0
      28
      51
      48
      56
      45
      63
      56
      54
      53
      53
      51
      52
      40
      42
      60
      36
      38
      47
      36
      39
      41
      31
      33
      40
      28
      36
      35
      37
      34
      40
      39
      29
      34
      32
      37
      37
      34
      24
      32
      40
      33
      34
      33
      45
      43
      34
      30
      33
      28
      42
      32
      39
      35
      43
      29
      45
      42
      42
      39
      36
      42
      40
      41
      45
      35
      33
      49
      22
      40
      41
      36
      39
      37
      45
      39
      44
      34
      35
      32
      33
      44
      38
      34
      37
      40
      43
      40
      36
      37
      44
      49
      45
      51
      57
      45
      55
      55
      65
      51
      71
      52
      80
      70
      70
      65
      75
     102
      91
     104
     119
     124
     119
     134
     138
     131
     178
     172
     182
     192
     219
     227
     255
     265
     246
     276
     302
     297
     322
     328
     311
     347
     362
     325
     359
     373
     365
     328
     339
     337
     323
     314
     334
     300
     297
     328
     281
     254
     266
     275
     257
     274
     247
     251
     205
     225
     203
     199
     186
     169
     179
     163
     141
     138
     154
     145
     121
     110
     125
     110
     108
     101
      92
      91
      87
      80
      79
      86
      73
      75
      71
      74
      54
      52
      70
      55
      65
      63
      59
      46
      52
      53
      32
      48
      52
      52
      55
      39
      48
      43
      50
      37
      49
      54
      59
      57
      35
      55
      29
      57
      42
      40
      56
      36
      41
      42
      46
      42
      40
      55
      43
      42
      45
      49
      25
      53
      45
      37
      43
      49
      48
      51
      41
      36
      50
      42
      48
      31
      40
      45
      42
      39
      36
      58
      34
      45
      42
      45
      42
      46
      41
      52
      45
      43
      37
      41
      38
      54
      49
      50
      36
      37
      39
      45
      48
      56
      39
      51
      58
      42
      47
      41
      54
      42
      44
      36
      49
      56
      38
      48
      34
      38
      55
      47
      52
      40
      56
      47
      41
      55
      53
      50
      47
      38
      36
      46
      38
      40
      49
      39
      42
      47
      61
      33
      55
      58
      53
      52
      47
      48
      55
      47
      47
      54
      41
      54
      31
      56
      52
      51
      42
      33
      64
      47
      43
      48
      47
      60
      50
      58
      47
      42
      44
      56
      59
      51
      48
      48
      45
      52
      42
      48
      62
      53
      45
      43
      57
      53
      50
      55
      39
      52
      40
      40
      50
      56
      43
      50
      48
      63
      42
      61
      49
      56
      74
      54
      51
      53
      36
      57
      48
      55
      61
      44
      46
      48
      61
      50
      61
      48
      58
      53
      50
      45
      47
      57
      47
      55
      50
      43
      59
      59
      43
      46
      46
      53
      58
      49
      53
      55
      63
      54
      52
      62
      47
      43
      42
      44
      48
      44
      49
      56
      48
      53
      47
      35
      46
      63
      47
      51
      58
      61
      66
      49
      58
      62
      59
      39
      59
      48
      59
      47
      48
      38
      52
      61
      43
      65
      53
      60
      60
      55
      56
      47
      53
      38
      77
      47
      53
      59
      52
      51
      62
      43
      45
      58
      46
      50
      61
      59
      66
      60
      47
      41
      45
      53
      55
      54
      49
      58
      50
      47
      54
      44
      52
      43
      59
      45
      34
      54
      50
      57
      65
      60
      45
      44
      39
      41
      56
      45
      50
      46
      52
      63
      55
      43
      49
      46
      60
      58
      60
      60
      44
      51
      41
      52
      44
      48
      41
      60
      64
      62
      54
      52
      55
      65
      59
      49
      43
      47
      56
      59
      53
      49
      49
      51
      49
      51
      40
      64
      43
      59
      55
      39
      43
      50
      65
      41
      44
      63
      56
      54
      55
      48
      58
      50
      56
      52
      59
      53
      58
      42
      50
      69
      57
      69
      51
      59
      49
      59
      56
      55
      47
      65
      41
      53
      58
      62
      53
      46
      59
      57
      51
      44
      49
      44
      53
      54
      57
      48
      47
      54
      48
      24
      60
      49
      50
      62
      55
      44
      49
      69
      60
      53
      44
      49
      58
      48
      57
      55
      52
      37
      46
      46
      51
      55
      58
      48
      45
      54
      53
      65
      48
      57
      55
      56
      45
      52
      49
      51
      61
      46
      46
      53
      48
      47
      43
      48
      51
      67
      48
      50
      44
      46
      37
      53
      69
      46
      55
      63
      40
      53
      60
      54
      48
      60
      43
      50
      53
      48
      48
      47
      49
      65
      58
      45
      46
      46
      61
      62
      49
      40
      64
      42
      49
      44
      47
      51
      52
      43
      51
      62
      53
      45
      51
      54
      37
      58
      45
      36
      50
      50
      52
      53
      45
      53
      50
      45
      51
      47
      54
      57
      47
      52
      35
      51
      44
      57
      41
      50
      64
      47
      47
      43
      41
      39
      55
      54
      45
      55
      44
      52
      41
      51
      53
      49
      46
      44
      48
      53
      44
      54
      51
      51
      42
      44
      50
      39
      49
      34
      52
      55
      47
      44
      50
      50
      48
      42
      47
      44
      45
      47
      42
      60
      53
      37
      48
      42
      53
      40
      56
      58
      48
      53
      62
      41
      31
      43
      52
      52
      52
      50
      44
      51
      49
      40
      50
      50
      44
      47
      59
      47
      48
      41
      49
      46
      54
      48
      62
      37
      50
      59
      38
      49
      51
      62
      41
      36
      43
      41
      40
      46
      48
      44
      55
      55
      29
      44
      48
      55
      54
      33
      53
      54
      49
      52
      48
      46
      52
      62
      46
      50
      49
      47
      50
      41
      49
      50
      45
      51
      54
      52
      60
      66
      61
      55
      56
      64
      36
      45
      45
      44
      51
      46
      52
      52
      48
      63
      50
      55
      49
      63
      65
      51
      59
      50
      57
      56
      48
      69
      43
      58
      63
      51
      61
      51
      61
      52
      67
      61
      58
      54
      56
      57
      56
      56
      56
      65
      56
      58
      54
      48
      57
      47
      46
      50
      51
      45
      54
      50
      50
      58
      57
      65
      56
      53
      61
      65
      47
      53
      59
      69
      63
      55
      57
      52
      47
      67
      55
      48
      57
      55
      52
      58
      57
      59
      39
      51
      58
      65
      60
      68
      62
      57
      59
      53
      59
      67
      66
      51
      62
      45
      59
      61
      52
      63
      56
      56
      61
      53
      59
      73
      65
      43
      70
      62
      61
      56
      60
      37
      60
      60
      66
      59
      57
      69
      58
      55
      58
      48
      48
      59
      62
      56
      53
      53
      61
      64
      60
      39
      53
      48
      54
      49
      47
      67
      55
      58
      58
      56
      60
      43
      55
      58
      51
      73
      63
      56
      47
      52
      49
      49
      48
      58
      47
      59
      45
      53
      66
      55
      45
      43
      59
      58
      56
      51
      54
      51
      60
      53
      60
      44
      52
      48
      57
      48
      43
      59
      44
      48
      55
      57
      35
      49
      55
      59
      35
      59
      41
      63
      49
      55
      53
      45
      33
      52
      58
      63
      47
      52
      46
      50
      66
      48
      56
      47
      50
      54
      54
      41
      42
      39
      53
      46
      40
      48
      53
      48
      44
      55
      48
      48
      43
      59
      55
      55
      58
      52
      59
      48
      49
      51
      46
      43
      38
      51
      61
      50
      42
      40
      64
      55
      52
      38
      48
      49
      41
      52
      55
      56
      39
      37
      44
      54
      42
      56
      45
      44
      47
      40
      47
      47
      44
      44
      42
      55
      49
      50
      47
      60
      49
      53
      36
      36
      43
      55
      41
      39
      51
      56
      51
      46
      45
      47
      49
      44
      62
      55
      42
      53
      27
      37
      42
      53
      47
      60
      44
      41
      46
      51
      37
      44
      51
      53
      40
      55
      51
      35
      41
      48
      50
      47
      44
      45
      48
      35
      44
      41
      39
      37
      43
      43
      57
      46
      41
      43
      47
      51
      35
      46
      44
      40
      40
      42
      40
      49
      43
      38
      53
      44
      46
      45
      38
      52
      39
      59
      40
      44
      36
      43
      52
      44
      48
      34
      33
      47
      48
      45
      37
      35
      41
      33
      34
      33
      40
      52
      37
      38
      38
      31
      46
      48
      45
      39
      43
      39
      46
      45
      30
      42
      51
      46
      59
      37
      37
      39
      36
      39
      38
      51
      42
      40
      38
      36
      47
      36
      34
      42
      45
      34
      45
      45
      38
      44
      51
      48
      38
      45
      34
      49
      45
      45
      38
      48
      46
      49
      42
      35
      35
      41
      37
      42
      47
      37
      35
      38
      31
      39
      41
      41
      39
      46
      42
      36
      35
      35
      37
      32
      40
      38
      45
      50
      52
      23
      42
      41
      46
      22
      35
      44
      34
      44
      45
      32
      34
      33
      51
      37
      46
      44
      47
      38
      41
      45
      40
      42
      45
      37
      39
      33
      34
      25
      44
      45
      44
      40
      47
      39
      42
      33
      43
      37
      42
      30
      43
      42
      46
      35
      39
      44
      26
      46
      43
      40
      32
      40
      45
      42
      58
      44
      29
      53
      37
      43
      43
      42
      42
      34
      32
      25
      28
      39
      36
      37
      53
      40
      45
      41
      40
      39
      52
      51
      30
      33
      35
      37
      39
      42
      36
      34
      32
      31
      42
      43
      29
      41
      44
      38
      36
      40
      39
      23
      38
      37
      51
      47
      38
      40
      29
      35
      34
      40
      44
      39
      52
      35
      51
      31
      49
      37
      37
      35
      51
      23
      53
      41
      38
      42
      35
      31
      27
      26
      32
      42
      42
      36
      45
      37
      35
      31
      37
      36
      42
      33
      31
      40
      44
      46
      36
      34
      34
      37
      49
      41
      39
      31
      34
      36
      50
      33
      40
      37
      40
      38
      40
      35
      35
      37
      37
      28
      47
      50
      48
      31
      40
      41
      31
      38
      40
      44
      28
      35
      41
      36
      42
      37
      28
      48
      35
      41
      39
      31
      35
      41
      36
      25
      34
      44
      32
      41
      40
      31
      36
      42
      38
      37
      45
      38
      33
      36
      35
      32
      43
      29
      49
      33
      42
      38
      35
      39
      34
      36
      29
      43
      45
      34
      43
      41
      39
      42
      38
      29
      45
      45
      33
      35
      32
      35
      35
      37
      35
      38
      33
      47
      34
      37
      37
      37
      30
      49
      39
      34
      35
      38
      41
      36
      37
      35
      35
      36
      24
      32
      48
      43
      45
      38
      22
      39
      37
      31
      36
      47
      32
      32
      30
      24
      30
      30
      41
      42
      30
      41
      24
      36
      33
      44
      43
      34
      39
      33
      37
      39
      42
      44
      44
      36
      30
      31
      34
      53
      43
      40
      36
      35
      27
      41
      36
      44
      40
      40
      36
      40
      33
      48
      38
      38
      42
      34
      34
      35
      44
      50
      33
      30
      33
      36
      35
      25
      37
      30
      37
      35
      36
      29
      42
      40
      39
      33
      32
      35
      29
      23
      33
      26
      37
      35
      21
      28
      24
      41
      30
      34
      38
      40
      50
      32
      42
      34
      37
      29
      35
      31
      38
      29
      45
      27
      27
      29
      33
      40
      31
      40
      28
      28
      33
      35
      38
      31
      39
      44
      30
      37
      35
      30
      40
      46
      42
      43
      28
      33
      36
      36
      30
      27
      33
      35
      43
      36
      37
      37
      33
      29
      40
      30
      35
      35
      28
      26
      28
      35
      39
      45
      27
      23
      29
      33
      41
      31
      39
      30
      29
      39
      47
      44
      32
      31
      35
      40
      34
      31
      29
      32
      34
      27
      44
      32
      35
      48
      42
      35
      37
      33
      31
      35
      44
      26
      45
      32
      37
      44
      35
      32
      35
      37
      44
      40
      41
      32
      26
      45
      24
      36
      36
      30
      24
      24
      34
      33
      33
      26
      27
      32
      32
      32
      38
      29
      44
      25
      26
      37
      30
      31
      43
      33
      35
      40
      32
      29
      40
      31
      30
      25
      34
      26
      31
      35
      33
      42
      34
      33
      35
      30
      33
      34
      30
      38
      28
      32
      21
      41
      33
      39
      49
      43
      33
      43
      24
      40
      40
      43
      42
      30
      33
      33
      30
      24
      31
      34
      37
      44
      35
      36
      28
      35
      38
      29
      41
      32
      41
      36
      29
      34
      38
      24
      37
      43
      33
      27
      32
      45
      42
      33
      32
      32
      28
      36
      37
      31
      34
      30
      47
      42
      36
      24
      34
      34
      35
      35
      38
      31
      36
      32
      23
      36
      30
      46
      35
      43
      45
      27
      26
      32
      35
      31
      33
      28
      40
      34
      30
      41
      32
      32
      39
      42
      29
      42
      40
      37
      33
      45
      42
      32
      34
      30
      41
      41
      25
      37
      24
      32
      34
      28
      41
      40
      42
      35
      41
      30
      38
      28
      38
      35
      34
      29
      38
      35
      32
      29
      27
      44
      26
      35
      33
      43
      33
      33
      41
      32
      33
      27
      34
      34
      22
      35
      32
      40
      26
      33
      35
      32
      38
      33
      39
      27
      40
      34
      36
      31
      45
      35
      35
      36
      35
      36
      39
      34
      26
      40
      37
      27
      32
      38
      33
      37
      31
      38
      38
      37
      42
      37
      30
      35
      28
      26
      39
      24
      27
      27
      37
      42
      32
      38
      44
      29
      38
      39
      40
      37
      29
      31
      33
      29
      33
      33
      26
      29
      42
      25
      30
      25
      31
      37
      32
      41
      39
      34
      35
      35
      38
      23
      32
      32
      35
      34
      31
      32
      42
      29
      36
      41
      46
      38
      39
      38
      35
      30
      40
      36
      27
      43
      27
      33
      29
      41
      25
      32
      35
      46
      35
      35
      35
      37
      33
      30
      38
      29
      44
      44
      33
      29
      29
      42
      34
      27
      34
      34
      47
      47
      35
      21
      37
      30
      33
      36
      34
      33
      28
      37
      31
      30
      31
      31
      36
      33
      36
      39
      20
      32
      39
      33
      33
      19
      33
      30
      32
      28
      38
      30
      30
      34
      25
      37
      31
      29
      37
      37
      31
      32
      20
      30
      38
      24
      37
      30
      40
      29
      35
      32
      37
      28
      28
      36
      24
      22
      37
      32
      22
      32
      32
      27
      31
      32
      34
      33
      25
      35
      28
      36
      35
      27
      25
      25
      27
      38
      22
      35
      33
      21
      26
      27
      40
      30
      35
      27
      36
      22
      28
      24
      39
      28
      23
      26
      21
      25
      22
      29
      24
      20
      22
      38
      14
      34
      29
      17
      26
      36
      23
      25
      32
      30
      18
      27
      30
      22
      23
      21
      27
      26
      34
      19
      20
      29
      26
      27
      22
      19
      23
      28
      20
      19
      27
      27
      25
      21
      29
      22
      21
      23
      23
      16
      26
      23
      26
      19
      22
      16
      22
      22
      22
      16
      24
      16
      14
      20
      27
      18
      20
      14
      30
      18
      23
      24
      16
      13
      15
      22
      21
      18
      12
      20
      18
      14
      16
      15
      12
      21
      16
      14
      18
      15
      13
      14
      12
      13
      17
      19
      17
      11
      17
      14
      17
      16
      14
      10
      16
      13
      15
      13
      19
      21
      15
      16
      18
      15
      20
      18
      14
      16
      15
      12
      14
      14
      10
      15
      12
      11
      10
      17
      11
      18
      12
      12
      11
       9
      10
      13
      12
      19
      10
       9
      13
      10
      14
      19
      14
      14
       9
       9
       7
      12
       8
       8
      10
       8
      12
      10
       8
      10
      13
      12
       8
      13
      10
       9
       6
      11
       6
       6
       6
      10
      11
       8
      11
      11
       7
       8
       5
       6
      12
      14
      10
      10
      14
      11
      14
       8
      11
       6
      11
      10
      10
       7
      14
      14
      19
      11
       8
      10
       4
       6
      12
       7
       6
       9
      15
      14
       8
       7
       8
       5
      10
      13
       8
       9
       7
       4
      10
      10
      13
       6
       8
      12
       4
       8
      12
       5
       8
       5
       7
       3
       8
       7
       8
       6
       9
       5
       7
      10
       3
      10
      12
       6
       7
      10
       5
       9
       5
       9
      11
       7
       5
       8
      12
       3
      13
       6
       5
      12
       7
       6
       1
       4
       2
       5
       4
       5
      10
       8
       5
      11
       8
       6
       3
       4
       6
       9
       4
       9
      10
       3
       7
       5
       8
       8
       7
       5
       7
       8
      11
       7
       5
       6
       3
       2
       8
       9
       4
       4
       2
       7
       6
       2
       7
       9
       3
       7
      11
       3
       8
       4
      11
      11
       4
       2
       2
       8
       4
       1
      10
       1
       9
       6
       8
       8
       6
       9
       9
       7
       8
       6
       7
       9
       8
       7
       3
       7
       5
       7
       5
       5
       7
       7
      10
       9
       6
       4
      10
       6
      11
       6
       4
       2
       3
      10
       7
       5
       4
      11
       1
       9
       8
       9
       5
       6
       6
      11
       8
       2
       5
       4
       6
       4
       6
       2
       5
       5
       6
       6
       2
       5
       2
       7
       6
       7
       3
       5
       1
       6
       6
       9
       5
       7
       9
       3
       5
       5
       4
       7
       8
       1
       8
       6
       7
       4
       5
       4
       7
       4
       9
       9
       8
       6
      10
       4
       5
       8
       3
       7
       6
       7
       8
       4
       6
       3
       9
       5
       5
       4
       5
       4
       5
       7
       4
       7
       3
       8
       5
       4
       4
       8
      10
       2
       8
       5
       3
       5
       4
       6
       7
       6
       5
       3
       6
       3
       7
       5
       6
       6
       7
       9
       4
       6
       8
       6
       4
       9
       9
       9
       5
       5
       6
       3
      11
       4
       6
       6
       6
       6
       2
       5
       6
       5
       3
       4
       3
       6
       7
       6
       3
       7
       9
       3
       4
       6
       8
       7
      11
       4
       7
       5
       4
       6
       5
       4
       4
       4
       7
       6
       5
       3
       3
      11
       7
       3
       8
       4
       7
       9
       3
       5
      11
       8
       9
       4
      11
       6
       5
       9
       7
      11
       9
       5
       6
       2
       9
       7
      11
      10
       6
       6
       8
       8
       8
      10
       7
       8
       8
      12
      10
      10
       9
       6
       8
       8
       3
       7
      13
       7
       5
      10
       8
      13
       8
       4
      12
      10
      11
      12
      12
       7
       6
      11
       8
      11
      16
      14
      13
       7
       9
       9
      10
       9
       6
       5
       4
      16
      11
      17
       8
      17
       8
      12
      14
      11
      16
      16
       2
      11
      16
      12
      14
       7
      20
       8
       4
      17
      12
      14
      12
      15
       9
      12
      14
      12
      18
      12
      11
      20
      24
      14
      20
      22
      16
      17
      14
      19
      11
      15
      17
      12
      18
      18
      21
      21
      15
      23
      23
      25
      28
      34
      22
      23
      16
      16
      17
      31
      31
      34
      25
      26
      21
      27
      23
      27
      23
      28
      37
      30
      26
      34
      25
      26
      36
      32
      33
      31
      31
      35
      36
      32
      36
      32
      35
      40
      44
      34
      45
      35
      27
      47
      51
      49
      38
      58
      40
      51
      45
      51
      58
      44
      52
      64
      51
      62
      59
      57
      49
      53
      56
      51
      55
      53
      50
      56
      67
      86
      66
      68
      54
      53
      65
      62
      67
      64
      61
      59
      65
      85
      87
      79
      93
      85
      85
      82
      85
      87
      82
      81
      70
      73
      96
      78
      89
      96
     112
      89
      92
      92
     114
      87
     102
      88
     102
      94
      98
     120
      88
      92
     103
     118
     111
     116
      99
     121
     108
     121
     111
     104
     106
     110
     121
     117
     119
     128
     131
     125
     129
     136
     140
     137
     135
     136
     142
     168
     135
     143
     136
     153
     144
     157
     135
     157
     148
     159
     144
     137
     163
     168
     160
     143
     154
     163
     162
     168
     139
     176
     162
     174
     170
     169
     163
     186
     178
     166
     164
     173
     175
     153
     175
     181
     185
     205
     181
     191
     199
     177
     173
     200
     168
     204
     170
     173
     178
     169
     192
     207
     208
     207
     194
     221
     207
     214
     191
     185
     205
     188
     209
     196
     223
     193
     215
     223
     200
     217
     217
     198
     201
     206
     202
     202
     208
     182
     247
     211
     226
     207
     207
     195
     200
     222
     183
     225
     193
     208
     213
     209
     206
     201
     232
     189
     242
     206
     215
     206
     197
     211
     205
     224
     215
     197
     210
     204
     207
     232
     219
     187
     208
     188
     192
     202
     204
     197
     213
     184
     217
     180
     201
     209
     204
     218
     202
     181
     197
     196
     180
     196
     200
     211
     181
     166
     175
     171
     193
     172
     159
     186
     173
     168
     153
     230
     176
     178
     195
     201
     160
     183
     177
     162
     164
     179
     169
     174
     157
     182
     177
     167
     169
     178
     161
     158
     158
     151
     170
     133
     156
     146
     125
     158
     149
     163
     138
     152
     116
     138
     148
     133
     129
     136
     129
     146
     128
     126
     127
     121
     115
      97
     126
     128
     110
     110
     124
     134
     125
     112
     103
     118
     121
      97
     119
     120
     101
      96
     114
     106
     124
      95
      93
      96
      97
      97
     102
     108
      98
      90
      93
      80
      88
      87
      70
      76
      93
      94
      81
      74
      76
      74
      76
      72
      87
      66
      71
      81
      68
      83
      78
      82
      55
      60
      72
      60
      63
      70
      59
      47
      64
      57
      55
      62
      43
      54
      39
      45
      62
      52
      50
      53
      54
      59
      41
      47
      38
      40
      39
      44
      44
      34
      39
      47
      37
      24
      45
      29
      39
      40
      28
      34
      33
      28
      23
      30
      29
      28
      28
      35
      19
      35
      35
      20
      21
      28
      27
      21
      25
      32
      24
      20
      20
      18
      29
      12
      16
      20
      20
      15
      23
      22
      15
      10
      19
      11
      24
      18
      24
      14
      13
      17
      16
      13
      18
      11
      16
      15
       7
      10
      19
      12
       6
      13
      11
      13
       8
      17
      15
      14
      10
       7
       7
      11
       5
       9
      11
      10
      14
       6
       5
      10
      10
       5
       3
       6
       3
       7
       1
       7
       7
      11
       6
       9
       7
       7
       5
       3
       4
       7
       6
       1
       8
       6
       2
       3
       4
       6
       9
       3
       6
       2
       5
       3
       4
       5
       3
       4
       4
       5
       2
       4
       3
       4
       8
       7
       0
       6
       4
       0
       2
       1
       2
       6
       4
       1
       5
       4
       3
       5
       3
       3
       1
       4
       0
       2
       3
       4
       3
       1
       1
       2
       3
       4
       0
       2
       3
       1
       1
       2
       0
       1
       1
       1
       1
       4
       2
       2
       3
       1
       1
       1
       3
       2
       1
       2
       1
       3
       0
       3
       1
       2
       4
       2
       1
       3
       0
       1
       3
       2
       1
       4
       0
       1
       3
       3
       1
       1
       1
       0
       1
       0
       0
       1
       1
       1
       0
       2
       0
       1
       1
       1
       0
       1
       1
       1
       2
       2
       0
       0
       0
       2
       2
       1
       1
       0
       1
       0
       0
       0
       2
       2
       2
       1
       3
       0
       1
       1
       1
       1
       1
       1
       2
       2
       2
       1
       2
       3
       0
       0
       1
       0
       1
       1
       0
       1
       1
       2
       1
       1
       2
       0
       0
       0
       1
       2
       1
       0
       1
       0
       2
       0
       2
       0
       1
       0
       0
       2
       2
       1
       2
       0
       2
       1
       1
       2
       2
       0
       0
       1
       2
       2
       1
       0
       1
       0
       1
       1
       1
       3
       2
       2
       2
       0
       0
       1
       2
       1
       1
       0
       3
       1
       0
       1
       0
       0
       0
       0
       1
       1
       0
       1
       0
       0
       0
       0
       0
       0
       0
       1
       1
       1
       0
       1
       1
       2
       1
       0
       1
       1
       1
       2
       0
       1
       1
       0
       2
       1
       1
       0
       1
       1
       1
       0
       0
       1
       2
       1
       0
       0
       0
       0
       1
       1
       1
       0
       2
       1
       1
       0
       0
       1
       0
       0
       0
       1
       0
       0
       4
       1
       2
       1
       0
       1
       0
       1
       1
       1
       0
       1
       1
       0
       0
       1
       1
       0
       0
       0
       0
       1
       1
       0
       2
       2
       2
       0
       0
       1
       0
       0
       1
       2
       0
       2
       0
       0
       0
       0
       2
       2
       0
       2
       1
       2
       1
       0
       2
       0
       0
       3
       0
       1
       1
       0
       1
       1
       2
       0
       0
       1
       2
       0
       2
       1
       2
       0
       1
       1
       1
       0
       1
       0
       0
       1
       1
       0
       0
       0
       1
       0
       1
       0
       0
       1
       0
       0
       1
       0
       0
       0
       1
       1
       0
       0
       1
       1
       0
       0
       0
       0
       1
       2
       2
       1
       1
       1
       2
       1
       1
       2
       0
       0
       0
       0
       0
       1
       3
       0
       1
       1
       0
       0
       1
       1
       0
       0
       1
       0
       1
       0
       0
       1
       1
       1
       0
       0
       0
       2
       1
       0
       1
       0
       0
       1
       1
       0
       0
       0
       0
       0
       1
       2
       0
       1
       0
       1
       0
       2
       0
       0
       0
       1
       1
       1
       0
       1
       0
       2
       0
       1
       0
       2
       1
       0
       1
       0
       1
       1
       1
       0
       1
       0
       1
       1
       1
       1
       0
       0
       1
       0
       1
       1
       1
       0
       2
       1
       2
       2
       3
       0
       1
       1
       1
       1
       0
       0
       2
       3
       1
       0
       2
       0
       0
       1
       1
       1
       0
       2
       2
       1
       1
       1
       0
       1
       0
       1
       1
       1
       1
       1
       0
       0
       2
       0
       1
       0
       0
       0
       0
       0
       1
       0
       0
       0
       0
       0
       1
       0
       0
       0
       1
       0
       0
       0
       0
       1
       0
       0
       0
       0
       1
       0
       0
       0
       0
       0
       2
       0
       1
       2
       0
       0
       0
       1
       0
       1
       0
       0
       1
       1
       0
       1
       0
       0
       0
       1
       0
       0
       0
       0
       0
       0
       1
       0
       0
       0
       0
       0
       0
       0
       0
       0
       0
       2
       0
       1
       1
       3
       1
       1
       1
       0
       1
       1
       2
       0
       0
       1
       0
       0
       1
       1
       2
       2
       0
       2
       2
       0
       3
       1
       1
       2
       0
       0
       0
       1
       0
       0
       0
       0
       0
       2
       1
       0
       2
       1
       0
       1
       0
       0
       0
       0
       0
       0
       0
       1
       0
       0
       0
       3
       1
       1
       0
       0
       1
       0
       0
       1
       1
       1
       1
       0
       0
       0
       2
       0
       0
       2
       1
       1
       1
       1
       0
       1
       0
       1
       0
       1
       1
       0
       2
       0
       0
       0
       1
       1
       0
       1
       0
       0
       0
       0
       1
       0
       0
       0
       1
       0
       0
       0
       1
       0
       0
       0
       1
       1
       0
       0
       4
       1
       0
       0
       0
       1
       0
       1
       2
       2
       1
       0
       0
       0
       0
       0
       0
       1
       0
       0
       0
       0
       1
       2
       0
       1
       1
       1
       1
       1
       1
       0
       0
       0
       0
       0
       0
       0
       0
       0
       0
       0
       0
       0
       0
       0
       0
       0
       0
       0
       0
       0
       0
       0
       0
       0
       0
       0
       0
       0
       0
       0
       0
       0
       0
       0
       0
       0
       0
       0
       0
       0
       0
       0
       0
       0
       0
       0
       0
       0
       0
       0
       0
       0
       0
       0
       0
       0
       0
       0
       0
       0
       0
       0
       0
$ROI:
1
2768 3270
$PRESETS:
None
0
0
$ENER_FIT:
0.000000 0.218758
$MCA_CAL:
3
0.000000E+000 2.187579E-001 0.000000E+000 keV
$SHAPE_CAL:
3
2.249532E+002 0.000000E+000 0.000000E+000
