$SPEC_ID:
gain 100delay 2
$SPEC_REM:
DET# 2
DETDESC# PHY-0040-AA Easy-MCA-8k SN 21098639
AP# Maestro Version 7.01
$DATE_MEA:
02/10/2025 09:40:28
$MEAS_TIM:
97 99
$DATA:
0 4095
       0
       0
       0
       0
       0
       0
       0
       0
       0
       0
       0
       0
       0
       0
       0
       0
       0
       0
       0
       0
       0
       0
       0
       0
       0
       0
       0
       0
       0
       1
      23
      39
      39
      40
      42
      38
      47
      36
      30
      41
      30
      44
      33
      40
      24
      33
      36
      37
      30
      30
      28
      33
      30
      23
      21
      22
      23
      30
      29
      34
      17
      20
      30
      17
      28
      22
      22
      28
      26
      20
      30
      33
      25
      19
      29
      20
      25
      29
      22
      21
      26
      26
      23
      25
      24
      27
      25
      24
      22
      24
      20
      20
      21
      23
      21
      33
      31
      25
      22
      43
      23
      32
      16
      30
      27
      34
      30
      24
      29
      22
      25
      27
      34
      24
      30
      14
      28
      23
      23
      25
      35
      32
      39
      27
      34
      21
      31
      38
      39
      35
      41
      37
      51
      44
      45
      39
      41
      65
      42
      59
      55
      66
      82
      89
      93
      97
     112
     112
     102
     120
     123
     142
     169
     132
     158
     161
     179
     192
     195
     179
     207
     254
     217
     236
     201
     231
     258
     234
     252
     241
     227
     258
     240
     288
     259
     227
     221
     239
     228
     226
     212
     213
     197
     183
     186
     168
     173
     176
     153
     151
     149
     141
     131
     122
     122
     106
      96
     118
     111
      77
      82
      87
      76
      83
      80
      63
      73
      63
      67
      68
      54
      52
      68
      44
      61
      43
      47
      42
      43
      43
      36
      46
      31
      45
      43
      49
      32
      37
      32
      41
      25
      35
      30
      36
      42
      36
      37
      27
      32
      30
      28
      20
      30
      40
      35
      18
      30
      30
      19
      35
      31
      28
      36
      24
      32
      21
      37
      35
      25
      36
      38
      30
      28
      39
      27
      42
      39
      29
      38
      36
      37
      28
      39
      32
      34
      30
      33
      29
      24
      36
      29
      30
      26
      34
      29
      38
      40
      34
      34
      24
      32
      25
      38
      26
      33
      40
      38
      40
      26
      27
      28
      38
      27
      26
      37
      26
      32
      45
      35
      45
      39
      35
      33
      29
      43
      44
      26
      31
      28
      27
      26
      36
      32
      33
      31
      34
      28
      24
      32
      40
      30
      37
      44
      42
      40
      36
      28
      37
      40
      39
      40
      38
      29
      47
      25
      41
      31
      33
      41
      30
      39
      26
      23
      34
      30
      41
      30
      33
      41
      33
      29
      25
      39
      29
      37
      39
      28
      39
      27
      33
      37
      41
      33
      27
      38
      41
      32
      42
      33
      34
      31
      50
      42
      30
      40
      33
      45
      42
      34
      45
      35
      41
      31
      58
      39
      31
      33
      29
      40
      33
      38
      43
      47
      31
      38
      48
      34
      47
      41
      44
      43
      38
      42
      42
      35
      34
      42
      44
      36
      27
      37
      46
      41
      42
      27
      29
      35
      38
      36
      37
      43
      44
      49
      28
      31
      40
      33
      29
      37
      40
      45
      40
      39
      33
      41
      37
      39
      35
      49
      38
      38
      43
      35
      35
      37
      37
      42
      44
      32
      34
      39
      33
      41
      38
      39
      41
      37
      48
      30
      37
      42
      43
      38
      41
      45
      40
      32
      36
      50
      49
      44
      49
      38
      37
      26
      47
      41
      41
      46
      32
      53
      42
      33
      52
      28
      44
      39
      42
      32
      29
      42
      34
      42
      33
      44
      39
      29
      34
      41
      39
      43
      30
      41
      44
      42
      37
      27
      37
      38
      28
      38
      30
      35
      38
      37
      35
      36
      44
      27
      35
      40
      40
      33
      39
      43
      42
      36
      23
      38
      24
      36
      36
      30
      36
      36
      48
      41
      38
      36
      38
      34
      46
      38
      45
      48
      36
      40
      35
      53
      38
      40
      42
      41
      50
      24
      42
      55
      37
      41
      49
      35
      41
      49
      36
      37
      36
      35
      32
      42
      33
      37
      44
      25
      35
      32
      24
      34
      42
      44
      34
      41
      42
      24
      52
      37
      38
      33
      25
      37
      38
      47
      34
      37
      48
      29
      32
      35
      46
      37
      31
      31
      39
      35
      39
      41
      38
      47
      28
      28
      37
      32
      26
      45
      40
      36
      37
      45
      36
      49
      51
      37
      36
      37
      34
      41
      33
      37
      45
      36
      52
      34
      41
      41
      42
      28
      31
      35
      44
      33
      52
      39
      36
      36
      32
      50
      37
      45
      47
      42
      32
      50
      32
      33
      42
      36
      41
      36
      40
      35
      43
      36
      34
      37
      40
      34
      41
      36
      31
      38
      33
      39
      31
      33
      35
      28
      34
      43
      38
      31
      37
      48
      34
      32
      40
      30
      45
      34
      50
      29
      22
      31
      45
      34
      45
      29
      34
      36
      30
      32
      34
      37
      39
      44
      37
      40
      46
      27
      42
      37
      39
      45
      47
      38
      31
      28
      36
      42
      30
      39
      41
      26
      38
      30
      32
      35
      35
      29
      32
      32
      39
      36
      29
      37
      38
      39
      36
      35
      34
      38
      40
      39
      32
      37
      32
      37
      40
      43
      32
      36
      38
      39
      27
      37
      39
      37
      30
      36
      28
      38
      36
      27
      32
      28
      44
      31
      33
      38
      35
      32
      39
      29
      41
      31
      31
      36
      25
      31
      39
      29
      39
      31
      32
      33
      43
      34
      33
      39
      40
      40
      31
      35
      27
      40
      21
      22
      31
      25
      31
      39
      45
      40
      36
      39
      30
      40
      34
      51
      39
      37
      31
      22
      33
      31
      32
      35
      36
      30
      37
      35
      33
      25
      40
      35
      38
      37
      32
      42
      32
      42
      35
      37
      44
      31
      34
      45
      43
      40
      24
      45
      35
      31
      38
      45
      37
      37
      38
      33
      48
      33
      44
      34
      40
      49
      27
      34
      35
      38
      36
      32
      27
      38
      32
      36
      34
      38
      31
      49
      30
      39
      37
      33
      36
      38
      33
      48
      39
      50
      38
      53
      43
      38
      50
      38
      51
      45
      42
      45
      34
      52
      47
      48
      41
      39
      42
      42
      49
      39
      33
      47
      33
      39
      45
      47
      42
      43
      35
      43
      42
      45
      43
      51
      48
      46
      35
      43
      43
      30
      47
      46
      30
      43
      44
      50
      47
      49
      32
      47
      42
      37
      38
      42
      44
      55
      43
      40
      32
      34
      52
      38
      42
      38
      45
      30
      49
      43
      46
      38
      46
      44
      57
      42
      37
      41
      56
      41
      40
      45
      45
      30
      58
      30
      52
      43
      45
      37
      49
      32
      48
      50
      34
      57
      49
      35
      45
      40
      36
      55
      38
      46
      41
      42
      35
      41
      50
      37
      45
      53
      44
      40
      39
      49
      31
      43
      40
      45
      36
      35
      37
      36
      43
      37
      34
      36
      49
      50
      33
      33
      39
      46
      40
      51
      39
      42
      36
      37
      41
      40
      26
      35
      43
      52
      42
      34
      55
      31
      39
      33
      46
      33
      31
      44
      49
      40
      48
      47
      37
      23
      41
      41
      35
      34
      38
      40
      49
      32
      41
      43
      40
      45
      37
      47
      41
      27
      41
      35
      35
      31
      30
      36
      38
      37
      37
      34
      37
      44
      41
      33
      30
      37
      30
      28
      34
      45
      48
      46
      33
      39
      31
      38
      37
      19
      26
      35
      40
      28
      40
      42
      33
      31
      42
      36
      31
      37
      38
      32
      31
      34
      32
      31
      40
      32
      34
      34
      30
      37
      37
      46
      40
      43
      28
      42
      30
      37
      36
      31
      31
      26
      37
      42
      31
      34
      32
      32
      39
      40
      46
      31
      29
      35
      33
      39
      42
      38
      37
      28
      41
      34
      37
      47
      32
      28
      34
      39
      49
      33
      27
      32
      27
      39
      31
      33
      47
      25
      34
      30
      43
      33
      29
      33
      25
      35
      38
      37
      40
      26
      43
      40
      39
      39
      31
      28
      49
      31
      40
      34
      37
      38
      31
      36
      35
      38
      28
      33
      31
      31
      36
      28
      30
      30
      37
      32
      36
      44
      39
      45
      34
      30
      34
      29
      23
      36
      22
      36
      34
      29
      28
      25
      29
      26
      25
      27
      33
      26
      33
      30
      26
      31
      32
      37
      35
      31
      34
      29
      21
      26
      32
      36
      32
      31
      28
      36
      33
      32
      27
      37
      31
      22
      22
      28
      21
      29
      44
      24
      28
      32
      24
      28
      34
      31
      35
      29
      29
      35
      23
      32
      24
      31
      30
      37
      42
      26
      25
      38
      33
      35
      30
      23
      30
      32
      27
      23
      32
      28
      32
      27
      27
      24
      25
      26
      26
      40
      23
      30
      31
      18
      37
      34
      33
      26
      28
      24
      37
      34
      27
      40
      35
      28
      29
      22
      34
      37
      23
      28
      25
      23
      33
      37
      25
      31
      24
      24
      26
      17
      29
      33
      22
      25
      25
      22
      21
      24
      27
      26
      30
      37
      28
      43
      26
      30
      24
      31
      29
      23
      29
      30
      31
      29
      27
      22
      27
      25
      32
      35
      30
      31
      27
      22
      33
      24
      21
      31
      25
      24
      34
      22
      29
      30
      18
      22
      29
      29
      24
      24
      29
      23
      26
      27
      27
      22
      28
      27
      22
      17
      30
      22
      31
      37
      22
      21
      26
      29
      34
      30
      25
      35
      38
      29
      29
      20
      26
      34
      31
      40
      28
      25
      30
      28
      24
      36
      23
      25
      25
      29
      25
      36
      39
      14
      26
      21
      33
      35
      26
      31
      27
      30
      25
      35
      28
      30
      38
      28
      22
      34
      31
      23
      21
      19
      20
      22
      23
      23
      21
      29
      34
      18
      36
      24
      24
      25
      35
      25
      25
      35
      21
      28
      29
      34
      26
      35
      33
      20
      25
      29
      25
      33
      26
      25
      20
      28
      32
      31
      27
      34
      26
      26
      29
      27
      33
      23
      28
      33
      37
      36
      27
      24
      26
      21
      31
      21
      24
      30
      28
      35
      42
      36
      29
      31
      29
      23
      32
      30
      25
      27
      31
      33
      24
      36
      43
      25
      41
      17
      24
      24
      20
      24
      16
      21
      25
      25
      22
      23
      18
      19
      27
      25
      31
      20
      31
      36
      20
      25
      30
      25
      36
      24
      31
      22
      25
      22
      19
      20
      26
      22
      26
      18
      25
      23
      27
      27
      25
      26
      23
      20
      28
      30
      30
      33
      36
      36
      16
      29
      28
      38
      18
      26
      22
      25
      32
      22
      32
      29
      23
      32
      23
      24
      22
      24
      29
      23
      25
      28
      23
      33
      26
      41
      39
      31
      28
      30
      36
      24
      23
      27
      16
      35
      18
      25
      14
      35
      24
      25
      23
      24
      22
      29
      19
      28
      27
      32
      29
      26
      28
      16
      24
      30
      18
      25
      27
      32
      25
      34
      22
      25
      23
      27
      21
      30
      29
      19
      20
      23
      25
      21
      30
      17
      26
      18
      20
      22
      29
      25
      22
      36
      24
      26
      26
      30
      30
      23
      19
      22
      15
      18
      29
      29
      27
      30
      22
      27
      27
      18
      26
      27
      27
      29
      28
      23
      29
      34
      31
      29
      22
      25
      35
      38
      13
      23
      23
      24
      26
      19
      24
      25
      15
      18
      21
      30
      30
      28
      26
      23
      23
      24
      20
      29
      24
      21
      22
      25
      37
      36
      38
      29
      24
      20
      21
      23
      24
      32
      24
      27
      17
      32
      25
      22
      24
      26
      31
      40
      24
      40
      25
      15
      22
      28
      23
      27
      20
      42
      31
      29
      25
      19
      25
      34
      21
      26
      28
      30
      31
      20
      26
      17
      23
      20
      29
      26
      28
      27
      24
      27
      18
      20
      36
      25
      27
      25
      23
      25
      21
      19
      27
      27
      24
      28
      29
      28
      25
      27
      16
      26
      23
      32
      22
      25
      27
      17
      23
      23
      19
      18
      26
      21
      32
      19
      19
      29
      32
      24
      29
      21
      19
      33
      20
      30
      21
      22
      32
      24
      28
      23
      20
      24
      22
      34
      25
      26
      26
      24
      39
      20
      24
      28
      23
      28
      25
      20
      27
      22
      30
      24
      24
      31
      30
      30
      27
      28
      18
      24
      30
      30
      27
      28
      27
      23
      21
      23
      23
      20
      32
      26
      23
      21
      16
      23
      24
      18
      21
      26
      28
      20
      21
      26
      27
      21
      27
      23
      24
      18
      22
      24
      25
      26
      34
      24
      26
      23
      17
      23
      21
      22
      21
      24
      30
      22
      18
      22
      19
      21
      19
      25
      21
      20
      38
      26
      22
      36
      24
      29
      19
      23
      20
      30
      26
      29
      30
      24
      28
      29
      17
      22
      21
      18
      32
      28
      26
      26
      19
      28
      27
      24
      15
      24
      33
      33
      18
      20
      22
      24
      27
      20
      22
      28
      22
      19
      27
      26
      26
      24
      18
      24
      26
      23
      17
      22
      30
      36
      26
      24
      34
      28
      25
      20
      25
      29
      26
      20
      30
      17
      26
      34
      23
      22
      15
      18
      28
      28
      22
      33
      20
      16
      25
      26
      17
      25
      28
      28
      24
      31
      29
      34
      29
      31
      24
      26
      22
      28
      21
      24
      27
      26
      18
      27
      16
      24
      37
      23
      22
      32
      22
      28
      18
      24
      35
      32
      19
      25
      22
      30
      30
      26
      22
      34
      24
      27
      28
      21
      27
      27
      40
      27
      26
      24
      29
      23
      31
      27
      26
      29
      22
      16
      27
      24
      21
      26
      26
      29
      25
      19
      22
      26
      24
      22
      33
      17
      26
      19
      16
      21
      28
      27
      29
      24
      29
      18
      18
      23
      23
      20
      25
      27
      15
      21
      30
      32
      23
      26
      27
      22
      27
      16
      31
      27
      23
      22
      22
      23
      28
      21
      24
      18
      24
      20
      22
      25
      25
      34
      18
      19
      21
      24
      21
      29
      26
      22
      19
      35
      21
      31
      28
      29
      28
      35
      20
      22
      21
      25
      35
      23
      22
      31
      31
      29
      30
      24
      26
      19
      27
      16
      27
      24
      23
      27
      24
      19
      19
      25
      24
      16
      25
      19
      29
      18
      23
      22
      22
      17
      21
      26
      22
      24
      19
      20
      34
      21
      27
      20
      24
      26
      22
      15
      17
      20
      24
      18
      28
      18
      22
      19
      26
      24
      24
      21
      32
      21
      23
      23
      25
      19
      18
      27
      16
      19
      20
      23
      24
      18
      21
      25
      22
      19
      16
      25
      23
      19
      22
      20
      24
      16
      17
      11
      19
      19
      21
      24
      15
      20
      20
      26
      20
      24
      20
      23
      19
      15
      22
      19
      25
      23
      30
      24
      16
      23
      14
      15
      20
      19
      15
      21
      12
      20
      21
      19
      16
      13
      17
      16
      14
      24
      19
      22
      17
      14
      11
      22
      17
      21
      19
      14
      25
      19
       7
      17
      18
      15
      20
      17
      21
      17
      20
      19
      18
      15
      10
      15
      20
      10
      16
      16
      11
      16
      19
      12
      12
      17
      18
      14
      18
      19
      14
      15
      13
      14
      16
      10
      16
      15
      20
      13
      16
      15
      13
      11
      14
      16
      10
      10
      16
      14
       6
      11
       9
       9
      14
      13
      13
      16
      11
       8
       8
      15
      16
      15
      15
       8
      12
       9
       6
      13
       9
       8
      12
      10
       9
       4
      11
      16
      10
      16
       7
      13
      14
       8
       8
      10
      12
       9
      11
       9
      11
      10
      12
      11
      15
      16
       9
       6
      13
       9
      14
      11
       8
       7
       8
       5
      12
       6
       8
       9
      12
       7
       8
      10
      15
       8
      11
       9
      12
      12
       9
       6
       8
       7
       7
       9
       8
      11
      11
       6
       6
      11
       4
      11
       7
      12
       5
       7
       4
      11
      12
      12
       6
       9
       8
       7
      10
       8
       9
      10
       6
      11
      11
       7
       4
      10
      12
       9
       6
       7
       4
       8
       3
       4
       2
       4
       4
       6
       6
       6
       6
       7
      12
      18
      11
       8
       5
       6
      13
       9
       5
      13
       4
       8
       9
       7
       7
       5
       8
       5
       5
       2
       7
      11
       3
       7
       7
       7
       4
       9
       6
       7
       4
       9
       6
       6
       8
      11
       8
       3
       3
       6
       7
       5
       4
       3
       5
       4
       6
       4
       7
       8
       7
       9
       7
       7
       9
       4
       7
       4
       5
       7
       1
       4
       8
       7
       5
       5
       3
       4
       4
       5
       6
       3
      10
       4
       3
       5
       2
       4
       4
       3
       6
       7
       5
       7
       5
       3
       2
       8
      12
       2
       4
       8
       3
       4
       7
       4
       7
       5
       9
       7
       4
       4
       3
       4
       4
       4
       4
       4
       2
       5
       4
       6
       3
       6
       5
       1
       3
       4
       4
       6
       5
       0
       5
       2
       4
       3
       5
       6
       3
       4
       2
       7
       8
       0
       6
       4
       6
       5
       3
       1
       3
       3
       5
       8
       2
       7
       4
       3
       5
       3
       5
       6
       6
       3
       5
       1
       8
       6
       5
       6
       7
       7
       5
       1
       7
       3
       3
       6
       3
       6
       4
       4
       4
       4
       6
       8
       7
       8
       3
       5
       3
       4
       6
       3
       1
      10
       7
       4
       1
       4
       5
       3
       3
       5
       7
       5
       2
       3
       2
       7
       6
       5
       4
       3
       5
       2
       3
       5
       3
       6
       7
       6
       1
       2
       3
       8
       1
       3
       3
       4
       3
       9
       8
       2
       3
       4
       2
       4
       3
       5
       3
       5
       3
       5
       7
       2
       3
       1
       2
       5
       3
       3
       2
       1
       4
       2
       2
       3
       7
       4
       2
       3
       6
       7
       2
       3
       1
       4
       4
       4
       4
       7
       2
       6
       8
       3
       9
       6
       6
       6
       3
       4
       5
       2
       4
       6
       1
       5
       7
       5
       2
       2
       3
       8
       5
       4
       3
       2
       5
       1
       5
       5
       3
       4
       2
       3
       1
       3
       4
       8
       3
       6
       4
       5
       5
       6
       3
       5
       4
       3
       5
       3
       4
       4
       3
       2
       4
       5
       2
       8
       5
       9
       2
       6
       5
       8
       5
       6
       3
       7
       7
       3
       2
       4
       3
       3
       7
       6
       1
       8
       8
       2
       6
       6
       3
       2
       4
       3
       2
       4
       3
       3
       6
       2
       2
       9
       5
       7
       1
       1
       6
       7
       4
      10
       9
      11
       7
       9
       8
       5
       3
       4
       6
       4
       9
       7
       4
       5
       6
       4
       6
      12
       7
       6
      10
       7
       8
       4
       8
       9
       7
       8
       5
       7
       4
      10
       7
       9
      12
       6
       5
       4
      13
       8
      12
       8
      13
       9
       9
       8
      14
       7
      11
       9
       6
       8
       8
      14
      13
      12
       3
       6
      10
       8
      13
      18
       7
      12
       8
      10
      10
      10
       8
       9
      15
      15
      12
      10
      14
      17
      13
       6
      12
       9
      11
       7
      16
      24
      15
      14
      21
      11
      18
      16
      22
      14
      14
      18
      19
      19
      17
      21
      22
      23
      19
      22
      18
      19
      23
      21
      12
      24
      28
      25
      24
      33
      22
      28
      27
      24
      27
      30
      25
      21
      24
      40
      26
      22
      30
      40
      32
      29
      30
      32
      27
      35
      26
      30
      31
      28
      23
      53
      55
      33
      33
      23
      39
      46
      36
      34
      54
      42
      41
      43
      33
      31
      54
      37
      37
      44
      53
      39
      45
      58
      50
      39
      42
      50
      53
      66
      46
      55
      45
      46
      61
      61
      67
      58
      65
      51
      67
      63
      62
      68
      73
      65
      72
      75
      58
      65
      62
      56
      72
      69
      74
      74
      67
      72
      67
      84
      83
      65
      90
      76
      83
      83
      66
      75
      78
      72
      87
      82
      67
      86
      80
      85
      84
      82
      85
      88
      77
      88
      97
      89
      98
      88
      97
     118
     102
      92
      97
      82
     108
     111
      96
     119
     100
      97
     122
     117
     111
     100
     105
     106
      97
     128
     122
     134
     109
     120
     115
     123
     114
     127
     119
     117
     128
     131
     127
     112
     112
     126
     119
     122
     128
     130
     140
     128
     130
     164
     106
     116
     123
     132
     125
     155
     124
     139
     142
     132
     137
     141
     147
     133
     157
     149
     139
     151
     163
     152
     145
     148
     151
     146
     146
     132
     158
     161
     156
     153
     151
     164
     156
     156
     154
     150
     157
     131
     133
     129
     144
     131
     161
     142
     140
     159
     169
     153
     156
     163
     147
     198
     149
     152
     157
     157
     165
     163
     149
     137
     165
     146
     169
     151
     149
     149
     138
     154
     149
     136
     145
     138
     143
     155
     149
     133
     142
     145
     167
     138
     151
     145
     143
     159
     135
     153
     140
     131
     142
     146
     145
     132
     119
     147
     149
     132
     143
     135
     132
     143
     120
     125
     116
     143
     129
     118
     137
     128
     128
     123
     129
     127
     132
     136
     115
     116
     123
     106
     119
     109
     108
     121
     104
     113
     105
     118
     114
     108
     102
      95
     144
     105
     110
      93
     111
     119
     101
     110
     101
     113
      91
     101
     100
     119
     109
      65
      91
      97
      96
      91
      89
      77
      91
      83
     105
      94
     104
      82
      88
     107
      72
      87
     109
      70
      78
      70
      88
      82
      61
      72
      72
      69
      80
      61
      67
      63
      63
      72
      69
      69
      76
      67
      69
      66
      63
      54
      61
      61
      73
      66
      59
      53
      50
      59
      58
      52
      69
      57
      60
      67
      57
      42
      53
      38
      41
      31
      39
      53
      46
      56
      45
      45
      46
      43
      51
      38
      37
      52
      47
      39
      31
      34
      27
      33
      41
      33
      32
      37
      34
      26
      29
      34
      29
      28
      31
      36
      32
      23
      27
      26
      20
      29
      30
      26
      22
      26
      18
      15
      21
      27
      19
      18
      29
      27
      13
      19
      20
      15
      17
      25
      12
      25
      20
      23
      14
      23
      12
      21
      13
      11
      15
      10
      17
      11
      13
       5
       8
      17
      17
      19
       9
      10
       6
      11
      20
      10
      12
      12
      12
      12
       5
      16
       5
      10
       7
       3
      12
       8
      11
       8
      12
       9
      11
      10
       8
      11
      12
       3
       7
       9
       4
       5
       3
       6
       7
       7
       6
       6
      11
       7
       6
      12
       4
       3
       6
       7
       6
       6
       3
      10
       2
       7
       1
       2
       4
       2
       5
       6
       4
       4
       8
       4
       6
       3
       6
       3
       4
       6
       6
       5
       2
       5
       4
       7
       6
       4
       2
       3
       4
       1
       3
       2
       1
       4
       2
       3
       4
       4
       5
       1
       4
       6
       2
       5
       3
       0
       2
       0
       1
       1
       1
       2
       3
       5
       1
       2
       2
       0
       1
       3
       3
       1
       0
       0
       2
       0
       3
       2
       1
       0
       2
       3
       1
       1
       1
       0
       1
       1
       2
       1
       1
       1
       0
       2
       3
       3
       0
       2
       0
       0
       0
       1
       0
       1
       1
       2
       0
       0
       1
       0
       0
       2
       3
       0
       0
       2
       1
       1
       1
       0
       4
       1
       1
       0
       1
       2
       1
       1
       0
       4
       0
       3
       1
       0
       0
       1
       0
       1
       0
       0
       1
       2
       3
       1
       0
       0
       0
       2
       0
       1
       1
       0
       1
       2
       1
       0
       0
       1
       0
       0
       1
       0
       0
       1
       0
       1
       1
       2
       1
       0
       1
       0
       0
       1
       0
       2
       0
       1
       0
       1
       0
       0
       0
       0
       1
       0
       1
       1
       0
       1
       1
       0
       1
       0
       1
       0
       1
       1
       0
       0
       1
       0
       0
       2
       0
       1
       1
       0
       0
       0
       1
       0
       2
       2
       0
       0
       0
       0
       0
       2
       1
       1
       0
       0
       0
       1
       0
       0
       0
       0
       0
       0
       1
       0
       0
       0
       0
       0
       0
       1
       0
       0
       1
       0
       2
       1
       0
       0
       1
       0
       0
       1
       0
       1
       0
       0
       1
       0
       0
       0
       1
       2
       1
       0
       1
       1
       1
       0
       0
       1
       0
       1
       2
       0
       0
       2
       0
       1
       1
       0
       0
       0
       1
       0
       1
       0
       0
       1
       0
       0
       0
       1
       1
       0
       0
       0
       2
       0
       0
       0
       0
       0
       1
       0
       1
       1
       0
       0
       0
       0
       1
       0
       1
       0
       0
       1
       1
       0
       1
       1
       0
       0
       2
       0
       1
       1
       0
       0
       1
       0
       1
       0
       1
       0
       1
       1
       1
       3
       1
       0
       0
       1
       0
       0
       1
       1
       1
       0
       0
       1
       1
       1
       1
       2
       0
       1
       1
       0
       0
       0
       1
       0
       0
       1
       0
       0
       1
       1
       0
       0
       1
       0
       0
       2
       2
       1
       0
       3
       1
       1
       0
       0
       0
       1
       0
       0
       1
       0
       0
       0
       0
       0
       2
       1
       1
       0
       1
       1
       2
       1
       0
       0
       1
       2
       0
       1
       1
       0
       0
       1
       0
       1
       0
       1
       1
       0
       1
       0
       1
       0
       1
       0
       0
       0
       0
       0
       0
       0
       1
       0
       0
       0
       0
       0
       0
       0
       0
       1
       0
       0
       1
       0
       1
       0
       0
       0
       1
       1
       2
       1
       1
       2
       1
       1
       0
       1
       2
       2
       1
       0
       0
       1
       1
       0
       0
       1
       1
       1
       1
       1
       0
       1
       1
       0
       0
       0
       0
       1
       2
       1
       0
       1
       0
       0
       0
       1
       0
       0
       0
       0
       0
       0
       1
       1
       0
       1
       0
       1
       1
       0
       1
       0
       0
       0
       0
       0
       0
       0
       1
       0
       0
       2
       1
       1
       0
       1
       1
       0
       1
       1
       1
       0
       0
       2
       2
       0
       0
       0
       0
       2
       0
       0
       1
       0
       0
       1
       0
       0
       0
       1
       0
       0
       1
       1
       0
       1
       0
       0
       1
       1
       2
       0
       0
       1
       0
       0
       1
       0
       0
       1
       0
       0
       0
       0
       0
       2
       2
       0
       3
       0
       0
       0
       0
       0
       0
       2
       0
       0
       0
       0
       2
       0
       2
       0
       0
       1
       1
       0
       0
       0
       0
       0
       0
       1
       0
       0
       1
       1
       1
       2
       1
       0
       1
       2
       0
       0
       1
       0
       0
       1
       0
       0
       0
       1
       1
       1
       0
       0
       1
       1
       1
       1
       0
       0
       1
       1
       0
       0
       1
       1
       0
       1
       0
       0
       0
       0
       0
       1
       0
       1
       1
       1
       1
       0
       2
       0
       2
       1
       0
       0
       1
       1
       1
       1
       2
       0
       0
       0
       0
       1
       0
       0
       1
       0
       1
       0
       1
       1
       1
       0
       0
       0
       0
       0
       1
       0
       1
       0
       0
       0
       0
       0
       0
       0
       0
       0
       0
       0
       0
       0
       0
       0
       0
       0
       0
       0
       0
       0
       0
       0
       0
       0
       0
       0
       0
       0
       0
       0
       0
       0
       0
       0
       0
       0
       0
       0
       0
       0
       0
       0
       0
       0
       0
       0
       0
       0
       0
       0
       0
       0
       0
       0
       0
       0
       0
       0
       0
       0
       0
       0
       0
       0
       0
       0
       0
$ROI:
1
2768 3270
$PRESETS:
None
0
0
$ENER_FIT:
0.000000 0.218758
$MCA_CAL:
3
0.000000E+000 2.187579E-001 0.000000E+000 keV
$SHAPE_CAL:
3
2.249532E+002 0.000000E+000 0.000000E+000
