$SPEC_ID:
gain 100delay 0
$SPEC_REM:
DET# 2
DETDESC# PHY-0040-AA Easy-MCA-8k SN 21098639
AP# Maestro Version 7.01
$DATE_MEA:
02/10/2025 09:43:08
$MEAS_TIM:
110 112
$DATA:
0 4095
       0
       0
       0
       0
       0
       0
       0
       0
       0
       0
       0
       0
       0
       0
       0
       0
       0
       0
       0
       0
       0
       0
       0
       0
       0
       0
       0
       0
       0
       1
      28
      43
      41
      49
      50
      40
      29
      53
      36
      33
      33
      39
      37
      28
      31
      37
      26
      24
      33
      30
      30
      32
      29
      30
      30
      29
      27
      30
      23
      31
      26
      24
      34
      19
      43
      34
      28
      33
      29
      27
      19
      22
      28
      28
      32
      29
      26
      37
      25
      22
      35
      22
      35
      32
      23
      29
      27
      40
      19
      31
      39
      31
      20
      17
      30
      24
      31
      30
      25
      32
      35
      30
      27
      34
      34
      43
      40
      34
      30
      34
      32
      35
      21
      21
      39
      40
      37
      41
      33
      46
      35
      39
      45
      36
      28
      51
      52
      38
      51
      53
      66
      61
      69
      75
      73
      83
      83
      82
     101
     112
     134
     137
     144
     150
     174
     165
     173
     173
     220
     187
     199
     246
     210
     264
     256
     242
     272
     248
     298
     286
     262
     314
     269
     279
     256
     291
     277
     259
     282
     299
     230
     236
     263
     220
     223
     222
     206
     201
     194
     199
     176
     189
     152
     143
     150
     149
     127
     125
     114
     115
     102
     108
     112
     100
      83
      87
      84
      83
      74
      86
      64
      67
      55
      70
      69
      70
      60
      55
      42
      61
      46
      47
      50
      43
      42
      53
      39
      52
      43
      38
      46
      43
      41
      30
      28
      42
      31
      38
      36
      37
      49
      39
      33
      45
      41
      35
      33
      47
      37
      33
      34
      31
      42
      36
      40
      28
      27
      28
      43
      39
      41
      36
      40
      29
      38
      34
      41
      36
      27
      33
      35
      34
      31
      32
      29
      24
      34
      36
      30
      33
      50
      36
      37
      33
      35
      44
      36
      44
      37
      49
      35
      34
      43
      48
      41
      30
      35
      31
      33
      38
      43
      44
      53
      40
      41
      33
      40
      50
      38
      42
      43
      33
      37
      41
      36
      44
      35
      40
      37
      43
      43
      29
      32
      51
      42
      37
      36
      39
      39
      39
      44
      42
      37
      43
      44
      25
      39
      45
      42
      38
      39
      39
      42
      40
      41
      35
      39
      43
      40
      38
      31
      43
      35
      39
      51
      39
      34
      30
      51
      41
      50
      33
      51
      49
      45
      42
      38
      41
      37
      40
      42
      44
      41
      46
      62
      48
      44
      40
      38
      44
      40
      27
      44
      52
      39
      42
      51
      36
      47
      40
      35
      46
      41
      43
      51
      31
      42
      60
      50
      45
      46
      39
      31
      43
      49
      45
      40
      41
      41
      52
      48
      44
      41
      36
      40
      32
      53
      33
      40
      37
      52
      38
      38
      39
      40
      44
      52
      34
      54
      42
      46
      49
      50
      36
      46
      47
      37
      42
      54
      43
      47
      42
      42
      51
      44
      45
      38
      47
      47
      49
      43
      47
      41
      49
      47
      45
      42
      46
      41
      36
      48
      33
      53
      44
      39
      44
      46
      40
      45
      32
      43
      43
      44
      59
      41
      41
      42
      37
      37
      40
      51
      41
      40
      47
      45
      39
      48
      35
      46
      40
      55
      46
      39
      45
      47
      46
      39
      45
      41
      43
      42
      39
      34
      38
      41
      51
      53
      59
      44
      44
      45
      39
      30
      47
      48
      37
      47
      37
      50
      41
      52
      37
      41
      50
      46
      43
      37
      56
      33
      51
      31
      40
      50
      42
      50
      40
      39
      35
      56
      35
      39
      41
      37
      39
      39
      45
      56
      38
      45
      43
      49
      31
      41
      42
      45
      37
      45
      51
      50
      33
      54
      37
      44
      35
      56
      32
      44
      46
      44
      45
      31
      59
      38
      40
      43
      62
      40
      36
      43
      45
      42
      46
      48
      47
      50
      50
      44
      53
      41
      32
      47
      49
      38
      38
      38
      39
      44
      46
      38
      51
      56
      42
      41
      45
      41
      43
      48
      39
      42
      46
      39
      41
      34
      33
      52
      35
      42
      46
      25
      43
      43
      39
      39
      50
      42
      33
      45
      47
      52
      47
      57
      47
      40
      42
      40
      42
      44
      33
      40
      43
      43
      41
      46
      44
      47
      36
      53
      40
      36
      36
      47
      59
      45
      49
      47
      32
      45
      37
      33
      46
      47
      44
      38
      36
      35
      37
      51
      45
      33
      39
      53
      43
      40
      44
      38
      47
      42
      38
      43
      38
      46
      43
      45
      33
      45
      45
      43
      30
      34
      35
      51
      38
      40
      32
      39
      36
      43
      55
      37
      26
      32
      40
      36
      29
      44
      37
      45
      38
      40
      42
      48
      38
      47
      43
      43
      35
      34
      49
      54
      32
      38
      39
      43
      42
      45
      41
      38
      31
      52
      39
      37
      40
      35
      38
      40
      33
      44
      36
      39
      42
      38
      38
      39
      45
      46
      40
      33
      40
      37
      44
      46
      28
      47
      28
      49
      34
      41
      26
      33
      43
      43
      27
      31
      42
      43
      47
      35
      43
      37
      30
      30
      46
      30
      43
      37
      54
      44
      39
      41
      46
      37
      44
      33
      38
      41
      45
      43
      31
      29
      48
      47
      29
      40
      43
      40
      35
      47
      50
      32
      28
      39
      29
      42
      37
      38
      32
      41
      33
      49
      37
      42
      38
      39
      40
      46
      33
      50
      44
      43
      43
      55
      39
      32
      37
      43
      52
      38
      36
      63
      44
      48
      32
      34
      40
      36
      41
      39
      42
      40
      42
      49
      33
      44
      40
      45
      45
      41
      44
      35
      30
      44
      46
      46
      44
      39
      38
      30
      41
      39
      40
      48
      36
      25
      48
      39
      45
      43
      48
      47
      48
      41
      43
      44
      51
      54
      50
      38
      51
      43
      51
      42
      50
      42
      48
      48
      47
      42
      47
      41
      48
      55
      55
      49
      55
      38
      41
      50
      42
      51
      41
      56
      57
      37
      45
      50
      58
      50
      43
      56
      57
      47
      45
      48
      46
      46
      45
      51
      40
      48
      50
      50
      51
      56
      49
      55
      47
      58
      41
      60
      57
      48
      40
      62
      46
      36
      49
      55
      48
      45
      49
      51
      53
      38
      61
      43
      41
      55
      43
      55
      36
      53
      45
      46
      41
      34
      47
      46
      58
      44
      55
      49
      49
      51
      56
      46
      54
      43
      44
      45
      41
      46
      41
      53
      46
      53
      44
      41
      34
      42
      41
      40
      41
      56
      43
      46
      47
      44
      42
      68
      44
      58
      42
      51
      43
      42
      47
      54
      37
      42
      48
      36
      52
      52
      43
      41
      34
      54
      37
      48
      50
      40
      50
      33
      40
      38
      44
      49
      51
      40
      42
      33
      44
      46
      36
      47
      36
      40
      47
      44
      47
      48
      40
      47
      44
      31
      45
      40
      41
      37
      39
      43
      37
      51
      39
      53
      45
      42
      49
      43
      48
      32
      49
      47
      32
      45
      59
      49
      41
      34
      51
      34
      41
      43
      55
      44
      39
      52
      38
      43
      34
      39
      44
      40
      50
      41
      36
      42
      32
      44
      43
      41
      32
      32
      49
      46
      43
      38
      40
      35
      48
      39
      48
      50
      47
      34
      43
      43
      53
      43
      34
      35
      41
      34
      39
      40
      33
      42
      40
      41
      47
      36
      37
      34
      33
      34
      39
      26
      45
      33
      40
      31
      34
      46
      36
      27
      37
      46
      48
      38
      45
      41
      28
      37
      36
      31
      60
      42
      39
      46
      44
      40
      28
      56
      46
      34
      41
      34
      33
      48
      32
      44
      35
      35
      40
      34
      43
      29
      30
      34
      45
      37
      44
      37
      37
      51
      41
      41
      31
      30
      37
      46
      29
      41
      37
      36
      32
      35
      33
      35
      42
      37
      47
      33
      32
      29
      27
      40
      34
      26
      43
      33
      42
      32
      40
      25
      39
      38
      34
      31
      41
      36
      34
      40
      37
      52
      35
      35
      50
      36
      41
      39
      46
      41
      41
      36
      32
      34
      42
      33
      42
      37
      43
      38
      47
      42
      29
      40
      33
      25
      31
      30
      35
      36
      44
      39
      41
      40
      35
      32
      33
      31
      29
      32
      31
      53
      26
      30
      40
      34
      35
      26
      42
      38
      35
      31
      36
      45
      34
      44
      28
      38
      35
      24
      34
      33
      23
      44
      34
      33
      26
      33
      33
      33
      29
      42
      33
      42
      35
      26
      39
      34
      32
      29
      35
      28
      32
      37
      25
      32
      34
      28
      33
      38
      37
      38
      25
      37
      43
      34
      28
      28
      37
      30
      28
      41
      26
      36
      33
      35
      29
      33
      35
      40
      32
      33
      30
      40
      28
      37
      34
      35
      31
      30
      36
      32
      34
      30
      36
      31
      25
      27
      26
      37
      34
      23
      31
      32
      41
      36
      35
      31
      32
      43
      23
      36
      35
      27
      29
      32
      25
      39
      30
      41
      34
      37
      38
      43
      37
      38
      44
      34
      32
      34
      37
      33
      41
      29
      26
      38
      28
      33
      28
      33
      32
      28
      27
      31
      29
      28
      41
      36
      33
      36
      30
      27
      29
      36
      36
      32
      27
      39
      30
      31
      35
      23
      29
      30
      40
      25
      31
      36
      28
      35
      31
      22
      44
      27
      34
      30
      20
      35
      33
      32
      17
      21
      33
      44
      20
      20
      35
      34
      35
      30
      29
      40
      42
      36
      33
      31
      24
      26
      30
      36
      32
      42
      28
      26
      36
      31
      25
      33
      30
      32
      36
      29
      21
      43
      32
      36
      21
      29
      33
      28
      20
      28
      26
      30
      30
      24
      27
      36
      25
      34
      31
      25
      38
      37
      26
      31
      33
      29
      21
      28
      30
      26
      27
      23
      28
      35
      31
      26
      21
      37
      26
      26
      28
      31
      31
      25
      22
      20
      28
      24
      31
      26
      32
      29
      41
      30
      34
      32
      45
      27
      29
      47
      34
      30
      34
      35
      40
      29
      24
      24
      31
      29
      31
      21
      33
      30
      30
      27
      30
      32
      31
      32
      28
      27
      29
      29
      31
      29
      32
      35
      28
      25
      28
      30
      22
      38
      32
      38
      26
      19
      21
      25
      33
      30
      32
      29
      27
      37
      29
      27
      31
      29
      29
      24
      28
      28
      41
      25
      31
      43
      29
      21
      31
      38
      37
      27
      31
      31
      22
      38
      30
      25
      24
      31
      28
      24
      21
      26
      22
      37
      33
      24
      23
      44
      26
      36
      27
      32
      29
      26
      18
      27
      19
      30
      34
      35
      22
      29
      25
      26
      28
      28
      35
      32
      31
      24
      26
      27
      29
      25
      27
      26
      26
      28
      26
      24
      33
      31
      28
      30
      15
      32
      33
      27
      20
      40
      34
      37
      29
      39
      20
      41
      41
      38
      35
      28
      27
      29
      25
      33
      26
      29
      26
      27
      31
      26
      30
      26
      29
      28
      24
      31
      39
      27
      34
      30
      20
      31
      30
      40
      23
      25
      28
      24
      30
      33
      33
      35
      30
      28
      42
      31
      32
      20
      35
      27
      27
      32
      27
      25
      22
      23
      26
      28
      33
      24
      23
      34
      40
      31
      27
      24
      27
      26
      30
      25
      32
      31
      30
      27
      22
      28
      23
      35
      30
      27
      31
      40
      24
      26
      25
      38
      32
      27
      21
      29
      29
      42
      38
      20
      28
      20
      23
      26
      32
      29
      25
      25
      28
      24
      32
      30
      41
      23
      27
      35
      26
      34
      39
      25
      37
      30
      38
      35
      27
      27
      27
      29
      22
      23
      35
      25
      22
      13
      25
      35
      27
      26
      26
      25
      25
      27
      25
      26
      27
      23
      29
      21
      24
      30
      32
      21
      37
      22
      28
      23
      35
      32
      24
      26
      26
      30
      28
      30
      36
      20
      29
      26
      29
      30
      26
      35
      27
      39
      24
      36
      29
      26
      26
      18
      25
      33
      25
      20
      33
      26
      27
      29
      38
      29
      18
      20
      28
      23
      25
      29
      31
      28
      18
      21
      25
      34
      31
      30
      21
      26
      34
      22
      35
      38
      35
      30
      25
      36
      24
      30
      29
      25
      26
      15
      31
      22
      27
      24
      21
      30
      28
      34
      29
      21
      21
      29
      32
      35
      24
      22
      38
      23
      24
      19
      18
      25
      35
      37
      20
      28
      30
      40
      28
      31
      26
      30
      26
      32
      32
      27
      27
      20
      21
      27
      33
      34
      32
      27
      31
      22
      29
      27
      32
      25
      35
      29
      25
      19
      28
      28
      30
      25
      37
      25
      30
      25
      27
      28
      37
      35
      22
      36
      29
      30
      28
      38
      24
      29
      25
      33
      30
      23
      38
      31
      17
      19
      26
      27
      26
      31
      28
      28
      17
      38
      21
      35
      28
      31
      24
      26
      29
      27
      34
      23
      37
      18
      28
      28
      25
      30
      35
      33
      20
      29
      26
      22
      22
      30
      26
      23
      32
      26
      26
      25
      25
      35
      23
      29
      26
      28
      30
      28
      36
      27
      32
      27
      28
      30
      27
      27
      28
      20
      29
      29
      15
      32
      28
      21
      19
      33
      28
      36
      32
      44
      19
      33
      17
      31
      32
      26
      32
      33
      31
      31
      29
      27
      32
      28
      30
      28
      32
      31
      29
      35
      33
      30
      32
      28
      34
      31
      29
      30
      42
      24
      32
      26
      18
      29
      24
      22
      23
      41
      32
      23
      24
      28
      39
      24
      29
      30
      29
      20
      35
      31
      38
      23
      37
      27
      29
      37
      27
      34
      26
      21
      20
      19
      36
      29
      27
      29
      12
      37
      29
      28
      29
      31
      28
      18
      27
      22
      27
      27
      22
      29
      34
      34
      28
      23
      33
      26
      33
      32
      33
      28
      24
      23
      26
      39
      26
      20
      18
      27
      33
      38
      23
      36
      27
      25
      36
      25
      25
      29
      28
      24
      21
      32
      34
      27
      29
      32
      34
      26
      23
      34
      27
      36
      27
      33
      27
      30
      33
      23
      29
      27
      32
      18
      33
      32
      35
      25
      26
      40
      22
      28
      25
      26
      30
      21
      24
      27
      17
      23
      22
      30
      22
      26
      18
      25
      29
      29
      25
      25
      27
      22
      26
      21
      33
      33
      25
      25
      14
      29
      22
      26
      16
      20
      17
      25
      25
      30
      20
      26
      24
      10
      21
      20
      21
      14
      21
      17
      14
      20
      31
      19
      24
      25
      21
      17
      22
      19
      28
      36
      22
      22
      25
      25
      20
      23
      23
      23
      23
      24
      19
      11
      13
      16
      22
      18
      20
      27
      20
      20
      24
      20
      19
      21
      18
      13
      17
      21
      23
      18
      13
       5
      19
      16
      13
      13
      18
      18
      17
      18
      18
      17
      11
      10
      17
      18
      15
      17
      15
      14
      20
      16
      11
      16
      10
      10
      18
      10
      19
      16
      18
      18
      12
       5
      21
      19
      14
      17
      25
      11
      15
      11
       9
      11
      13
      15
      12
      15
      10
      20
      13
      10
       8
      16
      13
      16
       7
       8
       9
      16
      10
      14
       6
      11
       4
       9
      13
      12
      14
      12
      15
      13
      13
      15
       9
      13
       8
       9
      12
      12
       8
      10
      13
      14
      14
      10
       7
      10
      10
       5
      14
      15
      12
      12
      11
       8
      14
      11
      13
      15
       9
      10
       6
       7
      11
      15
      11
      14
       7
      16
       8
       9
      11
      14
       8
      20
      14
      15
       8
      13
      10
      14
      13
       9
      10
      10
       7
       8
      12
       9
       5
       7
      10
       9
      10
       7
       8
       6
       3
      10
       3
       7
      11
       7
       5
       9
       7
       6
       8
       8
       8
       6
       6
       6
       9
       5
      12
       7
      12
       4
       7
       3
      12
       8
       4
      13
       9
       6
      14
       7
      10
       6
       9
       3
       5
      13
       9
       4
       4
       9
       3
       8
       6
       8
       4
       8
       4
      16
       3
       8
       7
      11
       5
       8
       6
       9
       4
       7
       7
       6
       8
       6
       7
       6
       6
       8
       3
       3
       7
       5
       4
       6
       7
      11
       5
       6
       9
       5
       4
       7
       4
       7
       8
       7
       6
       8
       7
      12
       7
       6
       1
       7
       6
       9
       5
       4
       8
       4
       5
       3
       2
       7
       5
       3
       8
       7
       6
      12
       4
       5
       7
       5
       3
       5
       4
       2
       5
       8
       8
       7
      10
       4
       5
       9
       1
       3
       7
      10
       3
       7
       2
       6
       5
       5
       8
       2
       6
       6
       4
      11
       3
       8
       2
       3
       5
       4
       5
       4
       5
       6
      17
       4
       1
       5
       4
       6
       2
       3
       6
       5
       5
       6
       3
       5
       6
       6
       6
       1
       2
       3
       2
       4
       4
       3
       3
       8
       7
       5
       9
       7
       4
       1
       0
       3
       4
       3
       0
       3
       1
       5
       6
       1
       4
       5
       3
       9
       4
       6
       6
       6
       3
       6
       4
       3
       7
       6
       6
       5
       6
       4
       7
       6
       3
       3
       6
       5
       6
       4
       1
       1
       4
       2
       3
       5
       6
       1
       6
       4
       5
       6
       9
       5
       2
       1
       0
       0
       2
       4
       7
       7
       3
       4
       1
       3
       7
       4
       4
       3
       8
       5
       5
       5
       7
       5
       6
       4
       4
       5
       3
       7
       9
       5
       0
       5
       3
       3
       6
       3
       4
       5
       3
       4
       7
       4
       4
       5
       4
       2
       2
       7
       4
       1
       4
       1
       6
       3
       2
       5
       4
       6
       3
       3
       7
       4
       6
       5
       2
       5
       1
       6
       3
       7
       6
       5
       6
       4
       3
       4
       5
       3
       9
       5
       6
       7
       2
       8
       2
       5
       7
       3
       6
       2
       4
       7
       5
       4
       5
       3
       2
       4
       6
       8
       2
       2
       8
       9
       5
       4
       5
       9
       5
       6
       5
      10
      10
       9
       3
       1
       7
       4
       6
       7
       3
       6
       6
       5
       4
       8
       9
      10
       4
       5
       5
       9
       4
       1
       5
       5
       1
       6
       5
       4
       4
       6
      10
       4
       4
       8
       5
       7
       6
       8
      10
       4
       4
      11
      10
       7
       5
       6
       8
       8
      12
       7
       5
      10
       9
       6
       6
       7
      11
       5
       5
      13
       4
       8
       9
       7
       6
       8
       9
       7
       8
      11
       9
      12
       6
       6
       5
      10
       7
      16
       7
      10
      19
      13
       9
       9
       7
       7
      11
      11
      15
      13
      10
      14
      19
      14
      14
      10
       7
      13
      11
      10
      10
      13
      15
       9
       9
      11
      13
      18
      11
      15
      22
      20
      15
      13
      14
      15
      16
      14
      20
      13
      27
      22
      20
      19
      20
      14
      21
      20
      22
      14
      14
      23
      25
      20
      18
      21
      21
      13
      24
      14
      23
      26
      26
      20
      29
      32
      25
      30
      19
      20
      25
      32
      28
      21
      34
      30
      26
      33
      38
      39
      26
      26
      50
      26
      41
      28
      32
      40
      31
      30
      38
      36
      37
      36
      44
      44
      47
      49
      40
      42
      46
      35
      39
      39
      53
      43
      45
      59
      51
      39
      59
      49
      45
      45
      50
      62
      45
      69
      55
      49
      45
      52
      65
      55
      70
      48
      68
      58
      70
      72
      57
      82
      67
      78
      63
      80
      54
      66
      73
      86
      90
      76
      85
      66
      84
      90
      77
      90
      96
      88
      79
      92
      73
      79
      85
      86
      96
      90
      81
      91
      95
      97
     103
      91
      81
     115
      96
      95
     101
     106
      93
      89
      98
     100
     106
     111
      99
     109
     115
     121
     120
     118
     133
     109
     114
     106
     122
      98
     129
     121
     133
     126
     109
     121
     116
     125
     167
     108
     134
     155
     131
     126
     117
     121
     144
     142
     139
     119
     126
     146
     142
     153
     153
     145
     135
     137
     138
     145
     166
     142
     129
     131
     143
     143
     153
     158
     134
     141
     163
     133
     150
     169
     160
     169
     141
     148
     139
     162
     172
     145
     168
     172
     166
     155
     182
     199
     161
     141
     180
     164
     154
     169
     167
     192
     148
     172
     156
     191
     166
     158
     193
     163
     193
     188
     150
     174
     196
     175
     160
     161
     169
     166
     189
     169
     189
     187
     177
     168
     175
     172
     173
     177
     193
     158
     170
     162
     192
     193
     190
     154
     165
     178
     160
     162
     169
     153
     161
     174
     171
     176
     139
     196
     153
     155
     184
     157
     159
     162
     162
     157
     159
     165
     154
     157
     152
     170
     180
     175
     141
     144
     151
     151
     171
     153
     160
     146
     147
     182
     166
     139
     162
     139
     147
     132
     131
     149
     141
     136
     142
     136
     138
     143
     137
     137
     152
     128
     116
     142
     141
     111
     132
     122
     134
     114
     129
     112
     110
     133
     140
     117
     111
     102
     121
     118
      93
     114
     107
     100
     117
     111
     104
     104
     101
     100
     110
     109
      95
     105
     101
     101
      95
      87
      94
      98
      89
      94
      81
      86
      86
      89
      85
      82
      86
      80
      83
      71
      79
      86
      85
      84
      73
      80
      80
      76
      71
      82
      77
      68
      58
      65
      61
      59
      66
      77
      64
      74
      55
      51
      58
      60
      61
      65
      65
      64
      53
      57
      60
      40
      52
      49
      47
      55
      33
      52
      52
      50
      41
      45
      39
      39
      40
      44
      35
      44
      46
      39
      45
      45
      30
      30
      47
      38
      34
      39
      34
      35
      40
      33
      33
      40
      35
      33
      31
      25
      33
      23
      22
      32
      29
      23
      29
      36
      31
      31
      20
      16
      19
      28
      25
      30
      28
      19
      19
      21
      20
      18
      16
      24
      21
      11
      23
      15
      18
      18
      12
      19
      15
      11
      16
      13
      15
      13
      17
      13
      14
      15
      17
      13
       6
      15
       9
       7
      17
      11
      17
      14
      12
      14
      10
      10
      10
      11
      10
      11
       6
       8
      12
      13
       5
      11
       6
      10
       5
       5
       9
       5
       6
      14
       5
       1
       5
       7
       5
       6
       7
       3
       4
       6
       7
       6
       2
       5
       7
       9
       3
       5
       3
       3
       7
       1
       1
       2
       5
       8
       3
       3
       6
       5
       3
       4
       3
       3
       5
       5
       1
       2
       2
       3
       4
       5
       3
       4
       1
       1
       2
       3
       6
       1
       3
       2
       2
       0
       1
       2
       3
       4
       3
       0
       2
       3
       2
       4
       2
       0
       4
       1
       0
       3
       3
       0
       0
       1
       3
       2
       1
       1
       2
       1
       0
       0
       2
       2
       0
       4
       2
       0
       1
       2
       0
       0
       1
       0
       0
       3
       2
       1
       1
       4
       1
       0
       3
       0
       0
       1
       1
       2
       1
       2
       3
       0
       1
       1
       3
       1
       1
       0
       1
       0
       1
       0
       0
       2
       2
       3
       0
       0
       0
       0
       2
       0
       4
       0
       0
       1
       1
       1
       1
       1
       1
       2
       1
       0
       1
       0
       1
       1
       2
       0
       1
       0
       1
       1
       1
       1
       0
       0
       0
       2
       0
       0
       1
       0
       0
       1
       3
       1
       1
       0
       0
       1
       0
       2
       0
       2
       2
       0
       1
       0
       1
       2
       1
       0
       0
       0
       0
       0
       1
       0
       0
       0
       0
       1
       2
       2
       1
       1
       0
       0
       0
       0
       1
       0
       2
       1
       1
       2
       0
       1
       0
       0
       2
       1
       0
       0
       1
       0
       1
       0
       2
       0
       0
       2
       2
       1
       1
       2
       1
       1
       1
       0
       0
       0
       1
       1
       1
       2
       0
       1
       0
       2
       0
       2
       0
       1
       1
       1
       0
       0
       0
       0
       1
       0
       2
       1
       1
       0
       0
       1
       1
       0
       0
       1
       2
       1
       1
       0
       1
       1
       0
       1
       0
       0
       0
       2
       0
       1
       1
       1
       0
       0
       1
       0
       0
       1
       1
       2
       0
       0
       0
       0
       1
       1
       2
       1
       0
       0
       0
       0
       1
       1
       0
       2
       3
       1
       0
       0
       1
       0
       1
       0
       1
       0
       1
       2
       2
       2
       0
       1
       0
       1
       0
       0
       1
       1
       1
       0
       1
       1
       1
       2
       0
       1
       1
       0
       1
       0
       1
       2
       0
       1
       1
       2
       1
       0
       0
       0
       0
       2
       1
       0
       1
       1
       2
       0
       1
       0
       2
       0
       0
       0
       0
       1
       1
       2
       0
       0
       0
       1
       0
       0
       0
       0
       0
       1
       1
       0
       1
       2
       0
       0
       1
       0
       0
       0
       1
       1
       0
       1
       0
       0
       1
       0
       1
       1
       0
       1
       1
       0
       0
       0
       0
       1
       0
       0
       0
       1
       0
       2
       2
       1
       1
       0
       0
       3
       2
       0
       1
       0
       0
       1
       0
       0
       0
       0
       0
       0
       1
       0
       1
       1
       1
       0
       0
       1
       0
       0
       2
       0
       1
       1
       0
       0
       1
       0
       1
       1
       1
       0
       0
       0
       0
       0
       0
       0
       0
       0
       0
       0
       0
       0
       1
       4
       0
       0
       0
       0
       1
       1
       0
       0
       1
       0
       0
       1
       1
       1
       0
       1
       0
       0
       0
       1
       0
       0
       1
       0
       0
       0
       1
       0
       0
       0
       0
       0
       0
       3
       2
       0
       1
       0
       2
       0
       1
       0
       0
       1
       2
       0
       0
       0
       1
       0
       1
       0
       0
       0
       0
       1
       1
       0
       0
       1
       0
       0
       1
       1
       0
       0
       1
       0
       2
       0
       0
       0
       2
       0
       0
       0
       2
       0
       0
       1
       0
       1
       1
       1
       0
       2
       0
       1
       2
       2
       1
       0
       0
       0
       1
       0
       1
       0
       0
       1
       0
       1
       1
       0
       0
       0
       2
       1
       0
       0
       0
       0
       1
       0
       0
       2
       0
       0
       2
       1
       0
       0
       1
       1
       1
       0
       0
       1
       2
       0
       0
       0
       0
       0
       1
       0
       2
       1
       0
       0
       0
       0
       0
       0
       1
       1
       2
       1
       1
       1
       1
       1
       0
       0
       2
       0
       1
       0
       0
       0
       1
       1
       0
       0
       0
       0
       1
       2
       1
       0
       1
       0
       1
       2
       1
       0
       0
       0
       0
       0
       0
       0
       2
       0
       0
       0
       0
       0
       0
       0
       2
       1
       0
       1
       0
       0
       0
       0
       0
       0
       0
       1
       0
       0
       0
       0
       0
       0
       1
       0
       2
       1
       2
       0
       1
       1
       1
       1
       0
       0
       0
       0
       1
       0
       0
       0
       1
       0
       2
       0
       1
       2
       0
       1
       0
       1
       3
       0
       0
       0
       0
       0
       0
       0
       0
       0
       0
       0
       1
       0
       1
       0
       1
       0
       1
       0
       0
       0
       0
       0
       0
       0
       0
       0
       0
       0
       0
       0
       0
       0
       0
       0
       0
       0
       0
       0
       0
       0
       0
       0
       0
       0
       0
       0
       0
       0
       0
       0
       0
       0
       0
       0
       0
       0
       0
       0
       0
       0
       0
       0
       0
       0
       0
       0
       0
       0
       0
       0
       0
       0
       0
       0
       0
       0
       0
       0
       0
       0
       0
$ROI:
1
2768 3270
$PRESETS:
None
0
0
$ENER_FIT:
0.000000 0.218758
$MCA_CAL:
3
0.000000E+000 2.187579E-001 0.000000E+000 keV
$SHAPE_CAL:
3
2.249532E+002 0.000000E+000 0.000000E+000
