$SPEC_ID:
No sample description was entered.
$SPEC_REM:
DET# 2
DETDESC# PHY-0040-AA Easy-MCA-8k SN 21098639
AP# Maestro Version 7.01
$DATE_MEA:
02/10/2025 11:11:04
$MEAS_TIM:
146 157
$DATA:
0 4095
       0
       0
       0
       0
       0
       0
       3
       0
       1
       0
       2
       2
       0
       3
       5
       9
      10
      16
      24
      18
      24
      42
     103
     366
     731
    1382
    2185
    2569
    2462
    2125
    2140
    2078
    1859
    1715
    1524
    1387
    1273
    1072
    1063
     942
    1022
     912
     910
     912
     852
     723
     740
     754
     722
     742
     641
     716
     697
     708
     708
     651
     687
     654
     639
     672
     646
     649
     681
     678
     652
     664
     654
     637
     621
     673
     640
     638
     690
     618
     606
     678
     637
     615
     598
     642
     606
     658
     589
     630
     642
     631
     622
     636
     619
     633
     608
     609
     617
     624
     619
     627
     604
     617
     613
     627
     598
     619
     609
     638
     641
     645
     638
     561
     630
     577
     579
     641
     584
     628
     576
     574
     592
     579
     601
     606
     580
     608
     591
     616
     613
     616
     605
     594
     582
     627
     595
     568
     593
     576
     557
     625
     573
     602
     580
     614
     580
     558
     627
     583
     587
     572
     582
     565
     586
     527
     547
     570
     595
     592
     556
     586
     546
     552
     568
     611
     555
     575
     561
     567
     619
     557
     565
     573
     570
     580
     580
     565
     541
     597
     623
     551
     592
     557
     566
     560
     542
     517
     590
     555
     579
     545
     514
     564
     592
     559
     560
     613
     554
     512
     581
     577
     567
     528
     543
     527
     582
     604
     575
     540
     548
     568
     557
     566
     556
     596
     560
     560
     565
     612
     567
     580
     540
     533
     549
     554
     535
     582
     538
     560
     548
     511
     544
     491
     526
     574
     544
     540
     525
     543
     535
     524
     521
     537
     524
     572
     530
     551
     523
     562
     524
     521
     516
     510
     480
     503
     505
     513
     521
     560
     503
     497
     549
     544
     534
     553
     485
     510
     548
     571
     515
     524
     566
     495
     541
     529
     553
     516
     468
     502
     539
     535
     482
     535
     513
     556
     491
     468
     524
     538
     520
     462
     494
     493
     546
     533
     514
     531
     527
     543
     496
     564
     519
     528
     525
     505
     500
     516
     508
     508
     553
     516
     550
     495
     536
     510
     492
     537
     547
     509
     524
     547
     531
     517
     499
     519
     556
     500
     488
     517
     512
     500
     554
     522
     514
     506
     487
     573
     512
     533
     538
     514
     542
     474
     504
     472
     518
     535
     537
     535
     533
     515
     491
     489
     541
     545
     514
     461
     543
     518
     490
     514
     545
     494
     514
     538
     532
     492
     478
     530
     514
     497
     513
     503
     490
     510
     527
     472
     520
     516
     523
     546
     515
     485
     502
     539
     513
     488
     527
     503
     476
     488
     516
     503
     536
     475
     548
     489
     531
     508
     521
     535
     499
     554
     503
     541
     536
     535
     496
     528
     547
     552
     460
     548
     517
     505
     475
     522
     554
     535
     521
     544
     519
     501
     534
     513
     529
     523
     524
     522
     535
     485
     524
     560
     538
     519
     533
     515
     549
     503
     515
     532
     517
     522
     548
     558
     530
     531
     536
     556
     544
     549
     611
     545
     545
     557
     555
     581
     517
     598
     564
     519
     530
     519
     518
     570
     546
     562
     585
     616
     553
     637
     619
     555
     622
     569
     577
     622
     593
     611
     626
     634
     636
     620
     661
     589
     628
     645
     632
     657
     624
     627
     633
     653
     674
     662
     673
     645
     604
     670
     679
     640
     643
     666
     673
     688
     700
     649
     651
     674
     642
     665
     659
     667
     660
     657
     649
     649
     664
     675
     657
     631
     679
     634
     706
     688
     686
     665
     647
     665
     625
     658
     650
     624
     573
     609
     648
     664
     626
     643
     665
     618
     590
     610
     618
     607
     601
     630
     605
     607
     635
     672
     642
     604
     628
     602
     618
     638
     599
     622
     615
     626
     606
     637
     657
     596
     623
     669
     640
     588
     617
     600
     671
     601
     589
     578
     604
     615
     590
     593
     634
     627
     610
     606
     624
     623
     606
     605
     640
     584
     626
     565
     548
     559
     596
     544
     605
     612
     581
     616
     607
     619
     598
     576
     560
     565
     627
     622
     582
     580
     591
     599
     590
     592
     579
     588
     576
     565
     561
     589
     599
     575
     576
     589
     569
     607
     587
     558
     573
     558
     556
     548
     536
     572
     588
     569
     547
     559
     546
     593
     576
     592
     566
     510
     575
     561
     528
     580
     558
     568
     601
     543
     550
     522
     553
     558
     533
     543
     540
     552
     574
     569
     560
     539
     534
     517
     544
     551
     553
     545
     530
     480
     591
     524
     535
     574
     516
     562
     536
     537
     493
     547
     569
     506
     530
     500
     526
     541
     551
     516
     508
     509
     558
     536
     500
     536
     540
     539
     580
     557
     532
     546
     494
     485
     554
     530
     520
     509
     520
     482
     527
     547
     517
     517
     554
     519
     497
     542
     536
     521
     535
     564
     487
     483
     470
     593
     502
     499
     522
     500
     518
     560
     484
     521
     513
     471
     483
     518
     478
     489
     515
     499
     526
     503
     509
     491
     504
     520
     513
     497
     499
     499
     482
     501
     507
     471
     519
     510
     523
     479
     515
     528
     508
     492
     451
     524
     448
     534
     464
     488
     498
     475
     494
     487
     472
     533
     480
     479
     486
     508
     463
     488
     548
     457
     494
     525
     530
     479
     493
     515
     471
     500
     501
     500
     506
     486
     480
     465
     497
     521
     477
     473
     501
     489
     480
     495
     491
     502
     491
     458
     478
     490
     489
     495
     490
     493
     461
     511
     495
     507
     470
     515
     482
     504
     512
     535
     486
     515
     517
     503
     483
     480
     483
     488
     490
     473
     519
     506
     493
     489
     494
     507
     518
     521
     521
     495
     482
     492
     515
     488
     456
     497
     493
     456
     517
     494
     495
     503
     476
     497
     496
     494
     436
     480
     489
     477
     519
     498
     478
     467
     498
     468
     482
     479
     483
     464
     482
     472
     443
     476
     456
     432
     438
     458
     490
     453
     422
     451
     441
     407
     399
     435
     419
     408
     404
     433
     426
     405
     390
     461
     406
     408
     402
     412
     394
     386
     381
     405
     357
     406
     401
     402
     362
     365
     367
     356
     357
     353
     360
     352
     358
     361
     358
     341
     346
     374
     285
     303
     339
     316
     313
     310
     308
     323
     287
     330
     321
     325
     299
     284
     318
     309
     289
     259
     268
     269
     274
     300
     274
     268
     253
     255
     266
     261
     241
     253
     250
     280
     263
     260
     289
     258
     258
     231
     242
     250
     234
     231
     249
     238
     231
     236
     254
     220
     195
     255
     230
     216
     233
     237
     235
     257
     230
     218
     208
     220
     206
     211
     186
     200
     179
     205
     199
     223
     220
     219
     216
     235
     184
     188
     200
     222
     212
     200
     200
     209
     198
     178
     177
     168
     196
     204
     181
     170
     204
     210
     176
     179
     189
     188
     172
     226
     184
     192
     178
     170
     161
     175
     184
     171
     189
     176
     174
     161
     166
     207
     162
     174
     184
     189
     167
     166
     181
     169
     191
     160
     193
     140
     174
     171
     163
     182
     161
     178
     171
     178
     154
     156
     162
     166
     160
     150
     168
     168
     158
     150
     166
     152
     176
     133
     168
     166
     158
     134
     166
     179
     143
     157
     157
     173
     137
     154
     175
     159
     157
     179
     155
     151
     126
     152
     186
     185
     160
     146
     174
     154
     155
     162
     138
     151
     146
     148
     166
     155
     168
     164
     136
     160
     150
     150
     130
     143
     172
     147
     134
     143
     165
     140
     137
     140
     150
     147
     165
     140
     175
     156
     147
     136
     136
     166
     156
     147
     150
     157
     136
     168
     165
     152
     151
     176
     161
     175
     166
     160
     149
     151
     140
     157
     168
     158
     143
     159
     144
     167
     159
     151
     155
     159
     158
     154
     145
     137
     159
     154
     149
     142
     165
     140
     138
     149
     147
     141
     162
     174
     147
     140
     155
     147
     142
     155
     143
     175
     152
     131
     145
     153
     154
     171
     161
     169
     165
     156
     154
     183
     146
     159
     168
     157
     158
     158
     157
     167
     149
     176
     185
     168
     163
     173
     194
     187
     194
     157
     176
     168
     189
     189
     220
     200
     193
     193
     212
     202
     231
     188
     187
     219
     215
     216
     236
     230
     231
     231
     215
     259
     249
     248
     229
     271
     281
     280
     258
     246
     284
     243
     276
     286
     289
     304
     312
     330
     326
     353
     360
     339
     359
     382
     389
     375
     414
     452
     407
     443
     462
     473
     429
     460
     455
     468
     518
     480
     556
     574
     620
     572
     594
     652
     632
     650
     656
     680
     678
     737
     792
     750
     792
     838
     830
     872
     861
     906
     918
     924
    1014
     969
    1062
    1076
    1063
    1104
    1161
    1238
    1193
    1267
    1255
    1292
    1301
    1370
    1302
    1340
    1490
    1569
    1533
    1627
    1571
    1644
    1601
    1667
    1765
    1766
    1834
    1883
    1862
    1958
    1964
    2022
    2077
    2120
    2074
    2206
    2193
    2283
    2304
    2298
    2402
    2414
    2354
    2474
    2548
    2414
    2554
    2545
    2620
    2574
    2665
    2575
    2871
    2829
    2843
    2862
    2843
    2794
    3025
    2822
    2895
    2999
    2931
    3042
    2969
    3120
    3041
    3098
    3099
    3149
    3261
    3265
    3216
    3259
    3266
    3187
    3269
    3265
    3287
    3343
    3223
    3126
    3263
    3278
    3396
    3172
    3258
    3330
    3218
    3281
    3278
    3318
    3233
    3232
    3229
    3198
    3277
    3149
    3151
    3153
    3108
    3099
    3016
    3047
    2990
    2963
    3014
    3031
    2931
    2831
    2870
    2892
    2881
    2794
    2644
    2736
    2674
    2563
    2612
    2639
    2500
    2412
    2500
    2389
    2410
    2376
    2255
    2283
    2112
    2185
    2125
    2110
    2048
    2017
    1939
    1945
    1919
    1869
    1880
    1815
    1851
    1749
    1793
    1581
    1615
    1651
    1593
    1526
    1507
    1432
    1383
    1373
    1368
    1303
    1272
    1272
    1201
    1173
    1257
    1157
    1063
    1062
    1018
     989
     998
     941
     954
     882
     844
     830
     818
     801
     785
     756
     697
     681
     664
     661
     633
     684
     610
     653
     580
     557
     484
     519
     484
     497
     449
     467
     437
     431
     394
     440
     378
     376
     400
     398
     371
     367
     341
     326
     321
     351
     291
     276
     249
     271
     279
     253
     243
     234
     217
     230
     238
     203
     213
     231
     212
     213
     168
     208
     197
     195
     183
     166
     216
     183
     166
     171
     164
     173
     181
     151
     179
     162
     137
     158
     154
     114
     141
     159
     150
     150
     161
     150
     161
     137
     156
     148
     114
     150
     142
     132
     128
     118
     107
     139
     133
     126
     119
     123
     115
     143
     121
     118
     139
     130
     116
     128
     109
     124
     136
     119
     113
     117
     118
     127
     119
     131
     124
     133
     116
     119
     130
     115
     124
     115
     129
     125
     108
     116
     137
     128
     110
     108
     108
     117
     118
     117
     131
      97
     117
     125
     118
     133
     128
     111
     118
     140
     116
     111
     116
     130
     113
     118
     140
     102
     120
     129
     110
     113
     125
     105
     119
      86
      95
     110
     108
     121
     111
      94
     112
     123
     108
     107
     122
     114
     111
     112
     116
     107
     114
     121
     116
     108
     102
     116
     120
      95
     116
     111
     110
     124
     122
     104
     111
     109
     109
     110
      96
      91
     126
     113
     115
      96
     107
     122
     116
     108
     116
     100
     117
     123
      94
     108
     112
     121
     118
     131
     108
     109
     106
      89
     101
     103
     109
      84
      92
     111
      90
     104
     114
     104
      99
      98
     111
      97
     100
     102
     113
     119
     114
     107
     105
     102
     109
     115
     108
     111
     103
      98
     135
     107
     113
     121
     108
     101
      97
     123
     119
     104
     141
      93
     116
     119
     107
     111
      95
     109
     120
     109
     101
      95
     124
     114
     105
     114
     105
     109
     114
     104
     130
     112
     114
      96
     116
     101
     115
     107
     125
      93
      97
      99
     114
     122
     115
     118
     118
     140
     118
     125
      93
     125
     112
      96
     111
      93
     114
      95
      95
     110
     138
     120
     105
      95
     103
     128
     102
     122
     127
     130
     104
     130
     117
     109
     107
     143
     120
     111
     107
     130
     106
     103
     128
     125
     115
     103
     101
     138
     129
     131
     144
      98
     103
     130
     125
     105
      94
     125
     123
     130
     100
     124
     112
      95
     117
     106
     109
     120
     115
     112
     127
     124
     116
      99
     120
     109
     118
     133
      85
     127
     115
     134
     116
     122
     121
     103
     130
     105
     105
     119
     128
     126
     143
     116
     118
     129
     126
     119
     127
     121
     121
     119
     106
     123
     112
     107
     106
     147
     117
     127
     121
     104
     128
     123
     119
     124
     132
     130
     109
     136
     116
     121
     112
     123
     122
     107
     127
     134
     145
     131
     133
     126
     133
     122
     127
     127
     120
     125
     138
     136
     115
     120
     134
     132
     143
     120
     105
     148
     121
     114
     134
     135
     127
     123
     131
     127
     131
     120
      99
     135
     126
     145
     126
     112
     119
     132
     117
     128
     135
     108
     116
     135
     122
     127
     117
     130
     117
     128
     118
     130
     123
     130
     118
     117
     112
     129
     111
     107
     120
     145
      95
     119
     130
      99
     128
     140
     120
     117
     120
     131
     127
     113
     107
     126
     106
     123
     120
     117
     121
     114
     112
     130
     107
     132
     104
     131
     133
     112
     115
     122
     132
     108
     137
     120
     133
     110
     127
     105
     124
     131
     104
     124
     104
     130
     124
     112
     113
     109
     125
     103
     106
     102
     126
     114
     117
     118
     141
     124
     112
     115
     120
     113
     117
     113
     127
     117
     111
     126
     126
     116
      99
     119
     111
     107
     123
     100
     113
     106
     109
     118
     115
     126
     109
     126
     132
     110
     106
     110
      97
     119
     114
     115
     119
     111
      95
     129
     128
     107
     137
     136
     115
     116
     108
     125
     108
     115
     121
     103
     121
     107
     124
     124
     127
     108
     124
     105
     109
     110
     114
     119
     116
     100
     108
     114
     126
     119
     104
     129
     114
     134
     103
      97
     113
     128
     125
     118
      87
      87
     126
      90
     111
     123
     112
     121
     106
     114
     101
      92
     117
     122
     100
     110
     121
     112
     100
     120
     119
     121
     130
     132
      98
     106
     111
      97
     117
      97
     129
     107
     122
     101
     108
     114
     110
     111
     106
     114
      99
     104
      99
     125
      86
     111
      90
      84
     120
     129
     128
     117
     101
     119
     114
     112
     113
      99
     117
      96
      93
     124
     117
      96
      76
     105
     129
      90
     105
     110
     116
      92
     111
      99
     117
     106
     125
     100
     105
      99
     120
     105
     120
      99
     111
     107
     100
     107
     111
      91
     124
     106
      89
     117
     110
     109
     113
     112
      92
     112
     101
     116
     115
     118
      90
     114
     123
     100
     112
     123
     108
     112
      94
     109
     103
      99
     122
      94
     129
      95
     100
     126
      97
     115
      90
     117
      93
     115
     102
     116
     102
      97
     103
     111
     103
     103
     102
     102
     106
     109
     116
     127
     116
     113
     104
     101
     100
     123
     104
     105
     113
      98
     133
     121
     107
     112
      80
     121
      93
     108
     103
     102
      99
     114
     109
     107
     122
     133
      89
     109
     109
     104
     140
     111
     118
     113
     103
     114
     104
      94
     129
      95
     135
     115
     128
      99
     105
     107
     106
     115
     113
      96
      95
     126
     105
     107
     106
     115
     128
     105
     128
     111
      99
     102
      98
     103
     114
     105
      98
      93
     128
     112
     101
     104
     110
     117
     117
      94
     101
     103
     105
     112
     107
      98
      96
     116
     127
     112
     106
     102
     102
     124
      98
     108
     103
     100
     102
     107
      99
     135
     120
     115
     106
     108
     117
     105
     101
     108
     106
      87
     109
      92
     117
     100
     113
     101
     115
     103
     105
     111
     105
      89
     104
     126
     110
      87
     126
     109
      84
     106
     122
     102
     115
     114
     101
     113
     126
     102
     107
     115
     101
     105
     128
     120
     107
      96
     115
     117
      89
     123
     106
      89
     113
     112
     101
     106
     122
     109
     106
     132
     105
     121
     121
      90
     103
     106
      94
     112
     102
      91
     114
     116
     105
     120
     119
     106
     114
      99
     115
      99
     101
     101
     130
     123
     106
     116
     110
     123
     115
     116
     122
     101
     114
     119
     108
     134
     122
     107
     112
     117
     111
      97
      96
     103
     123
     112
     106
      98
     110
     110
      95
     103
     119
      96
     114
     125
     102
     115
     114
     106
     116
     120
     105
     100
      96
     114
     108
     125
     100
     116
     125
     119
      96
     126
     115
     104
     126
     117
     128
     110
     123
      98
     115
     107
      97
     128
     115
     120
      98
     103
     115
     114
     114
     114
     121
      96
     109
     109
     104
     101
      96
     106
     112
     125
     125
     101
     118
     112
     110
      99
     125
     123
     117
      90
     133
     100
     114
      93
     124
     112
     119
     115
     142
     133
     114
     144
      98
     133
      99
     116
     123
     112
     106
     115
     128
     114
     107
     127
     118
     121
     110
     130
      97
     131
     119
     128
     109
     118
     123
     110
     118
      96
     116
     128
     123
     100
     109
     126
     110
     101
     108
     123
     117
     117
     124
     112
     127
     123
     126
     103
     115
     126
     108
     116
     114
     120
     107
     123
     106
     107
     104
     120
     121
     126
     103
     120
     123
     149
     120
     114
     125
     107
     107
     116
     134
     107
     114
     117
     130
     124
     110
     114
     133
      97
     132
     126
      98
     101
     118
     129
     105
     124
      94
     113
     124
     125
     108
     120
     101
     113
     130
     115
     129
     115
     113
     122
     133
     115
     111
      96
     139
     106
     115
     131
     113
     124
      98
     142
     121
     127
     128
     122
     117
     127
     125
     111
     117
     103
     115
     126
     112
     138
     121
     129
     115
     132
     108
     129
     120
     127
     123
     111
     108
     107
     110
      96
     108
     114
     133
     111
     123
     126
     142
     129
     127
     120
     120
     103
     132
      97
     106
     125
     117
     136
     119
     133
     126
     113
     109
     131
     126
      92
     115
     111
     120
     119
     104
     115
     106
     130
     132
     100
     120
     120
     114
     122
     132
     132
     118
     108
     107
     105
     113
     119
     117
     126
     113
     114
     116
     123
     102
     106
     122
     115
     105
     116
     115
     113
     123
     130
     116
     105
     121
     105
     102
      99
     126
     113
     114
     101
     100
     109
     119
     115
      95
     123
     106
      99
     110
     100
      89
      98
      93
     103
     118
     105
     103
     109
     107
      93
      86
      97
      93
     107
      91
      92
     112
      89
      97
      94
     106
     105
     102
     101
      91
     102
      87
      93
      99
     101
      85
      82
     108
     100
     100
      91
      89
      93
      94
      78
      88
     106
     100
      85
      83
     118
      76
      77
      85
      90
     101
      82
      95
      79
      95
      77
      92
      93
      74
      68
      79
      62
      76
      67
      85
      94
      94
      68
      77
      75
      90
      84
      79
      82
      91
      71
      83
      82
      82
      77
      72
      82
      83
      78
      70
      64
      58
      78
      70
      58
      79
      74
      65
      74
      70
      72
      89
      72
      73
      70
      86
      71
      53
      60
      94
      62
      79
      52
      70
      53
      62
      56
      69
      59
      69
      65
      63
      65
      72
      58
      59
      68
      81
      75
      50
      79
      63
      58
      58
      52
      55
      61
      60
      56
      50
      50
      79
      52
      71
      59
      73
      50
      45
      67
      71
      64
      57
      51
      52
      41
      65
      47
      57
      60
      31
      61
      56
      54
      56
      52
      57
      65
      55
      45
      56
      56
      54
      47
      50
      73
      61
      53
      52
      47
      46
      43
      39
      58
      53
      49
      50
      54
      46
      57
      47
      37
      51
      47
      50
      49
      48
      37
      55
      47
      55
      42
      59
      47
      42
      44
      45
      50
      48
      59
      51
      43
      43
      35
      40
      32
      37
      44
      50
      39
      45
      50
      45
      55
      66
      62
      46
      50
      53
      52
      39
      35
      54
      48
      46
      36
      41
      35
      42
      42
      43
      58
      38
      54
      56
      36
      49
      42
      63
      47
      51
      51
      51
      39
      44
      41
      50
      46
      47
      50
      44
      48
      51
      41
      44
      50
      33
      37
      40
      48
      44
      42
      50
      44
      45
      41
      39
      46
      38
      38
      54
      45
      47
      40
      48
      33
      43
      28
      35
      41
      44
      60
      41
      49
      31
      42
      53
      32
      51
      33
      45
      48
      46
      57
      52
      34
      39
      31
      40
      40
      55
      41
      44
      46
      46
      47
      54
      50
      44
      40
      41
      49
      39
      32
      51
      35
      42
      54
      49
      55
      48
      38
      40
      42
      45
      46
      50
      38
      42
      52
      45
      52
      40
      46
      48
      47
      46
      40
      45
      46
      46
      40
      54
      62
      45
      41
      43
      40
      55
      59
      41
      57
      47
      56
      36
      59
      37
      67
      45
      69
      43
      58
      46
      55
      41
      45
      52
      51
      52
      55
      54
      56
      60
      51
      43
      57
      62
      57
      43
      71
      60
      58
      47
      56
      54
      55
      45
      60
      77
      44
      72
      62
      63
      68
      69
      70
      64
      71
      63
      70
      61
      77
      69
      69
      78
      92
      64
      60
      58
      67
      93
      76
      71
      80
      86
      69
      93
      69
      84
      85
      79
      89
      85
      76
      80
      78
      92
      96
     119
      88
     106
      96
     105
      89
      94
     101
     102
     111
     117
     102
      92
     104
     106
     108
     127
     106
     109
     111
     113
     104
     107
     130
     121
     109
     128
     120
     114
     132
     141
     149
     136
     129
     161
     140
     144
     123
     145
     125
     149
     145
     161
     139
     189
     109
     152
     161
     155
     150
     143
     162
     168
     155
     166
     178
     182
     161
     179
     157
     157
     158
     204
     174
     152
     192
     207
     203
     189
     223
     208
     189
     177
     243
     219
     237
     225
     226
     221
     228
     237
     214
     233
     226
     248
     217
     249
     223
     238
     239
     237
     235
     242
     238
     277
     237
     251
     248
     269
     257
     256
     283
     265
     246
     262
     272
     273
     265
     263
     298
     298
     282
     289
     275
     289
     296
     295
     285
     292
     309
     301
     314
     279
     339
     299
     323
     306
     271
     302
     315
     316
     311
     307
     318
     319
     338
     317
     356
     299
     313
     305
     346
     312
     340
     344
     275
     345
     306
     317
     335
     343
     337
     322
     313
     349
     317
     337
     307
     325
     297
     324
     309
     310
     335
     313
     319
     318
     310
     319
     301
     298
     366
     328
     314
     307
     317
     329
     311
     309
     307
     330
     298
     346
     294
     329
     331
     325
     291
     288
     307
     348
     308
     303
     337
     293
     306
     315
     277
     285
     289
     296
     249
     285
     305
     297
     283
     263
     277
     264
     284
     275
     268
     296
     291
     264
     275
     257
     275
     268
     252
     239
     256
     277
     233
     224
     257
     247
     231
     221
     261
     228
     249
     252
     248
     235
     233
     226
     241
     221
     204
     220
     191
     229
     242
     208
     218
     211
     194
     223
     212
     200
     204
     189
     183
     201
     198
     185
     208
     191
     187
     186
     173
     174
     174
     176
     175
     189
     170
     166
     175
     170
     174
     176
     153
     156
     152
     167
     167
     132
     143
     162
     173
     135
     150
     148
     144
     123
     146
     120
     146
     127
     135
     150
     121
     118
     118
     120
     106
     127
     124
     126
     105
     115
     121
     111
      90
     101
      92
     121
     101
     103
     113
      88
      95
      99
      94
     108
     104
      96
      89
      99
      91
      82
      86
     104
      92
      96
      99
      92
      97
      86
      71
      85
      74
      80
      73
      84
      79
      76
      75
      84
      68
      77
      97
      69
      66
      76
      79
      75
      69
      65
      71
      68
      68
      65
      68
      66
      61
      74
      58
      57
      73
      68
      61
      52
      62
      59
      59
      56
      52
      65
      57
      51
      56
      48
      53
      59
      58
      65
      42
      43
      59
      48
      56
      52
      52
      48
      51
      43
      49
      61
      56
      41
      72
      47
      59
      46
      42
      44
      47
      39
      53
      44
      47
      50
      45
      58
      37
      53
      52
      46
      38
      50
      44
      46
      44
      48
      28
      43
      46
      55
      40
      45
      38
      49
      36
      47
      55
      40
      36
      43
      48
      43
      45
      60
      39
      43
      39
      39
      42
      48
      36
      42
      36
      44
      43
      40
      43
      49
      36
      35
      42
      41
      39
      39
      44
      40
      36
      39
      44
      36
      49
      46
      37
      40
      42
      35
      37
      29
      51
      37
      39
      38
      49
      48
      44
      43
      30
      43
      41
      37
      43
      30
      44
      39
      42
      41
      42
      42
      35
      50
      37
      31
      45
      44
      32
      49
      44
      34
      44
      45
      38
      35
      46
      47
      43
      36
      32
      34
      41
      41
      40
      53
      40
      44
      42
      48
      30
      43
      41
      42
      34
      37
      28
      48
      39
      47
      35
      42
      40
      38
      35
      37
      38
      42
      37
      44
      31
      26
      40
      26
      40
      36
      38
      42
      35
      29
      46
      37
      34
      38
      35
      32
      42
      45
      38
      30
      32
      35
      32
      35
      45
      37
      41
      27
      36
      52
      35
      34
      46
      30
      45
      44
      35
      33
      37
      40
      37
      33
      33
      39
      32
      33
      32
      31
      30
      34
      43
      48
      43
      43
      23
      33
      41
      42
      36
      35
      53
      37
      36
      32
      30
      42
      42
      35
      41
      45
      35
      40
      36
      38
      37
      42
      42
      38
      36
      35
      40
      43
      40
      39
      34
      36
      46
      32
      34
      35
      34
      30
      26
      34
      44
      37
      33
      29
      41
      32
      37
      28
      50
      35
      37
      27
      43
      47
      31
      38
      47
      34
      28
      39
      33
      27
      36
      41
      37
      44
      23
      35
      31
      38
      37
      34
      33
      26
      45
      33
      39
      47
      34
      45
      42
      36
      34
      49
      50
      39
      41
      43
      28
      33
      41
      34
      35
      45
      47
      36
      46
      39
      36
      38
      39
      34
      41
      27
      40
      40
      40
      28
      39
      27
      34
      33
      35
      23
      41
      35
      38
      44
      31
      34
      39
      37
      41
      40
      25
      30
      28
      42
      49
      26
      27
      41
      44
      36
      44
      35
      42
      41
      33
      34
      36
      42
      33
      32
      44
      37
      40
      36
      38
      41
      35
      34
      27
      35
      39
      40
      38
      36
      37
      44
      39
      43
      28
      33
      39
      31
      42
      22
      48
      50
      38
      32
      34
      38
      37
      32
      29
      46
      32
      38
      37
      30
      37
      44
      35
      44
      30
      33
      34
      37
      40
      30
      29
      38
      36
      31
      38
      41
      30
      38
      40
      30
      29
      32
      22
      34
      30
      52
      46
      47
      29
      38
      36
      45
      35
      25
      43
      30
      48
      39
      39
      37
      40
      25
      23
      35
      39
      25
      24
      39
      32
      47
      38
      37
      28
      34
      26
      28
      35
      43
      42
      34
      29
      39
      34
      38
      51
      25
      37
      38
      27
      34
      35
      26
      28
      24
      31
      34
      35
      33
      32
      32
      35
      33
      41
      29
      35
      26
      23
      27
      28
      25
      40
      38
      23
      40
      28
      48
      36
      31
      25
      26
      22
      33
      33
      33
      25
      33
      29
      33
      25
      29
      28
      35
      41
       0
       0
       0
       0
       0
       0
       0
       0
       0
       0
       0
       0
       0
       0
       0
       0
       0
       0
       0
       0
       0
       0
       0
       0
       0
       0
       0
       0
       0
       0
       0
       0
       0
       0
       0
       0
       0
       0
       0
       0
       0
       0
       0
       0
       0
       0
       0
       0
       0
       0
       0
       0
       0
       0
       0
       0
       0
       0
       0
       0
       0
       0
       0
       0
$ROI:
5
244 305
318 431
1650 1934
2919 3202
3337 3615
$PRESETS:
None
0
0
$ENER_FIT:
0.000000 0.369853
$MCA_CAL:
3
0.000000E+000 3.698526E-001 0.000000E+000 keV
$SHAPE_CAL:
3
1.330430E+002 0.000000E+000 0.000000E+000
