$SPEC_ID:
No sample description was entered.
$SPEC_REM:
DET# 2
DETDESC# PHY-0040-AA Easy-MCA-8k SN 21098639
AP# Maestro Version 7.01
$DATE_MEA:
02/10/2025 11:36:48
$MEAS_TIM:
301 302
$DATA:
0 4095
       0
       0
       0
       0
       0
       0
       0
       0
       0
       0
       0
       0
       0
       1
       2
       1
       0
       2
      86
     157
     126
     128
     120
     126
     123
      99
      97
     117
     116
     103
     176
     173
     187
     159
     164
     137
     113
      92
      73
      80
      86
      92
      97
      86
     139
     165
     239
     291
     361
     412
     526
     543
     509
     421
     370
     290
     232
     155
     124
      83
      90
      65
      73
      44
      61
      43
      64
      49
      59
      50
      66
      51
      54
      45
      64
      74
      66
      67
      77
      81
      72
      71
      68
      75
      84
      70
      75
      79
      73
      78
      63
      65
      74
      71
      68
      78
      83
      71
      70
      71
      71
      76
      68
      57
      63
      60
      73
      62
      67
      62
      68
      62
      56
      59
      69
      67
      67
      61
      62
      60
      58
      53
      77
      64
      62
      59
      78
      66
      69
      66
      67
      70
      66
      53
      69
      75
      73
      81
      63
      71
      65
      55
      69
      52
      63
      60
      67
      73
      73
      68
      85
      84
      78
      74
      74
      58
      70
      80
      72
      71
      73
      76
      76
      75
      72
      78
      73
      74
      75
      85
      67
      77
      86
      90
      68
      84
      93
      69
      88
      74
      90
      91
      69
      85
      94
      92
      74
     100
      97
      95
      82
     109
      85
      86
      72
      77
      84
     109
      77
      87
      92
      97
     101
      90
      97
      89
      99
     102
      98
     108
     114
      97
     115
      90
     106
     117
      93
     127
      86
     105
     105
      97
     107
     136
      92
     107
     122
      90
      95
      88
     106
     105
     122
     102
     112
     129
     103
     100
     116
     121
      93
     112
     116
     106
     124
     118
     107
     126
     133
     125
     125
      97
     124
     126
     106
     117
     132
     104
     130
      99
     105
     114
     113
     122
     114
     104
     120
     116
     121
     115
     120
     108
     120
     127
     110
     130
     116
     125
      95
     109
     111
      99
     119
     114
     129
     128
     114
     138
     136
     129
     117
     121
     116
     110
     136
     104
     119
     115
     127
     108
     107
     108
     116
     125
     121
     129
     135
     100
     111
     116
     116
     125
     114
     142
     133
     128
     127
     118
     137
     121
     123
     125
     114
     111
     133
     121
     114
     142
     119
     128
     126
     133
     139
     128
     112
     100
     107
     136
     122
     117
     117
     113
     118
     129
     111
      97
     148
     113
     112
     147
     130
     116
     132
     118
     110
     114
     131
     108
     118
     114
     110
     127
     112
     121
     108
     127
     123
      98
     111
     120
     110
     120
     113
     112
     126
     138
     119
     143
     131
     121
     108
     131
     135
     110
     110
     127
     136
     119
     105
     107
     113
     104
     116
     118
     118
     114
      99
     127
     113
     139
     105
     113
     113
     129
     108
     130
     112
     113
     129
     118
     125
     114
     113
     129
     124
     122
     114
     109
     123
     107
     121
     100
     111
     116
     107
     118
     121
     110
     128
     113
     119
     136
     115
     106
     123
     111
     125
     123
     135
     112
     118
     133
     108
      97
     131
     117
     120
     141
     126
     124
     113
     133
     130
     128
     120
     138
     115
     104
     126
     143
     143
     123
     132
     147
     106
     125
     129
     120
     116
     118
     133
     120
     157
     142
     159
     139
     137
     132
     117
     146
     135
     131
     154
     148
     129
     123
     167
     151
     137
     143
     136
     130
     138
     126
     133
     149
     130
     135
     152
     140
     120
     127
     149
     143
     128
     140
     132
     125
     128
     149
     125
     125
     146
     129
     137
     129
     136
     137
     129
     107
     121
     121
     122
     143
     134
     117
     123
     151
     133
     132
     130
     116
     126
     125
     124
     105
     104
     123
     108
     123
     128
     115
      94
     113
     116
     125
     126
     111
     102
     111
     122
     122
      90
     107
     106
     101
     124
     109
     110
     116
     116
     122
     115
      98
     111
     102
     129
     110
     111
     102
     108
     102
      81
     104
     105
      91
      99
     103
     101
     101
     102
      84
     109
     109
      99
      99
     101
     111
     106
     103
     102
      93
     101
      97
     116
     105
      89
      94
      85
     102
     109
     107
      84
      98
     106
      91
      90
     103
      83
      92
      96
     120
     116
      97
     101
      98
      96
     105
     101
      93
      87
      92
      88
      88
     101
      88
      87
     129
      85
      90
      93
     101
      86
      97
      92
      87
      84
      82
      90
      94
      90
      91
      88
      96
      90
     103
      87
      93
      81
      84
      97
      80
      94
      92
      95
      87
      89
     100
      88
      74
      88
      87
      93
      69
      82
      85
      77
      77
      92
      81
      92
      93
      75
      97
      81
      89
      92
      95
      65
      81
     103
      83
      69
      94
      88
      82
      80
      87
      76
      87
      82
      73
      71
     102
      90
      83
      89
      89
      82
     105
      74
      75
      84
      83
      85
      62
      77
      74
      85
      68
      92
      68
      87
      74
      88
      90
      68
      72
      63
      69
      87
      74
      96
      66
      80
      85
      72
      72
      74
      68
      68
      65
      64
      69
      74
      68
      59
      64
      85
      88
      68
      73
      57
      80
      77
      66
      74
      70
      67
      77
      62
      73
      61
      80
      75
      76
      70
      67
      82
      75
      73
      67
      72
      74
      71
      78
      66
      57
      58
      67
      71
      65
      68
      87
      68
      60
      70
      65
      68
      71
      50
      57
      70
      46
      55
      70
      63
      64
      62
      74
      54
      71
      48
      70
      68
      57
      77
      65
      61
      54
      57
      63
      69
      64
      63
      62
      61
      63
      64
      73
      66
      53
      59
      62
      70
      55
      60
      66
      80
      53
      58
      52
      66
      79
      52
      69
      68
      59
      65
      70
      69
      57
      80
      62
      63
      67
      59
      65
      56
      61
      57
      63
      60
      68
      71
      60
      78
      36
      58
      56
      66
      77
      76
      58
      68
      62
      63
      52
      61
      64
      64
      53
      53
      58
      68
      61
      54
      56
      61
      49
      61
      54
      60
      75
      69
      61
      51
      65
      59
      58
      66
      52
      46
      62
      69
      60
      55
      50
      56
      70
      44
      48
      51
      61
      60
      56
      57
      56
      47
      59
      59
      54
      47
      67
      54
      56
      53
      65
      54
      50
      44
      59
      44
      45
      38
      44
      48
      48
      48
      47
      46
      41
      56
      38
      58
      43
      53
      51
      42
      46
      36
      50
      38
      47
      47
      46
      34
      36
      32
      53
      52
      38
      39
      37
      39
      39
      43
      37
      34
      39
      35
      39
      37
      36
      38
      48
      37
      41
      28
      31
      30
      29
      38
      39
      35
      39
      39
      24
      36
      39
      30
      28
      36
      52
      46
      40
      42
      39
      39
      37
      35
      28
      34
      27
      34
      39
      44
      37
      42
      35
      41
      42
      32
      46
      31
      41
      33
      31
      36
      42
      28
      28
      22
      43
      24
      29
      32
      29
      33
      30
      31
      40
      33
      29
      28
      38
      31
      34
      23
      24
      26
      27
      26
      30
      29
      36
      26
      30
      35
      24
      21
      35
      20
      31
      19
      38
      27
      23
      34
      25
      29
      23
      33
      33
      24
      29
      29
      39
      33
      31
      34
      30
      31
      37
      27
      26
      18
      23
      27
      30
      25
      27
      25
      26
      22
      21
      27
      33
      26
      22
      27
      21
      23
      39
      27
      21
      30
      35
      23
      23
      17
      21
      29
      23
      28
      31
      24
      29
      18
      38
      28
      30
      32
      29
      15
      20
      24
      31
      26
      26
      29
      23
      22
      31
      14
      21
      27
      25
      24
      25
      26
      23
      25
      26
      25
      34
      20
      13
      23
      29
      31
      23
      26
      23
      33
      28
      31
      27
      19
      19
      29
      24
      21
      21
      26
      27
      15
      15
      15
      22
      24
      25
      14
      29
      24
      16
      26
      28
      21
      30
      26
      24
      23
      31
      29
      26
      25
      25
      22
      29
      26
      23
      25
      24
      23
      20
      22
      24
      16
      26
      17
      20
      28
      23
      27
      23
      20
      18
      19
      21
      25
      23
      22
      14
      24
      25
      30
      28
      23
      28
      18
      32
      30
      29
      32
      21
      33
      26
      17
      26
      23
      31
      31
      26
      22
      24
      34
      22
      21
      31
      31
      18
      23
      24
      33
      27
      36
      24
      26
      24
      21
      29
      34
      18
      23
      29
      24
      37
      36
      29
      32
      29
      27
      26
      37
      29
      41
      26
      32
      29
      47
      34
      38
      31
      30
      44
      38
      28
      29
      42
      29
      38
      43
      41
      31
      22
      44
      36
      47
      40
      45
      64
      37
      44
      32
      53
      45
      46
      51
      51
      48
      56
      52
      67
      63
      64
      53
      55
      62
      65
      53
      58
      56
      78
      72
      81
      75
      61
      82
      87
      68
      76
      83
      84
      79
      73
     101
      86
      70
      74
      89
      83
      99
     103
     120
     104
     118
     129
     114
     116
     128
     121
     125
     136
     116
     128
     136
     145
     138
     127
     155
     138
     137
     153
     170
     149
     152
     162
     152
     179
     183
     184
     176
     177
     161
     200
     168
     172
     166
     178
     216
     173
     174
     173
     230
     229
     225
     219
     247
     215
     222
     197
     210
     223
     225
     252
     232
     197
     248
     232
     220
     222
     231
     237
     240
     234
     241
     256
     251
     246
     250
     233
     248
     238
     235
     263
     247
     259
     267
     281
     257
     250
     254
     240
     268
     239
     257
     250
     256
     267
     239
     243
     255
     263
     250
     248
     222
     249
     248
     226
     254
     238
     216
     218
     225
     228
     224
     251
     224
     215
     205
     210
     212
     214
     218
     191
     208
     203
     200
     189
     209
     170
     202
     177
     176
     165
     193
     163
     170
     170
     172
     153
     146
     164
     184
     164
     150
     142
     143
     138
     118
     150
     139
     140
     134
     124
     148
     136
     106
     109
     114
     105
     111
     105
      92
      94
     111
      91
      98
      96
      81
      84
      77
      69
      78
      64
      72
      86
      57
      74
      73
      58
      65
      50
      52
      53
      49
      53
      44
      56
      39
      47
      41
      46
      47
      47
      38
      43
      28
      30
      39
      30
      37
      49
      35
      44
      35
      31
      26
      33
      28
      29
      32
      34
      25
      14
      16
      22
      31
      23
      17
      14
      28
      21
      23
      18
      24
      21
      19
      22
      16
      15
      20
      19
      22
      19
      17
      11
      25
      18
      10
      14
      20
      26
      13
      17
      14
       9
      18
      15
      14
      11
       8
       7
      17
      10
      15
      18
      15
       9
      14
      12
       8
      11
      10
      16
      10
      11
       5
      13
      12
      12
      16
      13
      13
      12
       9
      12
      19
      17
      15
      10
      11
      10
       5
      11
      18
      18
       7
      16
      12
      12
      11
      12
      10
      16
      17
      15
       8
      11
      10
      12
      14
      14
      12
      11
      16
      13
      13
      15
      17
      12
      18
      11
       7
       8
       5
      10
      10
      11
       7
      13
      12
       9
      11
       4
      12
      14
      15
      13
      12
      12
      14
       5
       9
      10
       7
      14
      10
       7
      13
      15
      13
       8
      13
      14
      17
      14
      11
       8
      11
      15
      12
      10
       9
      13
      11
      19
       9
      13
       8
      15
      12
      14
      11
      14
      10
      12
      16
      11
       9
      11
      13
      22
      12
       6
      15
      12
      11
      10
      17
      12
       7
      13
      14
      13
       8
       7
      15
       9
      16
      13
       9
      14
      12
      12
      13
       6
       8
       8
      10
      15
      12
      15
      14
      13
      17
       9
       7
      10
       7
      10
      11
       8
      15
      12
      13
      14
      11
      14
      11
      11
       8
       9
      12
      13
      10
      17
       9
       9
      11
       9
      14
      17
      13
      12
      13
      15
       8
       9
       9
      15
       9
      11
      16
       7
      12
       7
      12
      14
       5
       9
       6
       7
      15
       7
      10
      11
      14
      11
       4
      13
       6
       6
       9
      12
      11
      11
      11
      16
       8
      14
       9
      11
      15
       7
       6
      10
      11
      16
      12
      12
      10
      16
      10
      10
      12
      15
       8
      10
       6
       6
      21
       7
      13
       9
       8
      13
       7
      11
       8
      15
      15
       9
       9
       9
      10
      11
      11
      11
      11
      11
       9
      13
      12
      15
      14
       9
      19
      12
       9
      16
       9
      13
      11
       7
      14
      16
      12
       7
      10
      10
      14
       5
      12
      10
       7
       7
       7
      14
      12
      17
      11
      10
      10
       8
      16
      14
      15
       9
      11
       9
      13
       7
      12
      12
       5
      11
       7
      13
       9
      13
       5
      18
      16
       8
      12
       9
      11
       6
      13
       8
      10
      13
      11
      10
       8
       6
       9
       9
      11
      20
      15
       6
      10
       4
      15
      14
       5
      15
       8
       8
      10
      11
       6
       9
       5
      17
      16
       9
      15
      16
      12
      13
      13
      13
       7
      15
      18
       8
      12
      21
      11
      16
      12
      12
      10
      12
       6
      12
      20
      11
       8
      12
      10
      11
      11
      12
      12
      12
      13
      13
       6
       6
      10
      12
      10
      16
      16
      12
       8
      11
      17
      19
      10
      13
       4
      14
       7
       8
      10
      15
      10
       9
       8
      17
      15
      13
       8
      12
       9
      11
      12
       9
      17
      14
      11
      13
      10
       6
       9
      10
      10
      12
      11
      13
       8
      10
       9
      16
      14
       9
      10
       7
       8
      12
      12
      10
       8
       9
      15
      15
      14
      13
       7
      11
      13
      10
      10
       5
       8
       8
       8
      11
      14
       7
       7
      12
      16
      13
       6
       7
      17
      11
      21
      12
      10
       5
       7
      10
      17
      15
      10
      11
      22
       9
      10
       8
      18
       8
       5
      13
       5
      16
       8
      13
      12
      12
      10
       9
       4
       8
      16
      10
      10
      10
      10
      14
      13
       8
      10
       7
      16
      17
      13
      16
       7
      11
      11
      13
      14
      12
       6
       9
      12
      10
      10
      12
       6
      11
       7
       8
       6
       9
      13
      12
      11
       9
       8
       9
      12
      11
      14
      12
      18
      10
      13
      16
      13
       8
      11
      14
       8
      15
       9
      11
      12
       7
      10
      12
      14
       6
      10
      17
      12
      13
       7
       9
      15
      11
      16
      14
       6
      13
       4
      10
       7
      11
       3
       6
      15
       7
       8
       6
       5
      12
       7
      13
       8
      13
      11
      11
       9
      10
      13
       7
       8
      12
      11
       7
      13
      11
      10
       6
       7
       6
      10
       9
       9
      10
       8
      13
      11
      15
       9
      18
      13
      15
      10
      11
      17
       6
      11
      12
      10
      16
      14
      11
      12
      12
      11
       9
       8
      11
      14
      17
      16
      13
      13
      18
      11
       7
      11
      13
       8
       4
      10
      13
      12
      10
      16
      14
      15
      15
       7
      10
      12
       8
      11
      11
       9
      14
      11
      18
      12
       8
       7
      11
       8
      11
      10
      12
      10
       8
      10
      12
       9
       7
      11
      10
       9
      19
      12
       7
       6
      12
       8
       5
      11
      17
      11
      15
      12
      13
       9
       9
       7
       9
      10
      14
      10
      10
       7
      12
      11
       6
      13
      11
      10
       8
      12
      14
      15
      14
      10
      11
      14
       6
      15
      14
      15
      10
       9
      11
      12
      18
      12
      10
       3
      13
       7
       9
      14
       7
      10
      13
      10
      17
      16
      12
      17
      16
      12
       6
      13
      10
      12
       9
      18
      10
       7
       8
      12
      10
      10
      11
      10
      14
      15
      12
       6
      13
      18
      15
      14
       8
      12
       8
      13
      11
      11
      13
      14
      12
      10
      19
      12
      11
      11
      12
       8
      10
      14
      12
       8
      12
       9
      21
       6
      12
       7
      10
      15
       9
      10
       6
      11
      15
      17
      10
      13
      17
      13
      11
      12
       8
      12
      13
      13
      14
      12
      14
      13
      11
       7
       7
      16
      15
       7
      11
      15
      12
       9
      12
      10
      19
      11
      13
      11
       9
       6
      14
      18
      11
      17
      14
       7
      14
      12
      14
      15
       8
      12
      14
       9
       5
      13
       8
      14
       6
       9
      11
      16
       7
       6
      10
      18
       8
      12
      11
      24
      15
      11
       9
      15
      10
      10
      10
      12
      13
      15
       9
      18
      12
       9
      14
      15
      11
      14
       9
       7
       6
       8
      14
      14
      17
      11
      12
      10
      13
       8
       6
      15
      18
      11
       9
       8
       8
      13
      10
      13
       9
      16
      13
      13
      12
      14
      17
      11
       9
      10
      13
      14
      12
      12
       9
      11
       9
      14
      11
      11
       9
      16
       8
      11
      15
      12
      10
      13
      16
      18
      21
       9
      18
      11
       6
       7
      11
       8
       9
      14
      18
      12
      16
      11
       8
      12
      12
       6
       2
      14
      16
      11
      10
      11
       7
       8
      17
      13
      10
      13
       9
       6
      15
      14
      19
      13
      17
      14
       8
       7
      11
       9
      19
       7
      17
      15
      10
      12
      12
      11
       8
      18
      13
      10
      13
      14
      16
      10
      19
      16
      10
      11
      12
      10
      15
      19
       9
       9
      10
      14
       9
       7
       6
       8
      10
      10
      13
      10
      16
      14
       6
      14
      12
       8
       3
      12
       9
      12
      10
      10
      12
       6
      13
      17
      19
      11
      27
      10
       9
      10
      16
       5
       9
      17
      10
       8
      13
      12
      10
      12
      16
      18
      15
       8
      13
      13
      11
      12
       7
      20
      13
       9
      13
      12
      15
      10
      12
      21
       8
      11
       7
      14
      14
      18
       9
      12
      16
      15
      11
      12
      16
      19
      16
      10
       8
      12
       5
      12
      10
       8
      17
      11
      11
      14
       9
       6
      18
       7
      16
      18
       9
      11
       7
       6
      14
      15
      11
       9
      22
       6
      10
      10
       9
       6
      15
      13
      14
      12
      10
      16
       9
      15
      12
      11
      10
      13
       7
      13
       9
      13
      15
      12
       8
       9
      10
      15
      22
       8
       8
       9
      11
      12
       8
       8
      14
      12
      13
       8
      12
       7
       6
      13
      13
      10
      13
       5
      11
      10
       5
      15
       8
      14
      14
      11
      11
      12
      14
      12
       7
      17
       8
      13
      14
       9
      12
      10
      14
      10
       5
      12
       4
       9
       5
       9
      10
       7
       8
       9
      11
       6
       9
      11
      10
       6
       4
       5
      12
      10
       9
       3
      10
       8
       9
      17
       8
      10
      13
      13
       5
       8
      10
       8
       4
       6
       7
      10
      12
       7
       7
       9
       7
       9
      16
       8
       5
       6
       8
       6
       6
       9
      13
       5
       8
      10
       7
       8
      12
       9
       3
       8
       5
       9
       5
       6
       8
       5
       7
       6
       9
       8
       4
       9
       5
       9
       7
       5
       7
      14
       5
      11
      10
       4
       8
       4
       6
       8
       5
       8
       8
       5
       5
      14
       5
      10
       5
       9
       7
       8
      11
       4
       5
       5
       8
       2
       7
       8
       7
       4
       5
       5
       7
       5
       8
       2
       3
       6
       8
       4
       7
       9
       7
       6
       7
       3
       9
       5
       4
       9
       6
       5
       3
       4
       5
       6
       5
       7
       2
       8
       6
       2
       9
       6
       3
       8
       4
       4
       5
       5
       3
       2
       5
       0
       3
       4
       9
       7
       2
       3
       3
       6
       3
       5
       6
       4
       5
       6
       4
       4
       6
       8
       3
       7
       4
       2
       4
       2
       6
       6
       3
       5
       6
       5
       1
       8
       4
       3
       3
       1
       3
       3
       3
       5
       6
       3
       2
       2
       6
       6
       1
       5
       1
       3
       5
       4
       6
       4
       2
       5
       3
       1
       5
       8
       2
       3
       3
       5
       2
       4
       5
       8
       5
       8
       6
       9
       1
       6
       3
       5
       2
       2
       6
       1
       7
       2
       2
       3
       3
       6
       5
       6
       5
       4
       1
       4
       2
       6
       7
       6
       7
       4
       4
       5
       3
       6
       6
       2
       4
       4
       1
       1
       3
       3
       7
       5
       3
       1
       5
       3
       3
       4
       3
       1
       6
       2
       2
       4
       3
       3
       2
       3
       1
       5
       3
       6
       7
       2
       3
       6
       2
       3
       4
       1
       2
       3
       5
       2
       3
       5
       2
       8
       3
       4
       6
       5
       4
       3
       7
       2
       3
       5
       1
       3
       3
       3
       2
       3
       3
       1
       2
       3
       3
       3
       3
       2
       2
       4
       3
       3
       4
       5
       4
       4
       2
       3
       7
       4
       4
       3
       4
       2
       8
       2
       3
       2
       4
       6
       5
       2
       3
       1
       2
       3
       6
       5
       5
       3
       1
       5
       5
       6
       4
       3
       3
       5
       1
       6
       7
       3
       9
       2
       5
       3
       2
       7
       2
      13
       4
       3
       5
       6
       3
       3
       3
       5
       4
       6
       8
       5
       7
       8
       6
       2
       4
       4
       6
       3
      10
       5
      13
       3
       3
       2
       4
       5
       7
       5
       6
       4
       4
       7
       7
       6
       6
       8
       2
       5
       7
       3
       8
       1
       9
       6
       3
       5
       5
       6
       5
       5
       5
       9
      10
      11
       8
      10
      11
       7
       6
       6
       3
       5
       9
       9
       9
      10
      10
       9
       6
       8
      10
      11
      14
      11
      11
      13
      10
      10
      10
       6
      11
       9
       8
      10
       8
      10
       9
       9
       8
      10
      12
       9
      12
      10
      20
      13
      11
       9
      17
      12
      10
      17
      13
      15
      14
      11
      12
       8
      14
      21
      12
      11
      13
      14
      14
      21
      13
      10
      13
      19
      18
      15
      14
      17
      12
      14
      14
      21
      14
      20
      11
      23
      17
      19
      31
      21
      20
      16
      23
      18
      18
      23
      15
      21
      26
      24
      23
      21
      19
      25
      15
      25
      14
      18
      22
      19
      29
      28
      16
      21
      29
      21
      29
      17
      28
      17
      23
      29
      22
      33
      20
      15
      34
      26
      35
      25
      26
      30
      31
      32
      24
      27
      26
      30
      31
      34
      30
      40
      41
      30
      23
      23
      24
      32
      34
      24
      30
      32
      41
      41
      30
      32
      33
      27
      20
      42
      30
      33
      23
      30
      35
      41
      26
      38
      25
      28
      33
      39
      38
      31
      35
      27
      44
      25
      41
      24
      34
      30
      37
      31
      29
      36
      35
      48
      41
      33
      33
      42
      23
      29
      27
      38
      42
      29
      35
      43
      41
      25
      28
      30
      31
      28
      35
      26
      34
      21
      30
      30
      37
      39
      27
      32
      33
      35
      37
      30
      18
      29
      26
      28
      29
      27
      25
      30
      32
      37
      31
      32
      31
      27
      29
      30
      26
      25
      20
      33
      27
      31
      25
      18
      20
      26
      17
      22
      27
      20
      34
      25
      26
      22
      30
      26
      16
      26
      26
      32
      16
      23
      18
      38
      18
      25
      24
      28
      16
      31
      19
      16
      26
      19
      19
      21
      25
      14
      25
      24
      23
      21
      16
      23
      25
      17
      18
      17
      20
      23
      17
      17
      13
      16
      23
      13
      18
      20
      11
      12
      18
      17
      11
      19
      16
      12
      19
      16
      16
      20
      17
      18
      15
      19
      12
      13
      17
      15
      16
      23
      11
      19
      11
      12
      15
       5
       9
       9
      10
       8
       9
      19
       6
       8
      11
       8
      11
      15
       7
       8
       9
       8
       8
      10
       9
       7
      12
       7
       3
       7
       5
       4
       7
       8
       6
      10
       5
       9
       3
       5
       7
       5
       5
       8
       4
       6
       5
       6
       7
       6
       6
       3
       9
       4
       2
       6
       6
       7
       7
       6
       5
       4
       4
       5
       1
       5
       4
       5
       4
       3
       0
       4
       2
       6
       7
       6
       4
       3
       2
       3
       3
       3
       5
       6
       5
       4
       3
       3
       2
       2
       2
       3
       1
       5
       5
       3
       2
       1
       3
       1
       0
       0
       0
       2
       1
       5
       3
       1
       1
       1
       1
       1
       3
       0
       5
       4
       3
       2
       2
       0
       2
       1
       2
       2
       2
       1
       3
       2
       4
       1
       1
       0
       6
       4
       3
       1
       1
       1
       0
       3
       1
       2
       1
       0
       2
       0
       0
       1
       2
       2
       3
       1
       0
       1
       2
       0
       1
       0
       2
       1
       0
       0
       0
       2
       1
       0
       1
       3
       1
       0
       2
       0
       3
       0
       3
       1
       0
       1
       1
       3
       1
       0
       3
       2
       0
       1
       2
       2
       2
       2
       2
       1
       1
       1
       0
       2
       2
       1
       2
       5
       0
       1
       2
       1
       2
       0
       1
       2
       1
       1
       3
       0
       1
       0
       2
       2
       0
       1
       0
       0
       2
       0
       1
       3
       3
       1
       3
       1
       2
       1
       5
       1
       3
       5
       0
       3
       1
       1
       1
       3
       0
       2
       4
       1
       1
       1
       3
       1
       5
       3
       2
       1
       2
       2
       2
       2
       2
       2
       4
       1
       2
       2
       0
       2
       1
       2
       7
       4
       1
       3
       0
       5
       1
       4
       5
       1
       0
       2
       2
       2
       3
       1
       3
       1
       1
       2
       1
       5
       0
       4
       2
       2
       5
       2
       0
       0
       1
       2
       2
       1
       1
       3
       2
       2
       1
       2
       1
       1
       0
       1
       3
       2
       3
       1
       2
       1
       3
       1
       4
       2
       2
       4
       2
       2
       2
       0
       3
       2
       1
       2
       0
       0
       6
       1
       1
       0
       1
       1
       3
       0
       4
       4
       8
       4
       2
       1
       0
       1
       3
       1
       3
       5
       3
       1
       2
       2
       2
       1
       0
       0
       4
       2
       1
       0
       1
       3
       2
       1
       1
       1
       1
       1
       0
       3
       2
       3
       1
       2
       4
       2
       1
       4
       4
       1
       3
       2
       2
       3
       1
       4
       4
       2
       1
       0
       2
       2
       1
       2
       1
       4
       0
       4
       2
       0
       4
       1
       0
       2
       5
       0
       1
       0
       1
       1
       1
       0
       0
       0
       1
       1
       0
       1
       1
       1
       0
       5
       5
       3
       5
       0
       2
       1
       1
       3
       0
       0
       2
       2
       0
       0
       3
       2
       2
       0
       0
       4
       1
       1
       0
       3
       2
       1
       1
       2
       1
       2
       1
       1
       0
       1
       0
       0
       3
       0
       3
       1
       2
       1
       1
       1
       1
       1
       0
       3
       0
       0
       1
       0
       1
       0
       0
       0
       1
       0
       1
       0
       1
       0
       0
       3
       0
       0
       0
       1
       1
       0
       0
       0
       2
       2
       1
       0
       0
       1
       0
       2
       1
       0
       0
       1
       2
       0
       1
       1
       0
       1
       0
       1
       0
       0
       0
       1
       0
       2
       1
       0
       0
       1
       0
       0
       0
       0
       0
       0
       0
       3
       0
       1
       0
       1
       0
       2
       1
       0
       0
       0
       1
       1
       0
       1
       3
       0
       0
       0
       0
       1
       1
       0
       4
       0
       0
       0
       0
       1
       0
       1
       0
       1
       0
       0
       0
       0
       0
       0
       0
       0
       0
       0
       0
       0
       0
       0
       0
       0
       0
       0
       0
       0
       0
       0
       0
       0
       0
       0
       0
       0
       0
       0
       0
       0
       0
       0
       0
       0
       0
       0
       0
       0
       0
       0
       0
       0
       0
       0
       0
       0
       0
       0
       0
       0
       0
       0
       0
       0
       0
       0
       0
       0
       0
       0
       0
       0
       0
       0
       0
       0
       0
       0
       0
       0
       0
       0
       0
       0
       0
       0
       0
       0
       0
       0
       0
$ROI:
6
244 305
318 431
1121 1630
1650 1934
2919 3202
3337 3615
$PRESETS:
None
0
0
$ENER_FIT:
0.000000 0.369853
$MCA_CAL:
3
0.000000E+000 3.698526E-001 0.000000E+000 keV
$SHAPE_CAL:
3
1.330430E+002 0.000000E+000 0.000000E+000
