-7.356974007116633130e-02
-9.241512728914905161e-02
7.381576703207937129e-02
-6.881418466988707683e-02
2.598314134677743859e-01
-9.482152545687459744e-02
1.095003660036623916e-01
6.391318352592412211e-02
2.494314009669888199e-01
-1.167538645765754252e-01
5.214404921566841850e-02
-9.847096228846785593e-02
2.739932433298900016e-01
1.775550819946662140e-01
4.824796778220508814e-02
-2.761195204338489084e-01
-1.415099828442402397e-01
-1.607043984352238275e-01
5.050325381536040908e-02
1.739326666006774935e-01
-1.330903820938839910e-01
2.786961331355092830e-01
2.934612003657636678e-02
5.289240293531186700e-05
2.035253702293992051e-01
-1.613932133875998765e-01
1.493470030934862525e-01
1.362512687447636484e-01
-8.579711944194552686e-02
5.121469007207275770e-02
-4.530311068123424323e-01
-2.663027387306974303e-01
-1.301670126791739657e-01
3.470623017655614321e-03
-1.890407334232730718e-01
-1.767382467172927407e-01
8.931646150204784751e-02
-2.013769397895697477e-01
-6.411873665183741300e-02
-3.036375114451879687e-01
2.046152982468248671e-01
1.734217946532242149e-01
8.892590314634725435e-02
1.556118216784506680e-01
8.564749598826471022e-02
-9.664346182160665766e-02
1.502457091526079591e-01
-2.658068011927569585e-01
3.945341029792305831e-01
-2.493892571487136833e-01
4.265463847875413106e-01
5.185674354124835794e+00
4.735180422729046157e+00
4.888647720688390486e+00
4.880897292054147130e+00
5.068479882378191803e+00
4.835851213281060268e+00
5.279265433804059882e+00
4.940449869564012886e+00
5.037469048698292262e+00
5.067667839150300502e+00
5.134310946797147501e+00
4.931790904913468943e+00
4.887252620367923406e+00
4.848206103381038190e+00
5.210480337501398829e+00
4.943997504570109669e+00
4.835877326415159771e+00
5.053121433006409369e+00
4.815282863712471162e+00
5.057823372875736467e+00
5.142623906257025368e+00
4.916256815422451076e+00
4.994738352642029255e+00
5.295605978542916148e+00
5.035932099856535338e+00
4.640668346756886109e+00
5.065941921112104396e+00
5.039596119697487886e+00
4.999493939734587222e+00
4.935095356284182166e+00
4.832885289065520062e+00
4.968652143113086339e+00
5.022514756574921968e+00
4.906858040329309389e+00
4.995366248062140357e+00
5.053513596210226666e+00
5.125329564936977889e+00
4.915259216391032915e+00
4.919122994440676244e+00
4.585179748264484267e+00
4.710487313612468085e+00
5.140602200080730988e+00
4.749953678550803637e+00
5.181394951008090111e+00
4.904727956035143777e+00
5.078470121862376452e+00
4.910741081099025074e+00
5.081915239641408455e+00
4.939283206363541900e+00
1.968771972788848634e-01
1.688713996111818605e-01
-9.732753465243162982e-02
8.726360664607903106e-02
1.382155614132581090e-01
1.805620303807037030e-01
9.666980674469233259e-02
2.739776555999928753e-01
1.581046919443217791e-01
-7.904827185667846756e-02
1.972289965040864568e-01
3.076016409296024601e-01
-3.468073059297336891e-01
6.145985699395824231e-02
-5.048646618149171122e-02
-8.126499729399026817e-02
1.071819278980192386e-01
1.229688708670602787e-01
-1.659620854917056298e-01
2.491139323216313636e-02
-6.730276279174615683e-02
-5.347944714459763188e-02
3.684571299421700308e-02
-5.459075934748768705e-02
8.998341322000295850e-02
1.116048624893643676e-01
5.434392043965778629e-02
-1.057681257833342631e-01
-1.461138016743017964e-01
2.974881953835951109e-01
-6.521165724613089965e-02
-7.599189075289517793e-04
-1.180566373726935625e-01
2.925626063336593252e-01
-8.020703334043921551e-02
-1.300452582559770975e-01
3.313187971883764515e-02
1.256406540255646243e-01
3.953886175313343909e-02
-7.148536531746228773e-02
8.100214333472922912e-02
2.208297946594148797e-01
-1.485152325710263344e-01
1.354661514509885312e-01
-1.152516693577502749e-01
-1.119107245754463742e-01
-1.203209779969037219e-01
-3.769639860533014614e-02
-1.160076034156850705e-01
2.978199413386815597e-01
-1.920075062789121101e-01
4.923225781696472403e+00
5.054718585001421793e+00
5.177122660474853255e+00
4.928056977946281947e+00
4.845556133207888472e+00
5.334201319102100491e+00
5.071232137001829621e+00
5.196073471054652337e+00
5.033133536848846568e+00
5.030128336068593775e+00
5.264651931559175324e+00
4.986540294700041898e+00
5.067610827745552271e+00
5.039506238921890535e+00
4.746769707311370823e+00
5.022274114916042365e+00
4.820469446696439952e+00
5.151326636574942164e+00
5.104376323837474416e+00
5.113682687614697464e+00
5.270722603115680194e+00
4.992413954318857705e+00
4.812120412771948352e+00
4.865725427964045835e+00
4.989181896023479723e+00
5.011561130329067915e+00
5.408813179799421000e+00
4.993420273245903651e+00
5.019278454694847902e+00
5.187679366928271030e+00
4.896695749216633864e+00
4.837567321190976877e+00
4.800440057783313286e+00
5.147013205097424660e+00
5.114335458259972711e+00
5.178965602515217093e+00
5.276110341914517221e+00
4.869196565229447771e+00
4.848156857701255262e+00
4.965549450566624223e+00
4.981534672713121559e+00
5.086492241221747257e+00
5.048827316143515986e+00
5.046399406452630743e+00
5.193536311916674642e+00
4.826720260460474421e+00
5.073311233190342939e+00
4.852488428593971115e+00
5.127025958187230614e+00
-1.576053897582255781e-01
1.479579760973143143e-01
-5.557128128429837666e-02
-2.624882525938138436e-02
1.173764751229171843e-01
-7.354169898970806807e-02
-4.948352771028555284e-04
1.832911021854004840e-01
3.005555182384168564e-02
9.207193017116470368e-02
-8.896878684754271072e-02
-2.006332296117426250e-01
3.756786146852793967e-02
8.825516634260965887e-02
3.581317902027642691e-02
-7.476997565329981943e-02
-1.616067298230676741e-01
-9.075919653683509059e-02
-6.369013707481897824e-02
-1.415463671749729035e-01
1.326722157213029440e-01
-4.925932763504804052e-02
-4.516307801093032426e-01
5.020128591943866930e-02
3.104224222475658601e-02
1.488601827795521526e-01
-1.537465848173116545e-01
-5.837003933435468833e-02
-6.114335061189452719e-02
2.471899788471059456e-01
1.564346308719165302e-01
-5.760085720455269953e-02
-6.633084779384484930e-02
8.719429827662399449e-03
-7.402969187470324897e-02
9.159877670328651911e-02
2.137453261365598878e-01
-2.309410563430510377e-01
1.480502764930743120e-01
-1.098966951755330906e-01
1.329098175387476433e-01
6.180938188390629889e-03
-3.354044457657466560e-02
1.545141948385615471e-01
-2.798184270431518586e-02
-6.751578604862108757e-02
1.358722683272795551e-01
-2.525620496436662560e-02
1.330147482667625725e-01
-7.802370382557544115e-02
-3.899023446056728431e-02
5.090237754310669160e+00
5.366634643634937696e+00
5.046853567122157713e+00
4.808670716693709046e+00
5.128453250694413157e+00
4.876218422259745111e+00
4.680443786228837943e+00
5.259708358002834316e+00
4.939191903315839127e+00
4.841316369345189941e+00
4.904971806525382227e+00
5.019045875480187213e+00
4.929555271187971321e+00
5.095068344953535444e+00
5.031963940212295761e+00
4.990445068937550133e+00
5.186626024074878494e+00
5.056161921013600846e+00
4.865877312587962855e+00
5.162698489745921826e+00
5.084103120651235486e+00
4.973679932546192894e+00
4.942002316440459175e+00
5.097224047763634580e+00
5.068198883926171128e+00
4.917607690935572151e+00
5.019883061095860022e+00
4.881722270633356509e+00
4.765938178640062084e+00
5.015445939669898046e+00
5.026267660566496431e+00
5.231807264241126632e+00
5.115742512950927079e+00
4.934816683424241290e+00
5.214903201667618227e+00
4.836966014716391982e+00
5.039491884996528448e+00
5.017741790671571778e+00
5.172785917812793954e+00
5.171314699991900632e+00
5.052291582588953389e+00
5.076630814073163300e+00
4.946938574964671709e+00
5.253408588388019496e+00
5.048329059836532906e+00
5.136085434341910450e+00
4.984350828562355673e+00
4.855193624984353917e+00
5.082658652739006300e+00
1.323217540538403625e-01
1.391327220693105438e-01
-1.895871930470426903e-01
1.738904550423782669e-01
-2.573935892570490460e-04
-5.162938308441870211e-02
2.394185321573683856e-01
-2.996127496367831725e-02
-1.011391063183406797e-01
1.554487374913129105e-01
-6.939325559968574642e-02
1.040720179734353074e-01
7.344490946192340497e-02
-1.581522271402823476e-01
-1.849133442947069328e-02
-1.283031188755801195e-02
2.624805832509627401e-02
1.853103320255711783e-01
-2.101278365309198690e-02
1.244765072744225265e-01
1.340209675809771184e-01
1.530341473977293032e-01
1.450400364290938549e-01
1.952633428413513283e-01
-1.519886101316625937e-01
-1.480826272127721832e-01
1.217156484226701307e-01
1.302392143658050172e-01
-1.852416212469342460e-01
1.410114404891958384e-01
-8.988453636574501859e-02
-5.719083253672142819e-02
1.191765129381411326e-01
1.366725937847698691e-01
1.188424135205105696e-02
-3.538117798315200679e-01
-1.684681302409428705e-01
-1.154216931994618001e-01
-9.263800508504832498e-02
-3.267615521123688055e-02
-4.380360293307669628e-02
-3.265021070249818913e-01
-1.217435398940086150e-01
1.443759229206529604e-01
2.072733382534923952e-01
-6.945526130626965278e-02
-1.881868460980585522e-01
-9.662584008965001414e-02
-1.649980093017433813e-01
-1.013641270735365779e-01
-2.341996850497842786e-01
4.890879579765221585e+00
5.040247181409996280e+00
4.980769341184189791e+00
5.059697677412984262e+00
4.936242531210687012e+00
5.135825259992422787e+00
4.785589457507150257e+00
4.980937869143641450e+00
4.744483663383087801e+00
4.689085873802203430e+00
5.163160379487787388e+00
5.005837830667286603e+00
5.181331076049404238e+00
4.975063611502044125e+00
5.244069582392489437e+00
5.046082521533984178e+00
4.869035223875468610e+00
4.914702185401752743e+00
5.100958254943733117e+00
5.047868256041609492e+00
5.094442032788018437e+00
5.140641669458421603e+00
4.759449886002289354e+00
5.068914305257497865e+00
5.019193716637062153e+00
5.123286630487371873e+00
4.789546944627070424e+00
5.053949361322463751e+00
4.856061535536329465e+00
5.074995845656581572e+00
5.183082274183039573e+00
5.049604714200468081e+00
5.130330923312950375e+00
5.136478895359277708e+00
4.981219438253505771e+00
5.211344650261458433e+00
4.912286256651355210e+00
5.059200506806502240e+00
4.873578230150505064e+00
5.002068652681489702e+00
5.032000470179436746e+00
5.064796630786814191e+00
4.987837128102253992e+00
5.101949564274046445e+00
4.986717273937593120e+00
4.891960836546852320e+00
5.160090450941446250e+00
5.239941123502685372e+00
5.121502296820303890e+00
1.011470845466624358e-01
-2.961993008043720121e-01
-1.404249892653012532e-01
-1.267420822092827082e-01
1.102435249245575927e-01
1.461054040049649116e-01
4.616853367228960364e-02
7.083079129294420073e-02
1.140682104512141248e-01
1.254282879105124149e-01
-3.794494509187756881e-02
5.563347160385043177e-02
-3.119336291646763737e-01
-8.047664550705835307e-02
8.744469229678129840e-02
-8.279067532357990353e-03
2.174761735834339349e-01
2.724668052927364803e-01
4.388791833404472736e-02
-1.456192159076190040e-01
1.531064668985215593e-01
-3.899710858806864494e-02
-1.036088009973882423e-01
-1.070874018364609825e-01
-1.352626750544889678e-01
2.107872048756675651e-02
8.343428548299029746e-02
-4.279488649827007524e-02
1.636589129873353143e-01
4.226068847015681390e-02
6.490588852955233613e-03
-8.037983991496456398e-03
-9.906518433754857300e-02
-2.671463348604883326e-01
-6.018030107407476570e-02
3.191528843042973351e-02
1.520356499057635147e-01
1.159761925921272419e-01
-1.942077721863319506e-01
2.238903542720157083e-02
1.384824320362052774e-01
-2.797140746842013276e-02
-1.343221867724992205e-02
-2.408849619764748002e-03
1.332958248405880786e-01
-5.836873087370120228e-02
3.147460106765741228e-02
-1.371141808521014749e-01
-1.918037858559309139e-01
1.224004537795112257e-01
-1.798984200470327699e-01
4.781077990460819827e+00
4.975235065840710291e+00
5.035189707355087307e+00
5.002061408616717664e+00
4.958434720756252467e+00
4.914834213143325137e+00
5.245743800677158397e+00
5.004181547222223969e+00
5.049110057272114815e+00
4.859481023832536550e+00
5.067072976263764517e+00
4.949188554323351141e+00
5.066489161482971681e+00
4.838459232592486003e+00
4.995064668188548218e+00
5.018218521056494019e+00
4.959039782084460057e+00
4.874170191494021864e+00
4.687783201735710392e+00
5.105356070526969603e+00
4.791079638292878862e+00
4.791682882090536388e+00
5.044198432072743543e+00
5.214562790221341615e+00
5.002891079314026435e+00
4.925454255214508414e+00
5.202764758213820784e+00
5.053754097518823762e+00
5.237425052636268674e+00
5.119026574197031110e+00
4.952707833717067132e+00
4.749098782062916690e+00
5.239438455176401277e+00
4.947605418941312116e+00
4.941580291108362388e+00
5.036146762203753902e+00
5.157958985206235525e+00
4.954687632495637040e+00
5.003775432576547111e+00
5.137270319405349284e+00
4.799418285792151018e+00
4.828663330099750794e+00
4.956696229576412094e+00
4.972824032476189871e+00
5.128910707474481079e+00
4.905816585810979014e+00
5.118840559109198551e+00
4.718428104253247213e+00
5.169362216742344529e+00
-1.841427187613533523e-01
2.030755594722648272e-01
1.500922756669251790e-01
-7.624219749075218655e-02
-7.551717158052052847e-02
-2.681602574597613878e-02
2.652374034223545785e-01
-3.526686336697348878e-02
-1.736849689277987774e-01
5.186542415583635102e-02
-2.505543235411041292e-01
6.818466862060179601e-02
-2.969011528356022001e-01
-1.444881017483859442e-01
-1.171933520551631663e-02
-1.995350928995511808e-01
1.564731705956744212e-01
1.654516008028245333e-01
-6.965369663284013552e-03
1.194275071802901739e-01
2.278987807119669529e-01
-2.869850905929019480e-01
4.255813873779457773e-02
-2.028837642527521745e-01
1.638750922489055906e-01
-1.289377029888332804e-01
-1.783487918391142291e-01
-2.254006118325614649e-01
-9.744725256713977768e-02
1.896661355410192706e-01
3.805207052654861755e-02
-1.373254866878950188e-02
2.330272282729560496e-01
3.239922580699337862e-02
-6.074932520957123522e-02
1.012964328256259899e-01
-4.161082818519133419e-01
-1.468177815143089371e-01
-7.071681430612283825e-02
-2.655738000785223263e-01
-1.323147402408272333e-01
-1.477656298870469731e-01
6.404500176355448771e-02
1.763266456167157936e-01
3.658433752105139450e-03
2.845882152338601312e-01
2.091300652041777064e-01
-1.171102777985374155e-01
2.037969895897965844e-01
-2.285567906866993459e-02
1.807991334529258087e-01
5.080146764970556283e+00
5.129200732660134321e+00
4.824568425309398556e+00
4.960958857267633526e+00
4.820388358798975759e+00
4.760967827940656427e+00
5.029693498975418287e+00
5.213759963551982679e+00
5.526035600010156479e+00
5.216246234380745861e+00
4.950808614304786026e+00
4.937675582753653813e+00
4.797021142699125384e+00
5.100138252598332755e+00
4.975488102839300986e+00
5.073828015252499490e+00
5.108823390398829822e+00
4.873578164395319767e+00
4.865498118879657774e+00
4.947704356270355319e+00
5.063830531113810096e+00
4.777220870620666027e+00
5.125157361168939829e+00
4.969675624475955900e+00
5.321883402875990043e+00
5.216004893690919353e+00
5.348782533127920402e+00
4.962676333468350798e+00
5.233241044831384414e+00
4.985676022381631434e+00
5.137019220972722344e+00
5.227107894157561496e+00
5.076609809752445024e+00
4.702398230774345933e+00
5.063703645766528538e+00
5.035869994722435905e+00
5.082313982679047548e+00
5.043816081888063962e+00
5.187829099810921107e+00
5.036848617604698042e+00
5.044053131268042556e+00
4.822031241067502805e+00
5.009813258366524913e+00
4.758496194257810785e+00
5.104897426993222354e+00
4.904516870513994320e+00
4.948829424705856184e+00
4.940425270928442636e+00
4.989523390219448906e+00
2.622527266373081423e-02
7.590007564244969501e-03
5.583924260193261213e-02
-2.580408603901947900e-02
1.716995488074859466e-01
1.029360793941263841e-01
3.172647556149749137e-02
-1.998267358129870164e-01
2.458998492329354801e-02
-5.926214137251591130e-02
-1.796485126248984765e-01
-1.822297287960019871e-02
9.651955346634437383e-02
-7.841082835523416339e-02
6.713951075916971267e-02
9.716096539856469705e-02
1.618820705071580823e-01
-8.597120287525987503e-02
-2.425477849290011700e-01
6.202884611239405099e-03
4.197638322049235260e-02
-8.036046395314164204e-02
-5.622619987600562669e-02
-2.449596185294887207e-01
1.771361954479332423e-01
5.422720546206555303e-02
-5.247627085517540119e-02
-1.439505196009085650e-02
1.490128191948624226e-01
1.561736660597641546e-01
9.202266679335766031e-02
-6.361144554266387474e-02
-5.651037002531297468e-03
3.793880604872404416e-02
-2.393728021680064377e-01
6.933054743941272080e-02
-5.888278016208410570e-02
2.172625331868492660e-02
-4.110437465664781159e-02
-1.847040395843076166e-01
-1.152607121795352040e-02
-1.946249016706940171e-01
-2.201360596405740888e-01
7.249583065268540294e-02
-1.540073669470733986e-01
1.609554267529764437e-01
-4.211333135149609302e-02
-3.068339792564198087e-01
-1.338424498247859640e-01
-5.938040268885801110e-02
-1.131781859680787566e-01
4.959044731263055006e+00
4.987209106282405102e+00
5.258251873223660944e+00
5.010545461587128102e+00
4.971595075619390514e+00
5.132536769354379302e+00
4.911736532625060825e+00
4.970093183901036937e+00
4.857493347159778985e+00
5.056281704932638732e+00
5.021227664135332169e+00
4.920780173456342332e+00
4.871385732680806768e+00
4.961469263861301826e+00
4.935972092546882628e+00
4.788216689022291916e+00
4.863843119734175602e+00
4.868590794009528544e+00
4.711051580812343431e+00
4.790105302198841564e+00
4.972715934420140371e+00
5.371758877249839692e+00
4.960871592080366987e+00
4.967816885489357404e+00
4.891736443182481686e+00
5.194734765442341029e+00
4.992032413011279424e+00
5.295799446795466991e+00
5.165517318062645913e+00
4.859262049263326944e+00
5.029888982162017186e+00
5.051412465600408019e+00
4.971793252232981075e+00
4.976647532072844271e+00
4.910448375343488436e+00
5.025185434515008431e+00
4.953374137270354360e+00
4.968237930528798252e+00
5.214986630233108045e+00
5.044581686640630558e+00
4.982101859504862951e+00
4.756576636815626813e+00
4.836908259026909462e+00
4.928262505438974372e+00
5.027841233453021808e+00
4.658186933705176891e+00
5.064711095784273809e+00
5.028347611082528701e+00
5.144614498211726783e+00
-1.667722375624087483e-01
-1.836490799072285074e-01
-2.119920304661279953e-01
4.072893425649152382e-02
-1.764628857250004901e-01
8.913364488143557529e-02
-6.811610992907395079e-02
-2.838057177579661472e-02
8.173236274699095805e-02
-1.924505573216484799e-01
1.006615115187149551e-01
9.507663373429461884e-02
1.489615830496766047e-01
-1.165964077775433483e-01
2.771862871932177438e-02
1.546529981694461375e-01
1.833212055218105471e-02
6.630921678413553844e-02
3.598324520153161482e-02
-5.154564663748422565e-02
4.944211529930146731e-02
2.166474595836206940e-01
1.851219995651065819e-01
-3.608107182251456546e-01
2.184223351727324069e-02
2.137758489960920605e-01
-1.187163486619873670e-01
8.654298099015715617e-02
1.048906879505789730e-01
-1.772894266498911409e-01
-6.634803021674702539e-02
-1.782138976530080188e-02
1.941307524451519467e-02
6.505916636224681748e-02
-1.906391550796318890e-01
-9.594142458413980334e-02
5.793959657409462893e-02
-2.854375194500373691e-01
-3.703220409010525849e-01
2.136341460944391757e-01
7.672070650491169541e-02
4.261734178157860486e-01
-1.471241521742624181e-01
1.142789457110069129e-01
1.055426396594302818e-01
-5.513648842931337911e-03
-3.080180780543046448e-01
2.002379039055926790e-01
-3.346864829197580826e-02
-8.951399057238397516e-02
-7.609398122836198534e-03
5.273119236276585298e+00
4.892026536940854875e+00
5.012623612084003533e+00
4.913081064404846821e+00
4.966795696714827457e+00
5.182329568651606877e+00
4.928810771779991384e+00
4.941884405834104044e+00
4.872115162939332222e+00
4.809594218562976309e+00
5.050007831632224331e+00
4.827825178546834017e+00
5.016145976758853209e+00
4.886553880505307923e+00
4.994501878239427484e+00
4.887627464634192620e+00
5.182616904122118839e+00
4.997163657781937829e+00
4.902228246104487930e+00
5.082785534347467937e+00
4.814278161809318668e+00
5.111252444368618697e+00
5.282987738980624570e+00
5.292522283177520492e+00
4.802462227906376668e+00
5.152898888762052820e+00
4.868357227636883167e+00
4.717456818362975035e+00
5.183715508442638509e+00
4.941171480751051170e+00
5.185897356091831334e+00
4.927545935791208365e+00
5.043814226102625753e+00
5.048571802815617460e+00
5.251658840164250996e+00
4.981007530815624307e+00
4.889834215100427706e+00
4.761094161751336706e+00
4.883829404581555345e+00
5.077366230335399244e+00
4.793447808222411233e+00
5.234413954634420385e+00
4.791089078256620226e+00
5.210693886691262655e+00
5.029301810346991530e+00
4.799917834261402838e+00
5.074529117877681905e+00
4.950833301004152531e+00
5.144042982003900200e+00
6.389544892925230757e-02
1.483341200219799039e-01
-1.780930639748553312e-01
-3.141924311796033265e-01
3.316125757342484048e-01
-8.716638329507792049e-02
-2.249853165409038125e-01
9.427037245253112874e-02
-2.660698430562769556e-01
-1.835956187164496378e-01
3.326654448874185044e-01
-1.905983207241567501e-01
1.599068695655364580e-01
1.360640569508042297e-01
2.261913538709769966e-01
-2.423646413125160048e-01
-5.704042790668583524e-02
3.632160617195681618e-02
4.058080473301764468e-01
-2.129341709932886240e-01
-7.577676134415102516e-02
6.731771168816298723e-02
-1.057541192844446420e-01
-4.528757783639789786e-02
-2.763286654678294152e-01
6.915533067502999121e-02
4.226551148842670053e-02
1.244059863935992848e-02
8.801031297058913017e-02
-5.374568602637463249e-02
1.352138095763866787e-01
-4.029199774508077092e-01
-1.126604153555078175e-01
-1.328040576360466907e-01
6.263309881566736514e-02
-3.729726839991566179e-01
1.448239010251900494e-01
1.727960026777434765e-01
-2.177010780756839792e-01
1.437272809309666777e-01
-1.711749836772964439e-01
-1.578246787476610680e-01
6.611594418645504179e-02
1.156627668599319453e-01
-1.822282792807412496e-02
3.081303681605698785e-02
-1.244454466244567098e-01
-4.010783320515679679e-02
3.626999897162510623e-03
-1.231924663663823069e-02
-6.534695417353272862e-02
5.200605598030480614e+00
5.004691394243035774e+00
4.956687312564132419e+00
5.201964502870696450e+00
5.229247817291173384e+00
4.726361272948170544e+00
4.921467983740738461e+00
4.971921362859841764e+00
4.990895782305300621e+00
5.140912432242958907e+00
4.797786337890988406e+00
4.960698532058468224e+00
4.842846818198575320e+00
4.996020413852755304e+00
5.220821896661387740e+00
4.942231425584117765e+00
4.746956036319298633e+00
4.987469390647146561e+00
5.038839368154282461e+00
5.004300487750306559e+00
5.098045731084670074e+00
5.360777162641480409e+00
5.154955178909100155e+00
4.858166264847008975e+00
5.089546760877077247e+00
5.234400387988836556e+00
4.918547356702455353e+00
4.956233312972345928e+00
4.890196513167129666e+00
5.281877882477012953e+00
4.849820326016727634e+00
4.734728556532247445e+00
5.145293473691411990e+00
4.955675036366877784e+00
5.174509951326382584e+00
5.231446687071139579e+00
5.102645043760043464e+00
4.905744469021300347e+00
5.134373305789101671e+00
5.041469053738725670e+00
5.051076938633581648e+00
5.243441800655527452e+00
5.035814981528192291e+00
5.094475495616077154e+00
4.962282437292681259e+00
5.119833555956634363e+00
4.857590912651368775e+00
4.950916490812478976e+00
4.933256000998718527e+00
-2.823642805494460534e-02
-6.239166985288208817e-02
-6.012738253556445915e-03
1.480764083796082958e-02
-4.179597769415858977e-02
6.508612120698215042e-02
-2.863781464876071770e-01
-1.154061615719668560e-01
1.705780786403226224e-01
-1.610336298066266381e-01
-8.022318319569782252e-02
1.164666320073009520e-01
-7.672594394618210967e-02
1.863633172361406354e-01
-1.518354144824823615e-01
8.788449165480770320e-02
2.483567941392847075e-02
-4.140383268490874930e-02
1.402518294023576660e-02
-8.264052886278648591e-02
1.445961817848219477e-01
-1.693242396846345865e-01
-1.107787854951500228e-02
-2.885777563266506834e-02
-1.332357548115202239e-01
1.177533874291101512e-01
3.878588046461069888e-02
-3.754329434914587676e-02
1.725454546704099368e-01
-1.324649046939012365e-01
-8.670724689518839734e-02
-1.319402273067792064e-02
-1.144184978898700467e-02
-1.894561797066131870e-01
-2.474631840018730045e-01
-3.375597816789532857e-01
9.505461138941084798e-02
4.173708010734718254e-02
7.305290952040104091e-02
-2.169784286103753485e-02
-2.501879015053498634e-01
-1.869320805073585445e-01
-2.811572386585419955e-02
5.567175172442324210e-02
8.776621590577002308e-02
4.680925111415198199e-04
6.676730593821481041e-02
-3.547706537700954232e-01
5.636615395763868580e-02
4.528438311822345803e-03
4.726153609591005685e-04
4.805694395206590919e+00
4.998629436473527754e+00
5.023724214046913161e+00
4.630937254178466134e+00
4.788275242348325023e+00
4.889766860913962176e+00
4.827857209183435749e+00
5.069491224892717973e+00
4.875455484141077989e+00
4.705320422296078497e+00
5.337400063017807561e+00
5.057654303748730484e+00
5.041388116092187843e+00
4.974279509091071638e+00
5.052525089651188850e+00
4.839253696538810878e+00
5.217394567835271779e+00
4.795829839298840547e+00
5.081558014603024809e+00
4.940522548439264305e+00
5.098819919017536506e+00
4.898124002538053468e+00
4.967252280406899700e+00
5.195352238384014498e+00
4.913715914721922928e+00
5.172622974845796584e+00
4.814218402366183369e+00
4.804800039767985531e+00
4.910243288265344397e+00
4.932778171827585822e+00
5.125869324309697106e+00
5.113306988229453509e+00
5.185348877900845643e+00
5.010530880111643270e+00
5.014054421580131482e+00
4.867266375235546505e+00
4.940252159984701130e+00
5.018400805833639566e+00
5.079400939811931970e+00
4.955910583126795999e+00
5.017184000528969179e+00
4.821908706689845836e+00
5.058447431859447896e+00
5.399390299054728892e+00
4.852208152023883336e+00
4.869459580858894299e+00
4.766794577780626874e+00
4.809978964695354797e+00
5.158864419020265046e+00
