$SPEC_ID:
No sample description was entered.
$SPEC_REM:
DET# 2
DETDESC# PHY-0040-AA Easy-MCA-8k SN 21098639
AP# Maestro Version 7.01
$DATE_MEA:
02/24/2025 09:31:38
$MEAS_TIM:
122 123
$DATA:
0 4095
       0
       0
       0
       0
       0
       0
       0
       0
       0
       0
       0
       0
       0
       0
       0
       0
       0
       0
       0
       0
       0
       0
       0
       0
       0
       0
       0
       0
       0
       0
       6
      14
      19
      20
      21
      14
      11
       9
      20
      14
      11
      22
      20
      13
       4
      15
      21
      21
      19
      31
      17
      37
      25
      31
      29
      26
      29
      37
      24
      55
      45
      58
      60
      63
      71
      98
      90
      99
     110
     121
     137
     143
     157
     134
     137
     148
     152
     143
     130
     165
     129
     129
     145
     131
     113
     111
      91
      87
      76
      70
      58
      64
      46
      50
      45
      51
      40
      47
      38
      33
      26
      24
      24
      38
      35
      25
      39
      24
      28
      21
      18
      26
      27
      30
      28
      23
      23
      27
      33
      31
      29
      30
      22
      24
      29
      31
      33
      36
      35
      33
      34
      50
      32
      42
      38
      25
      28
      35
      38
      43
      39
      35
      35
      33
      37
      44
      33
      40
      37
      50
      37
      34
      52
      49
      45
      41
      42
      39
      41
      40
      40
      42
      52
      47
      52
      46
      48
      57
      50
      48
      56
      44
      47
      51
      52
      61
      43
      55
      60
      56
      46
      70
      42
      60
      70
      62
      72
      68
      76
      83
      80
      67
      80
      71
      75
      79
      78
     102
      76
      88
      89
      76
     112
     106
      93
      89
     110
     101
      83
     111
     107
     106
     109
     119
      94
     117
      97
      97
     114
     113
      99
      85
     101
     110
     101
     105
     110
     113
      92
      99
     102
     106
      93
      95
      99
     100
     100
     108
     116
      87
     119
      86
      95
     119
      84
     104
      96
     111
     103
      95
      78
      79
      98
      89
      78
      79
      76
      77
      66
      86
      93
      71
      71
      68
      68
      66
      66
      75
      75
      89
      80
      84
      90
      84
      81
     104
      76
      91
      92
      63
      79
     115
      86
      96
     101
      89
     112
     124
     106
     138
     145
     158
     155
     168
     167
     191
     196
     203
     203
     228
     213
     262
     238
     301
     322
     314
     303
     331
     378
     391
     444
     465
     438
     404
     425
     451
     479
     489
     462
     482
     540
     506
     518
     485
     474
     476
     450
     465
     435
     499
     467
     412
     435
     398
     387
     400
     387
     370
     329
     301
     322
     311
     279
     310
     280
     248
     218
     217
     215
     203
     207
     199
     191
     166
     172
     152
     143
     135
     144
     111
     107
     121
     112
     134
     115
      92
      83
      90
      90
      96
      93
      97
      64
      91
      74
      74
      58
      64
      82
      54
      72
      66
      62
      60
      55
      61
      44
      54
      53
      52
      57
      49
      37
      45
      55
      43
      43
      45
      55
      38
      43
      32
      33
      32
      43
      41
      41
      43
      49
      35
      37
      39
      39
      39
      29
      33
      44
      38
      36
      42
      48
      36
      33
      36
      39
      28
      49
      31
      38
      43
      41
      39
      33
      29
      41
      34
      26
      41
      25
      35
      27
      35
      37
      35
      40
      36
      42
      40
      31
      35
      27
      36
      39
      29
      29
      38
      34
      22
      29
      41
      37
      31
      37
      37
      28
      33
      31
      49
      38
      29
      33
      28
      28
      31
      29
      30
      36
      31
      39
      38
      27
      29
      32
      25
      31
      30
      24
      28
      38
      40
      30
      29
      32
      35
      28
      28
      33
      23
      32
      25
      29
      34
      28
      39
      29
      32
      33
      32
      36
      26
      28
      27
      30
      21
      30
      24
      33
      26
      36
      31
      41
      20
      32
      34
      22
      21
      30
      28
      24
      22
      28
      28
      23
      28
      34
      29
      33
      24
      27
      24
      27
      20
      27
      38
      29
      26
      30
      26
      30
      33
      32
      18
      29
      17
      22
      31
      20
      28
      18
      24
      28
      31
      26
      31
      27
      21
      35
      21
      30
      23
      19
      21
      21
      26
      24
      30
      22
      22
      25
      19
      27
      14
      27
      28
      23
      19
      26
      20
      21
      25
      20
      19
      15
      20
      29
      33
      21
      26
      22
      22
      16
      21
      23
      24
      23
      31
      16
      26
      24
      24
      24
      30
      19
      26
      24
      20
      20
      17
      12
      13
      25
      23
      26
      21
      19
      24
      24
      21
      17
      18
      18
      20
      23
      15
      24
      21
      11
      24
      14
      21
      18
      29
      24
      22
      22
      22
      19
      23
      17
      20
      20
      19
      17
      22
      28
      19
      20
      19
      20
      20
      27
      16
      23
      18
      15
      20
      26
      17
      19
      21
      29
      15
      16
      23
      24
      20
      32
      21
      27
      17
      22
      11
      25
      28
      22
      17
      21
      11
      26
      17
      20
      18
      20
      29
      14
      23
      22
      15
      16
      28
      24
      29
      23
      19
      22
      22
      25
      22
      17
      20
      35
      21
      17
      15
      30
      18
      21
      24
      22
      13
      24
      24
      27
      25
      15
      14
      19
      21
      21
      26
      14
      18
      17
      25
      18
      20
      26
      21
      16
      24
      14
      28
      25
      21
      25
      16
      24
      20
      18
      16
      20
      24
      19
      20
      21
      13
      24
      19
      25
      14
      19
      15
      14
      19
      25
      12
      18
      23
      13
      17
      22
      19
      24
      16
      30
      24
      14
      23
      19
      13
      21
      13
      14
      13
      19
      23
      11
      15
      21
      15
      18
      23
      11
      21
      16
      15
      12
      15
      16
      21
      16
      15
      15
      20
       8
      15
      16
      20
      17
      18
      16
      15
      24
      26
      19
      16
      23
      21
      19
      16
      20
      14
      15
      24
      14
      22
      23
      20
      11
      31
      28
      19
      21
      20
      20
      19
      19
      22
      23
      24
      22
      19
      25
      20
      25
      26
      21
      29
      19
      25
      26
      32
      33
      21
      22
      19
      25
      32
      23
      19
      22
      28
      25
      24
      22
      33
      28
      20
      26
      30
      22
      27
      25
      36
      24
      27
      20
      23
      27
      17
      30
      21
      30
      25
      26
      25
      35
      25
      35
      23
      21
      22
      32
      24
      18
      20
      32
      23
      18
      28
      13
      22
      27
      16
      20
      22
      20
      16
      12
      21
      13
      17
      18
      19
      15
      18
      14
       8
      18
      18
      18
      13
      15
      11
      14
      27
      10
      19
      17
      11
      15
      14
      10
      14
      16
      10
      15
      22
      13
      21
      16
      18
      12
      12
      19
      12
      19
       7
       7
      12
      11
      14
      16
       8
       9
       7
       9
      12
      12
      17
       9
       5
       9
      11
      15
      10
      11
      12
       7
       7
       8
      13
       9
       9
      13
       7
       7
      11
      11
       7
       6
       5
      12
       7
      10
       7
       4
       8
       4
       6
      12
       9
       4
       9
       8
       6
       9
       7
       7
       9
       8
       8
       4
       6
      10
       3
       2
       8
       3
       5
       6
       6
       8
      13
       8
       6
       5
       3
       8
       2
       8
       4
      13
       6
       8
       5
       5
       4
       5
       4
       4
       7
       7
       7
       7
       6
       1
       6
       5
       7
       7
       6
       8
       5
      10
       4
       5
       8
      11
       7
       6
       4
       7
       8
       6
       5
       8
       3
       6
      11
       6
       5
       7
       9
       5
       7
       6
       4
       2
       6
       5
       7
       4
       9
       8
       7
       6
       4
       3
       6
       7
       5
       9
       8
       3
       5
       7
       6
       4
       8
       2
       5
       7
       6
       4
       3
       5
       3
       7
       2
       9
       4
       5
       5
       5
       8
       1
       4
       7
       6
       6
       8
       7
       7
       3
       4
       5
       6
       3
       7
       1
       8
       8
       5
       4
       6
       5
       5
       7
       2
       4
       7
       3
       7
       8
       6
       3
       8
      10
       4
       9
       3
       2
       3
       6
       1
      10
       9
       8
       4
       6
       2
       8
       5
       7
       3
       5
       6
      10
       4
       6
       4
       6
       3
       8
       7
       8
       4
       8
       8
       9
      11
       9
       7
       7
       6
       5
       8
       9
      14
       9
       7
       8
       7
       5
       9
      12
      11
      11
       6
       9
       8
       6
       8
      12
      17
       5
      14
       8
      13
      12
      11
      12
      10
      16
      11
      15
       9
      10
      18
       7
      12
      12
      20
      10
       7
      17
       6
      15
      13
      12
      17
      13
      14
       8
      12
      12
      10
      11
      12
      13
      17
      19
      17
       8
      14
      14
       9
      10
      10
       6
      11
       9
      13
      13
       9
      13
       9
      10
      14
      11
      17
      13
       9
      14
      17
       7
      13
       8
      15
      13
      17
       9
      18
      10
      11
      11
      14
      14
       8
       8
       8
      14
      14
       5
      12
      13
       7
       9
      11
      12
       8
       9
       8
       8
       7
      12
      11
       7
      11
       9
       8
      13
       7
       3
       7
       6
       8
       7
       8
      17
       6
       5
      10
      11
       5
      10
       7
      12
       6
       6
       8
       4
       7
      10
      12
       8
      10
       9
      10
       4
       8
       5
       2
       8
       5
       5
       3
       4
       3
       8
       2
       7
       6
       7
       5
       6
       3
       8
       6
       8
       5
       6
       6
       5
       8
       6
       7
      11
       3
       1
       3
       4
       6
       2
       4
       5
       6
       5
       4
      10
       5
       5
       8
       3
       3
       3
       5
       4
       6
       5
       3
       7
       1
       3
       2
       4
       2
       5
       2
       5
       3
       5
       3
       5
       7
       5
       2
       2
       2
       5
       1
       2
       1
       2
       4
       3
       5
       2
       7
       0
       3
       5
       4
       2
       5
       3
       2
       4
       4
       3
       6
       6
       2
       7
       2
       4
       3
       7
       5
       1
       3
       2
       8
       4
       3
       1
       4
       3
       6
       3
       3
       7
       3
       3
       6
       1
       5
       2
       5
       2
       0
       3
       1
       3
       2
       3
       5
       0
       2
       5
       8
       4
       4
       3
       6
       4
       2
       1
       2
       2
       3
       5
       2
       7
       2
       1
       1
       4
       3
       2
       3
       5
       1
       7
       2
       3
       2
       5
       3
       7
       6
       2
       4
       4
       4
       5
       5
       4
       2
       4
       3
       4
       4
       2
       5
       1
       2
       2
       0
       3
       5
       4
       5
       5
       5
       5
       8
       4
       6
       3
       2
       6
       4
       3
       4
       1
       3
       2
       4
       4
       6
       5
       4
       1
       3
       6
       5
       4
       6
       4
       6
       5
       6
       1
       3
       3
       6
       7
       2
       4
       8
       5
       4
       5
       5
       2
       4
       3
       1
       1
       1
       2
       4
      13
       3
       4
       4
       0
       4
       2
       3
       7
       4
       6
       3
       2
       5
       2
       6
       4
       6
       4
       3
       1
       5
       5
       6
       4
       5
       3
       4
       7
       3
       7
       3
       3
       3
       5
       2
       4
       7
       2
       3
       6
       3
       6
      10
       4
       4
       3
       3
       5
       2
       7
       1
       3
       7
       5
       0
       2
       6
       7
       5
       2
       1
       2
       5
       5
       3
       7
       4
       6
       5
       4
       2
       3
       3
       4
       5
       5
       6
       2
       5
       6
       2
       1
       3
       2
       8
       8
       7
       3
       5
       4
       3
       4
       7
       5
       5
       2
       6
       3
       4
       3
       7
       3
       6
       5
       3
       4
       9
       4
       2
       3
       2
       4
       4
       3
       3
       4
       4
       2
       8
       2
       5
       5
       3
       2
       2
       2
       4
       4
       3
       5
       2
       4
       4
       1
       1
       3
       6
       2
       2
       4
       6
       5
       6
       3
       9
       0
       5
       1
       0
       4
       7
       2
       5
       4
       1
       1
       2
       6
       2
       6
       3
       5
       4
       4
       5
       1
       3
       3
       6
       6
       0
       4
       2
       5
       4
       4
       3
       5
       6
       4
       5
       2
       1
       5
       2
       0
       2
       2
       2
       1
       3
       3
       0
       3
       4
       3
       1
       3
       2
       4
       3
       1
       4
       0
       1
       2
       5
       2
       3
       3
       3
       1
       1
       2
       2
       1
       5
       1
       4
       2
       3
       3
       2
       0
       2
       1
       6
       1
       4
       1
       2
       3
       0
       4
       2
       5
       3
       3
       3
       5
       1
       5
       3
       3
       2
       2
       1
       4
       1
       2
       3
       2
       2
       3
       4
       1
       1
       1
       0
       0
       1
       2
       4
       1
       0
       3
       5
       6
       1
       2
       3
       4
       3
       3
       2
       4
       1
       2
       2
       4
       3
       6
       2
       3
       1
       4
       3
       4
       2
       4
       4
       3
       3
       2
       1
       3
       4
       6
       4
       4
       1
       5
       1
       3
       2
       2
       3
       5
       5
       2
       2
       0
       3
       7
       3
       1
       3
       1
       3
       3
       5
       0
       1
       3
       2
       3
       1
       1
       2
       2
       1
       2
       4
       2
       1
       2
       5
       4
       3
       4
       2
       1
       2
       1
       5
       5
       3
       4
       2
       0
       3
       3
       2
       2
       3
       4
       0
       6
       4
       1
       4
       0
       1
       2
       4
       1
       2
       1
       2
       6
       3
       3
       4
       2
       2
       4
       2
       1
       2
       1
       5
       1
       3
       1
       3
       2
       4
       3
       2
       5
       4
       3
       4
       3
       3
       1
       8
       4
       3
       6
       3
       4
       7
       2
       2
       2
       3
       3
       1
       4
       3
       2
       3
       8
       4
       1
       5
       2
       4
       1
       2
       1
       2
       2
       3
       4
       2
       5
       2
       3
       1
       1
       0
       2
       0
       2
       3
       1
       1
       2
       5
       5
       3
       3
       3
       3
       1
       7
       3
       6
       1
       3
       3
       2
       5
       6
       4
       3
       2
       1
       1
       3
       2
       1
       3
       7
       2
       2
       2
       4
       3
       3
       0
       1
       0
       4
       3
       5
       6
       5
       4
       4
       2
       2
       0
       4
       2
       2
       5
       1
       3
       2
       2
       4
       2
       1
       1
       3
       3
       4
       5
       1
       1
       4
       3
       1
       5
       0
       2
       3
       2
       5
       3
       2
       2
       4
       0
       1
       3
       5
       1
       2
       3
       1
       1
       1
       4
       2
       2
       3
       3
       2
       2
       2
       4
       2
       2
       3
       2
       4
       2
       2
       2
       3
       3
       3
       4
       0
       2
       3
       2
       4
       3
       2
       2
       3
       6
       3
       4
       4
       2
       4
       3
       6
       1
       1
       3
       1
       1
       1
       3
       2
       3
       2
       3
       0
       2
       2
       3
       1
       2
       3
       2
       4
       6
       3
       2
       3
       3
       6
       1
       5
       4
       1
       1
       5
       3
       3
       3
       3
       2
       4
       2
       3
       0
       4
       2
       4
       1
       3
       3
       1
       1
       1
       2
       5
       4
       3
       3
       3
       1
       2
       0
       2
       3
       1
       2
       1
       4
       3
       3
       5
       1
       0
       3
       0
       5
       1
       1
       1
       2
       4
       3
       4
       2
       2
       1
       1
       4
       2
       0
       4
       3
       4
       2
       5
       0
       2
       3
       1
       5
       3
       0
       3
       5
       2
       3
       2
       1
       1
       2
       3
       1
       0
       2
       3
       0
       1
       2
       3
       1
       1
       1
       4
       2
       2
       2
       6
       4
       5
       2
       3
       1
       0
       4
       1
       2
       1
       2
       1
       6
       1
       2
       3
       0
       4
       3
       1
       3
       5
       3
       5
       1
       3
       1
       2
       2
       4
       2
       1
       3
       1
       3
       2
       4
       1
       1
       4
       2
       3
       1
       3
       0
       2
       4
       1
       1
       1
       4
       0
       3
       3
       0
       2
       3
       3
       1
       1
       1
       1
       2
       1
       0
       5
       4
       0
       1
       5
       0
       1
       0
       2
       2
       1
       1
       4
       0
       3
       1
       1
       3
       1
       1
       2
       3
       3
       4
       1
       2
       0
       4
       2
       3
       0
       6
       6
       2
       1
       0
       1
       2
       3
       2
       2
       1
       2
       4
       1
       2
       2
       5
       1
       2
       3
       1
       3
       3
       2
       4
       1
       2
       3
       1
       2
       1
       0
       2
       0
       2
       1
       3
       3
       0
       1
       1
       1
       4
       1
       6
       1
       2
       2
       5
       1
       2
       3
       6
       3
       1
       5
       5
       1
       0
       3
       4
       0
       1
       2
       0
       3
       2
       1
       3
       4
       1
       1
       1
       1
       0
       1
       3
       1
       1
       2
       1
       2
       1
       1
       2
       2
       2
       4
       1
       1
       3
       3
       1
       0
       1
       4
       2
       1
       1
       2
       3
       2
       2
       2
       4
       1
       1
       1
       1
       2
       2
       0
       2
       1
       3
       0
       2
       4
       1
       4
       2
       0
       1
       4
       1
       2
       2
       2
       7
       5
       2
       2
       1
       3
       0
       0
       5
       0
       0
       3
       0
       2
       2
       0
       0
       4
       0
       3
       3
       1
       4
       0
       5
       2
       0
       3
       0
       2
       0
       3
       4
       1
       1
       2
       0
       0
       3
       3
       3
       0
       2
       1
       2
       2
       3
       1
       2
       2
       5
       3
       2
       1
       0
       1
       3
       1
       0
       1
       1
       4
       1
       0
       1
       1
       0
       1
       2
       3
       3
       1
       1
       2
       1
       4
       1
       1
       2
       1
       2
       0
       0
       0
       1
       1
       3
       0
       0
       2
       0
       3
       0
       2
       2
       1
       2
       1
       2
       1
       0
       2
       1
       2
       1
       4
       2
       1
       2
       1
       0
       1
       1
       0
       1
       1
       1
       0
       2
       1
       1
       3
       2
       2
       1
       0
       3
       1
       0
       0
       0
       0
       1
       0
       1
       0
       2
       2
       2
       1
       1
       1
       1
       2
       2
       1
       3
       7
       4
       5
       1
       0
       1
       1
       2
       2
       3
       4
       2
       2
       0
       0
       1
       2
       4
       4
       4
       2
       1
       1
       0
       3
       1
       1
       3
       3
       1
       1
       1
       0
       1
       1
       3
       2
       3
       0
       1
       2
       1
       4
       3
       1
       1
       2
       1
       1
       0
       2
       4
       3
       5
       1
       3
       3
       0
       2
       0
       0
       1
       2
       1
       2
       1
       2
       3
       0
       2
       3
       4
       4
       7
       1
       2
       1
       2
       4
       3
       6
       0
       4
       2
       2
       2
       2
       6
       3
       0
       4
       0
       2
       2
       1
       1
       2
       4
       6
       3
       3
       3
       6
       0
       6
       2
       1
       4
       3
       3
       2
       3
       1
       6
       5
       5
       7
       4
       4
       4
       4
       0
       5
       5
       2
       4
       9
       1
       5
       3
       2
       7
       4
       2
       3
       4
       2
       1
       3
       2
       1
       1
       5
       4
       3
       4
       4
       4
       5
       1
       2
       2
       3
       2
       5
       1
       4
       5
       4
       3
       3
       6
       7
       3
       4
       5
       5
       1
       2
       0
       4
       5
       2
       3
       2
       5
       6
       2
       5
       2
       1
       2
       3
       3
       4
       1
       2
       5
       2
       5
       0
       3
       2
       2
       2
       0
       3
       6
       3
       2
       1
       5
       4
       5
       5
       1
       2
       5
       1
       1
       1
       4
       0
       3
       1
       2
       1
       4
       2
       2
       2
       4
       4
       0
       1
       3
       4
       1
       2
       6
       4
       2
       0
       1
       4
       2
       2
       1
       8
       4
       3
       1
       3
       1
       5
       2
       1
       2
       0
       2
       1
       3
       1
       3
       1
       3
       4
       0
       0
       2
       3
       0
       2
       2
       0
       2
       3
       1
       4
       2
       1
       1
       3
       2
       1
       2
       2
       7
       1
       2
       0
       0
       4
       3
       2
       2
       3
       1
       1
       0
       2
       1
       4
       0
       3
       2
       1
       5
       0
       0
       2
       0
       3
       1
       3
       1
       2
       1
       0
       0
       2
       0
       2
       3
       0
       1
       5
       2
       1
       1
       4
       1
       1
       1
       1
       0
       4
       6
       0
       1
       4
       2
       0
       1
       2
       1
       0
       3
       2
       1
       4
       0
       1
       0
       2
       1
       2
       5
       3
       1
       1
       1
       3
       3
       2
       4
       2
       2
       1
       0
       5
       0
       2
       2
       1
       3
       1
       4
       3
       1
       5
       2
       1
       3
       0
       1
       6
       1
       4
       3
       1
       2
       3
       3
       5
       4
       3
       2
       1
       2
       4
       1
       1
       2
       2
       4
       1
       2
       3
       2
       4
       1
       4
       4
       1
       0
       2
       4
       2
       2
       1
       5
       2
       2
       2
       2
       2
       1
       1
       2
       1
       3
       3
       1
       2
       2
       2
       1
       5
       5
       4
       2
       3
       0
       1
       1
       2
       2
       1
       0
       3
       0
       0
       4
       2
       0
       2
       3
       3
       2
       7
       3
       0
       4
       2
       3
       2
       2
       1
       2
       1
       4
       4
       1
       2
       3
       3
       0
       5
       3
       1
       4
       3
       0
       4
       1
       2
       2
       0
       1
       3
       2
       4
       2
       6
       6
       2
       5
       2
       2
       2
       0
       5
       1
       5
       1
       1
       3
       1
       2
       0
       4
       2
       4
       3
       6
       5
       4
       2
       3
       2
       1
       2
       4
       4
       3
       4
       1
       2
       3
       1
       0
       0
       2
       1
       1
       3
       1
       0
       2
       2
       3
       1
       0
       0
       1
       1
       5
       0
       3
       6
       2
       0
       3
       3
       1
       4
       1
       3
       1
       5
       1
       4
       2
       6
       1
       2
       2
       2
       4
       1
       2
       2
       2
       3
       0
       1
       2
       2
       1
       1
       3
       1
       4
       5
       2
       1
       3
       1
       3
       1
       2
       1
       2
       3
       0
       1
       0
       0
       3
       0
       3
       4
       2
       2
       4
       3
       1
       2
       3
       0
       3
       3
       1
       0
       0
       0
       3
       2
       0
       2
       3
       0
       0
       2
       2
       1
       0
       2
       1
       2
       0
       0
       2
       0
       1
       1
       1
       1
       3
       3
       0
       2
       1
       0
       3
       1
       1
       3
       1
       3
       0
       1
       1
       0
       2
       2
       1
       3
       3
       1
       2
       1
       0
       0
       2
       0
       0
       0
       1
       0
       2
       1
       1
       1
       1
       2
       1
       0
       0
       1
       2
       0
       0
       2
       1
       2
       0
       1
       2
       3
       1
       2
       1
       0
       0
       0
       3
       1
       1
       2
       1
       0
       1
       0
       1
       1
       1
       2
       0
       1
       3
       1
       0
       0
       0
       3
       1
       0
       0
       0
       0
       1
       3
       1
       1
       1
       0
       1
       0
       1
       2
       2
       1
       3
       1
       0
       0
       3
       1
       0
       1
       3
       0
       0
       1
       0
       0
       1
       0
       2
       1
       1
       0
       1
       0
       0
       1
       0
       0
       1
       0
       0
       3
       0
       1
       1
       0
       1
       1
       0
       1
       1
       0
       0
       0
       0
       0
       0
       0
       0
       1
       2
       1
       1
       1
       0
       2
       0
       1
       2
       0
       1
       0
       1
       1
       0
       1
       1
       0
       2
       0
       1
       3
       0
       1
       0
       0
       1
       2
       2
       4
       0
       0
       0
       1
       1
       0
       2
       2
       1
       0
       0
       0
       2
       1
       0
       2
       2
       0
       1
       0
       1
       0
       0
       1
       2
       1
       1
       2
       1
       0
       1
       1
       1
       1
       1
       1
       0
       0
       2
       1
       0
       1
       1
       3
       1
       1
       0
       2
       0
       1
       1
       0
       0
       1
       1
       1
       2
       0
       0
       0
       1
       1
       0
       1
       1
       4
       1
       0
       0
       1
       1
       2
       0
       2
       0
       0
       2
       1
       0
       0
       1
       1
       0
       3
       0
       0
       0
       0
       1
       0
       0
       1
       0
       1
       0
       0
       2
       0
       2
       0
       1
       1
       0
       0
       0
       0
       0
       0
       0
       0
       1
       0
       0
       1
       0
       0
       0
       2
       2
       1
       1
       1
       0
       2
       1
       1
       0
       2
       0
       0
       0
       0
       1
       0
       0
       1
       0
       0
       0
       0
       2
       2
       0
       1
       0
       0
       1
       1
       1
       0
       0
       0
       0
       1
       0
       1
       1
       0
       0
       0
       0
       0
       1
       0
       1
       2
       0
       1
       0
       0
       0
       1
       0
       2
       0
       0
       0
       0
       1
       0
       0
       0
       0
       0
       0
       0
       2
       1
       0
       1
       2
       0
       0
       0
       0
       0
       0
       0
       0
       0
       0
       0
       0
       0
       0
       0
       0
       0
       0
       2
       0
       1
       0
       0
       0
       0
       0
       0
       0
       0
       0
       1
       0
       0
       1
       0
       0
       2
       1
       0
       0
       1
       0
       0
       1
       1
       0
       0
       0
       0
       0
       1
       0
       0
       0
       0
       0
       0
       1
       0
       0
       0
       0
       0
       0
       0
       1
       0
       0
       0
       0
       0
       0
       0
       0
       0
       0
       0
       0
       0
       0
       0
       0
       0
       0
       0
       0
       0
       0
       0
       0
       0
       0
       0
       0
       0
       0
       1
       0
       1
       1
       0
       0
       0
       0
       0
       0
       0
       0
       0
       0
       0
       0
       0
       0
       0
       0
       0
       0
       1
       0
       0
       0
       0
       1
       0
       0
       0
       0
       1
       0
       1
       0
       0
       0
       0
       0
       0
       0
       0
       0
       0
       0
       0
       0
       0
       0
       0
       0
       0
       0
       0
       0
       0
       0
       0
       1
       0
       0
       0
       0
       0
       0
       0
       0
       0
       0
       0
       0
       0
       0
       0
       0
       0
       0
       0
       0
       0
       0
       0
       0
       1
       0
       0
       0
       0
       0
       0
       0
       0
       0
       0
       0
       0
       0
       0
       0
       1
       0
       0
       0
       0
       0
       0
       0
       0
       0
       0
       0
       0
       0
       0
       0
       0
       0
       0
       0
       0
       0
       0
       0
       0
       0
       0
       0
       0
       0
       0
       0
       0
       0
       0
       0
       0
       0
       0
       0
       0
       0
       0
       0
       0
       0
       0
       2
       0
       0
       0
       0
       1
       0
       0
       0
       1
       0
       0
       1
       0
       0
       0
       0
       0
       0
       0
       0
       0
       1
       0
       0
       0
       0
       0
       0
       0
       0
       0
       0
       0
       0
       0
       0
       0
       0
       0
       0
       0
       0
       0
       0
       0
       0
       1
       0
       0
       0
       1
       1
       0
       0
       0
       0
       0
       0
       0
       0
       0
       0
       0
       0
       1
       0
       0
       0
       0
       0
       0
       0
       0
       0
       0
       0
       0
       0
       0
       0
       0
       0
       0
       0
       0
       0
       1
       0
       0
       0
       0
       0
       0
       0
       0
       0
       0
       0
       0
       0
       0
       0
       0
       0
       0
       0
       0
       0
       0
       0
       0
       2
       0
       0
       0
       0
       0
       0
       0
       0
       0
       0
       0
       0
       0
       0
       0
       0
       0
       0
       0
       0
       0
       0
       1
       0
       0
       0
       0
       0
       0
       0
       0
       0
       0
       0
       0
       0
       0
       0
       0
       0
       0
       0
       0
       0
       0
       0
       0
       0
       0
       0
       0
       0
       0
       0
       0
       0
       0
       0
       0
       0
       0
       0
       0
       0
       0
       0
       0
       0
       0
       0
       0
       0
       0
       0
       0
       0
       0
       0
       0
       0
       0
       0
       0
       0
       0
       0
       0
       0
       0
       0
       0
       0
       0
       0
       0
       0
       0
       0
       0
       0
       0
       0
       0
       0
       0
       0
       0
       0
       0
       0
       0
       0
       0
       0
       0
       0
       0
       0
       0
       0
       0
       0
       0
       0
       0
       0
       0
       0
       0
       0
       0
       0
       0
$ROI:
1
794 798
$PRESETS:
None
0
0
$ENER_FIT:
0.000000 0.000000
$MCA_CAL:
3
0.000000E+000 0.000000E+000 0.000000E+000 
$SHAPE_CAL:
3
0.000000E+000 0.000000E+000 0.000000E+000
