0.000000000000000000e+00 1.888914528085670202e-02 2.575423441455287877e-04
2.000000000000000042e-08 1.834095471047635442e-02 -5.356277433784866968e-04
4.000000000000000084e-08 1.958068738086807953e-02 -5.624892275863324848e-04
6.000000000000000787e-08 2.142151004789145247e-02 -6.617687242694414830e-04
8.000000000000000167e-08 2.374814215636641274e-02 -7.686726182946174114e-04
9.999999999999999547e-08 2.654253849756162825e-02 -8.729632778823093230e-04
1.200000000000000157e-07 2.982267197019516577e-02 -9.878545386892796307e-04
1.400000000000000095e-07 3.351855429818905580e-02 -1.094976408288788087e-03
1.600000000000000033e-07 3.754363990963392045e-02 -1.138607462689720769e-03
1.799999999999999971e-07 4.198595189997167410e-02 -1.292439980337060056e-03
1.999999999999999909e-07 4.681020243809400072e-02 -1.387309352035321882e-03
2.200000000000000112e-07 5.211942134755594841e-02 -1.279511961553762064e-03
2.400000000000000315e-07 5.757616946510290407e-02 -1.147091449722193552e-03
2.599999999999999988e-07 6.346428940085858950e-02 -1.548483928330043283e-03
2.800000000000000191e-07 6.942098254001784208e-02 -1.520191769912775841e-03
2.999999999999999864e-07 7.524351745461045626e-02 -1.570686597377736644e-03
3.200000000000000067e-07 8.162259774899570386e-02 -1.637112444833379579e-03
3.400000000000000270e-07 8.815437412519322447e-02 -1.790821009064248433e-03
3.599999999999999943e-07 9.425568059749889205e-02 -1.883508888183743667e-03
3.800000000000000146e-07 1.013421265683625283e-01 -1.446643970185842532e-03
3.999999999999999819e-07 1.081703010890024824e-01 -1.344661655045064014e-03
4.200000000000000022e-07 1.152107143799090822e-01 -1.376071985551666731e-03
4.400000000000000224e-07 1.222465953846214731e-01 -1.012629169119632060e-03
4.599999999999999898e-07 1.292520837773930842e-01 -5.421299043626004585e-04
4.800000000000000630e-07 1.361396372981109604e-01 -1.300624595096788857e-04
4.999999999999999774e-07 1.431773446047148735e-01 3.148038686994381226e-04
5.199999999999999976e-07 1.503325440685555070e-01 6.923824072137541030e-04
5.400000000000000179e-07 1.575200259431037697e-01 1.168688266326765087e-03
5.600000000000000382e-07 1.644632487719744351e-01 1.596920074657615096e-03
5.800000000000000585e-07 1.711863183257374132e-01 1.875494536969581983e-03
5.999999999999999728e-07 1.782088644550059719e-01 2.172977543526887108e-03
6.199999999999999931e-07 1.847192346031646393e-01 2.376055175839671997e-03
6.400000000000000134e-07 1.920131156810233608e-01 2.520452663184199679e-03
6.600000000000000337e-07 1.995939092485357613e-01 2.683002944971748724e-03
6.800000000000000539e-07 2.068888354927739259e-01 2.769288394927831281e-03
6.999999999999999683e-07 2.144845936417888732e-01 2.942118664603841222e-03
7.199999999999999886e-07 2.216976990433324468e-01 3.178249734883981104e-03
7.400000000000000089e-07 2.277088317537916407e-01 3.420908272263862779e-03
7.600000000000000291e-07 2.338119819651886533e-01 3.245568180230932066e-03
7.800000000000000494e-07 2.396716451498277778e-01 2.874105584794089951e-03
7.999999999999999638e-07 2.454939070831450854e-01 2.588318482963625298e-03
8.199999999999999841e-07 2.516930415503672580e-01 2.038008876602179741e-03
8.400000000000000043e-07 2.578809207754892419e-01 1.452292663986533066e-03
8.600000000000000246e-07 2.638449304770594250e-01 9.809077676837419258e-04
8.800000000000000449e-07 2.698336833424397896e-01 7.201842351053717095e-04
9.000000000000000652e-07 2.752226834325358085e-01 2.165818799077035082e-04
9.199999999999999795e-07 2.794172929743018452e-01 7.053815628962039740e-04
9.399999999999999998e-07 2.833087630433600013e-01 7.515829322480715871e-04
9.600000000000001260e-07 2.864648278378169044e-01 8.135536447329883058e-04
9.799999999999999345e-07 2.890895682021059621e-01 9.384576095296659612e-04
9.999999999999999547e-07 2.907813421734590786e-01 1.110857639202387235e-03
1.019999999999999975e-06 2.916952600201164758e-01 1.811268503891314084e-03
1.039999999999999995e-06 2.925573868765450891e-01 2.462903296824689621e-03
1.060000000000000016e-06 2.929342772067238254e-01 3.164029679456238729e-03
1.080000000000000036e-06 2.912802435512671928e-01 4.014860265324311436e-03
1.100000000000000056e-06 2.887447142590817140e-01 4.959202885570513850e-03
1.120000000000000076e-06 2.849196415062645316e-01 6.368842601804616983e-03
1.140000000000000097e-06 2.813112106480262220e-01 7.591917629067413721e-03
1.160000000000000117e-06 2.774974080172545321e-01 8.379734290559168533e-03
1.179999999999999925e-06 2.740977423110619871e-01 9.804771228227794622e-03
1.199999999999999946e-06 2.691005878741731250e-01 1.127947514377144501e-02
1.219999999999999966e-06 2.647905657786893130e-01 1.241485747178024297e-02
1.239999999999999986e-06 2.612219754099194824e-01 1.340689052631080340e-02
1.260000000000000007e-06 2.572043286885067892e-01 1.473895624896707710e-02
1.280000000000000027e-06 2.528151050889148044e-01 1.590805104434429851e-02
1.300000000000000047e-06 2.482338439119911311e-01 1.657715617239530551e-02
1.320000000000000067e-06 2.439299328635620157e-01 1.723689202101046439e-02
1.340000000000000088e-06 2.401506588352408378e-01 1.868715574329565116e-02
1.360000000000000108e-06 2.367944915141615703e-01 1.983211469625381640e-02
1.380000000000000128e-06 2.333854513687079468e-01 2.080117598419570224e-02
1.399999999999999937e-06 2.303977112037372821e-01 2.137770155252659288e-02
1.419999999999999957e-06 2.275952824619765502e-01 2.159828883073063033e-02
1.439999999999999977e-06 2.252842869749048238e-01 2.172300077996626097e-02
1.459999999999999997e-06 2.232836792126468295e-01 2.197108611472437315e-02
1.480000000000000018e-06 2.216732598425602552e-01 2.268461406812851203e-02
1.500000000000000038e-06 2.202981738671354606e-01 2.297758052711481452e-02
1.520000000000000058e-06 2.181552618551216849e-01 2.336447313164236386e-02
1.540000000000000079e-06 2.161826543144705626e-01 2.350437549168306675e-02
1.560000000000000099e-06 2.147035663587647802e-01 2.362548052305468715e-02
1.580000000000000119e-06 2.137546350038604381e-01 2.383560064746261323e-02
1.599999999999999928e-06 2.127475437542191983e-01 2.390565893535963327e-02
1.619999999999999948e-06 2.116792837395846671e-01 2.385260668062706355e-02
1.639999999999999968e-06 2.104714624134744194e-01 2.315442727162305911e-02
1.659999999999999988e-06 2.085446377819933639e-01 2.261827703947294488e-02
1.680000000000000009e-06 2.069575892006300932e-01 2.177888569938320196e-02
1.700000000000000029e-06 2.057774151746400437e-01 2.077333353595254770e-02
1.720000000000000049e-06 2.043908399222125194e-01 2.015442735917468559e-02
1.740000000000000069e-06 2.032756009959950927e-01 1.960568294264929817e-02
1.760000000000000090e-06 2.016623395084201908e-01 1.924202307384031627e-02
1.780000000000000110e-06 2.011436475652241263e-01 1.939820480051360901e-02
1.800000000000000130e-06 2.013345012116268817e-01 1.928821881851043238e-02
1.819999999999999939e-06 2.019536007630209073e-01 1.912400379012275942e-02
1.839999999999999959e-06 2.025921176880442209e-01 1.902911625997722248e-02
1.859999999999999979e-06 2.034710729235459648e-01 1.877667324165863127e-02
1.880000000000000000e-06 2.048300237372313870e-01 1.837886092497938509e-02
1.900000000000000020e-06 2.057437217717125455e-01 1.821972423192188759e-02
1.920000000000000252e-06 2.070846612242476237e-01 1.803086173095859099e-02
1.940000000000000060e-06 2.086827751915730222e-01 1.794505413630223187e-02
1.959999999999999869e-06 2.106471189740734273e-01 1.789832924149713234e-02
1.980000000000000101e-06 2.124924484067094721e-01 1.830786336275903523e-02
1.999999999999999909e-06 2.144302219749629757e-01 1.827193630916501554e-02
2.020000000000000142e-06 2.167858371474520873e-01 1.824306485580052400e-02
2.039999999999999950e-06 2.190991516747090584e-01 1.818669345198201115e-02
2.060000000000000182e-06 2.214480839108898536e-01 1.787133546454215335e-02
2.079999999999999991e-06 2.229320438979682795e-01 1.773075351849176182e-02
2.100000000000000223e-06 2.244003736931370618e-01 1.733502631483194861e-02
2.120000000000000031e-06 2.260553608839300788e-01 1.697108824235541574e-02
2.139999999999999840e-06 2.275244648942399417e-01 1.682517267862953039e-02
2.160000000000000072e-06 2.296587832094960924e-01 1.635844476013159979e-02
2.179999999999999880e-06 2.319053154355651403e-01 1.580729932854309933e-02
2.200000000000000112e-06 2.340384360811738340e-01 1.541941065768870356e-02
2.219999999999999921e-06 2.359331845296699648e-01 1.484835096411677921e-02
2.240000000000000153e-06 2.375271982935955595e-01 1.438868312393781941e-02
2.259999999999999961e-06 2.393792327981080215e-01 1.442566351074403390e-02
2.280000000000000193e-06 2.415288870301296187e-01 1.432468717747325572e-02
2.300000000000000002e-06 2.434867008477122896e-01 1.424707994406616829e-02
2.320000000000000234e-06 2.452814453357348989e-01 1.329168429954120240e-02
2.340000000000000042e-06 2.470975227330902413e-01 1.302352207611996715e-02
2.359999999999999851e-06 2.491286466040786296e-01 1.309635595180715442e-02
2.380000000000000083e-06 2.510755830661619559e-01 1.304019200159760132e-02
2.399999999999999891e-06 2.527120432045083520e-01 1.288389740593201896e-02
2.420000000000000123e-06 2.544946178649759028e-01 1.267603907635664676e-02
2.439999999999999932e-06 2.561330840004842346e-01 1.253920585235848185e-02
2.460000000000000164e-06 2.581280947517257118e-01 1.223965020189246404e-02
2.479999999999999972e-06 2.600717448001911847e-01 1.173013091665803427e-02
2.500000000000000205e-06 2.629730373753925710e-01 1.152946780526335410e-02
2.520000000000000013e-06 2.657579784805262912e-01 1.149907383312932796e-02
2.540000000000000245e-06 2.682162731104779652e-01 1.101152697843912724e-02
2.560000000000000054e-06 2.705867883252519035e-01 1.096022703262518674e-02
2.579999999999999862e-06 2.730050109505887113e-01 1.130538078745680318e-02
2.600000000000000094e-06 2.748762460764631044e-01 1.210162412642832447e-02
2.619999999999999903e-06 2.765280004548525961e-01 1.273845886712189623e-02
2.640000000000000135e-06 2.781171752724545532e-01 1.305157750153568968e-02
2.659999999999999943e-06 2.800551156916373241e-01 1.370323773477791565e-02
2.680000000000000175e-06 2.822722131496255282e-01 1.415984364256804399e-02
2.699999999999999984e-06 2.846461399014137417e-01 1.439152983059940535e-02
2.720000000000000216e-06 2.870035484229785383e-01 1.495895902447240411e-02
2.740000000000000024e-06 2.893446847381677123e-01 1.523122766568110222e-02
2.760000000000000256e-06 2.911598971746360842e-01 1.488511372567864928e-02
2.780000000000000065e-06 2.921100145731749809e-01 1.460545171471012635e-02
2.799999999999999873e-06 2.931712581548664986e-01 1.443944836121645835e-02
2.820000000000000105e-06 2.943791506731612828e-01 1.445290365078449706e-02
2.839999999999999914e-06 2.957644554317164221e-01 1.357317923155599605e-02
2.860000000000000146e-06 2.972653332269676318e-01 1.309221992515870875e-02
2.879999999999999954e-06 2.983970091267382219e-01 1.291927738929435181e-02
2.900000000000000186e-06 2.987512090801087150e-01 1.258337924464381086e-02
2.919999999999999995e-06 2.987115492247580661e-01 1.207022514908075161e-02
2.940000000000000227e-06 2.985991176290357374e-01 1.141868991445311315e-02
2.960000000000000035e-06 2.987569954164086550e-01 1.075279272632743977e-02
2.980000000000000267e-06 2.990955668130042544e-01 1.037048139706506396e-02
3.000000000000000076e-06 2.990032049579653961e-01 9.932381999076282317e-03
3.019999999999999885e-06 2.990293444053120364e-01 9.675686015967546044e-03
3.040000000000000117e-06 2.990832101183461544e-01 9.660556107664841283e-03
3.059999999999999925e-06 2.997882976952261358e-01 9.565122858243792561e-03
3.080000000000000157e-06 3.005269563924929388e-01 1.059205208655135400e-02
3.099999999999999966e-06 3.007434392845129700e-01 1.112937374820456050e-02
3.120000000000000198e-06 3.004130398783134148e-01 1.171052647761259939e-02
3.140000000000000006e-06 3.001442383953319415e-01 1.204133047728540851e-02
3.160000000000000238e-06 2.996042168157682095e-01 1.216228851543533357e-02
3.180000000000000047e-06 2.988797900975202482e-01 1.160326879062199487e-02
3.199999999999999855e-06 2.978695182370380001e-01 1.105430979226626996e-02
3.220000000000000087e-06 2.975030262039891071e-01 1.054667341641211606e-02
3.239999999999999896e-06 2.968844179041651432e-01 9.641012315712481351e-03
3.260000000000000128e-06 2.963930647907473959e-01 8.960321994660182601e-03
3.279999999999999936e-06 2.966202440649457484e-01 7.545938819454039645e-03
3.300000000000000168e-06 2.964356483177428281e-01 5.891344891990382346e-03
3.319999999999999977e-06 2.963606586750364147e-01 4.716071493723107168e-03
3.340000000000000209e-06 2.956755395143561560e-01 3.658478576469830802e-03
3.360000000000000017e-06 2.948380562906496860e-01 2.688121168918623360e-03
3.380000000000000249e-06 2.935510781070629904e-01 1.853756174311007492e-03
3.400000000000000058e-06 2.924775739715686496e-01 7.521471767278830808e-04
3.419999999999999866e-06 2.914309721283211974e-01 -4.354601190322271442e-04
3.440000000000000098e-06 2.911536256615177565e-01 -1.964358145974358719e-03
3.459999999999999907e-06 2.910813229458944495e-01 -3.435916225641199098e-03
3.480000000000000139e-06 2.902382624075497963e-01 -4.312916549560881149e-03
3.499999999999999947e-06 2.892722300807957780e-01 -5.124257171163672762e-03
3.520000000000000180e-06 2.882952917699111439e-01 -5.884881594175903584e-03
3.539999999999999988e-06 2.870550118293319630e-01 -6.429242550391634121e-03
3.560000000000000220e-06 2.865404659696533796e-01 -6.745703338472943712e-03
3.580000000000000029e-06 2.862956941535471089e-01 -7.217351454301980038e-03
3.600000000000000261e-06 2.872015912055074782e-01 -7.521220003939104587e-03
3.620000000000000069e-06 2.880206003647240998e-01 -7.981920014805625463e-03
3.639999999999999878e-06 2.887976140602087072e-01 -8.440026618481111589e-03
3.660000000000000110e-06 2.890541394535797171e-01 -9.314127731635623783e-03
3.679999999999999918e-06 2.892715275720770252e-01 -9.901216363992383987e-03
3.700000000000000150e-06 2.892727331038371097e-01 -1.038443720079401840e-02
3.719999999999999959e-06 2.895652767548503315e-01 -1.092572928566581253e-02
3.740000000000000191e-06 2.898807895600504225e-01 -1.168784999267225531e-02
3.759999999999999999e-06 2.902328516981934059e-01 -1.256278639041156012e-02
3.780000000000000231e-06 2.910528729701328254e-01 -1.312818823907355853e-02
3.800000000000000040e-06 2.923236523970354495e-01 -1.369616094778138872e-02
3.819999999999999848e-06 2.938605287568707980e-01 -1.405356331819315047e-02
3.840000000000000504e-06 2.958875898123922155e-01 -1.456666471339413543e-02
3.860000000000000312e-06 2.975254091752898011e-01 -1.480587330124742522e-02
3.880000000000000121e-06 2.992543445326261708e-01 -1.484351729427909640e-02
3.899999999999999929e-06 3.004841114140004432e-01 -1.513960549302430583e-02
3.919999999999999738e-06 3.017872792936178161e-01 -1.533987792435594077e-02
3.940000000000000393e-06 3.029496548030458647e-01 -1.551901071334692295e-02
3.960000000000000202e-06 3.031323189157641429e-01 -1.538671765662889476e-02
3.980000000000000010e-06 3.035896843057493411e-01 -1.542715128788928886e-02
3.999999999999999819e-06 3.044402084672636621e-01 -1.546372114741823012e-02
4.020000000000000475e-06 3.054712390214224249e-01 -1.539117495237843879e-02
4.040000000000000283e-06 3.064961629263086018e-01 -1.515676183801070893e-02
4.060000000000000092e-06 3.073824402487835283e-01 -1.474892776181158972e-02
4.079999999999999900e-06 3.088629335013813870e-01 -1.460232648043349561e-02
4.099999999999999709e-06 3.105972548321846993e-01 -1.416856445483415626e-02
4.120000000000000364e-06 3.122691131910058093e-01 -1.389373012263849828e-02
4.140000000000000173e-06 3.144617712934965614e-01 -1.320984370473014119e-02
4.159999999999999981e-06 3.167849241441422770e-01 -1.276724679934995374e-02
4.179999999999999790e-06 3.189130212325080316e-01 -1.224875906435506957e-02
4.200000000000000445e-06 3.209726659302754581e-01 -1.165016346964872600e-02
4.220000000000000254e-06 3.228200552795961187e-01 -1.064248040600737112e-02
4.240000000000000062e-06 3.242057553582477492e-01 -9.491544603491426299e-03
4.259999999999999871e-06 3.255358474769583510e-01 -8.385063670598302474e-03
4.279999999999999679e-06 3.265003829739516750e-01 -7.281750299238920129e-03
4.300000000000000335e-06 3.277732323551981741e-01 -6.628153161034789145e-03
4.320000000000000143e-06 3.285494119162439275e-01 -5.795934501645862852e-03
4.339999999999999952e-06 3.294432999362879588e-01 -5.319595183004133428e-03
4.359999999999999760e-06 3.302829658463978246e-01 -4.581441260621259282e-03
4.380000000000000416e-06 3.320732062118934014e-01 -3.730614307948988510e-03
4.400000000000000224e-06 3.334358657391827130e-01 -3.339145432712042807e-03
4.420000000000000033e-06 3.349660187161954683e-01 -2.624512875802478135e-03
4.439999999999999841e-06 3.365855400284123999e-01 -2.030503486755800072e-03
4.460000000000000497e-06 3.377314608458315548e-01 -1.339649558397285707e-03
4.480000000000000305e-06 3.389903393549356103e-01 -3.456643507058720878e-04
4.500000000000000114e-06 3.402599613857835159e-01 4.815639507918373623e-04
4.519999999999999923e-06 3.415139557892757916e-01 1.933403552030883450e-03
4.539999999999999731e-06 3.424311555394486950e-01 3.081070090735323758e-03
4.560000000000000387e-06 3.427854192643877695e-01 4.198877272659846255e-03
4.580000000000000195e-06 3.434077827517700299e-01 5.131607332227623719e-03
4.600000000000000004e-06 3.441711456853757123e-01 6.081084752314273867e-03
4.619999999999999812e-06 3.446607494981928643e-01 7.182018479861278400e-03
4.640000000000000468e-06 3.452622580530678720e-01 8.270986078612613951e-03
4.660000000000000276e-06 3.457276526359918112e-01 9.282141788362936394e-03
4.680000000000000085e-06 3.457744709667954774e-01 9.937107592360367933e-03
4.699999999999999893e-06 3.469629203921886784e-01 1.090154874037001925e-02
4.719999999999999702e-06 3.477858494184220550e-01 1.173435325802765945e-02
4.740000000000000357e-06 3.486349406382891480e-01 1.221893290948131323e-02
4.760000000000000166e-06 3.494087965093229387e-01 1.260269682169808288e-02
4.779999999999999974e-06 3.499258846218611940e-01 1.275685210714047266e-02
4.799999999999999783e-06 3.500164837896097003e-01 1.275805648984423314e-02
4.820000000000000438e-06 3.503413093591312699e-01 1.257495074813482633e-02
4.840000000000000247e-06 3.508009958760817670e-01 1.222803283066032677e-02
4.860000000000000055e-06 3.509415316789692429e-01 1.197860916933436021e-02
4.879999999999999864e-06 3.508042146693932661e-01 1.148465893997958204e-02
4.900000000000000519e-06 3.505519913755962835e-01 1.109869152245269303e-02
4.920000000000000328e-06 3.504731863399493386e-01 1.082380929357148851e-02
4.940000000000000136e-06 3.506672030438147125e-01 1.026817182913024665e-02
4.959999999999999945e-06 3.510231813584934191e-01 1.026806252550817311e-02
4.979999999999999753e-06 3.509996178043497950e-01 1.047278433617089208e-02
5.000000000000000409e-06 3.513255619546422071e-01 1.021842541734810719e-02
5.020000000000000218e-06 3.510803217533047249e-01 1.017759551170605535e-02
5.040000000000000026e-06 3.510110388094780376e-01 9.527185474865047105e-03
5.059999999999999835e-06 3.514414834861190884e-01 8.877210820268844130e-03
5.080000000000000490e-06 3.521148079371798079e-01 8.409503489684550318e-03
5.100000000000000299e-06 3.531063584065347039e-01 8.005126939793121357e-03
5.120000000000000107e-06 3.543209239929269727e-01 7.438000160825452949e-03
5.139999999999999916e-06 3.550250922973527956e-01 6.792345315233004610e-03
5.159999999999999724e-06 3.558894633533904450e-01 6.108017769449209516e-03
5.180000000000000380e-06 3.569636669974468046e-01 5.356493471795582134e-03
5.200000000000000188e-06 3.581810219057816047e-01 4.653427771755706127e-03
5.219999999999999997e-06 3.592004647309927634e-01 3.721372456914708894e-03
5.239999999999999805e-06 3.596048892285705900e-01 2.598247346942402034e-03
5.260000000000000461e-06 3.610466549601639707e-01 1.959233436125215264e-03
5.280000000000000269e-06 3.617752564193182918e-01 1.257655236708475838e-03
5.300000000000000078e-06 3.626272779256025647e-01 5.802808813940351978e-04
5.319999999999999886e-06 3.638518589897657418e-01 3.176614619960937860e-04
5.339999999999999695e-06 3.647021480750350930e-01 -1.226632165092655816e-04
5.360000000000000350e-06 3.652964513342526476e-01 -3.992702684409654918e-04
5.380000000000000159e-06 3.654866013586069995e-01 -6.639597636919968926e-04
5.399999999999999967e-06 3.655187693412319527e-01 -1.020763859810282052e-03
5.419999999999999776e-06 3.655901194376472985e-01 -1.426902896458204185e-03
5.440000000000000431e-06 3.652570320650623814e-01 -1.872469791206692264e-03
5.460000000000000240e-06 3.646648145181023426e-01 -1.708384930032862429e-03
5.480000000000000048e-06 3.642285756736009517e-01 -1.512993352451347208e-03
5.499999999999999857e-06 3.641934255508137985e-01 -1.240855153096643779e-03
5.520000000000000513e-06 3.639468078864152023e-01 -1.079624416381035285e-03
5.540000000000000321e-06 3.638108550694563736e-01 -1.252687669575687154e-03
5.560000000000000130e-06 3.634907614016407162e-01 -1.426843750453200572e-03
5.579999999999999938e-06 3.635596240322451211e-01 -1.682466794511665526e-03
5.599999999999999747e-06 3.636881523657538584e-01 -1.765136669972151590e-03
5.620000000000000402e-06 3.641182251920440649e-01 -1.835394687159448441e-03
5.640000000000000211e-06 3.643850593233972091e-01 -1.800245993553508577e-03
5.660000000000000019e-06 3.648534281683359914e-01 -1.887975353298048005e-03
5.679999999999999828e-06 3.653723051933934762e-01 -1.914683079154956384e-03
5.700000000000000483e-06 3.660057990561785823e-01 -1.931281379795244486e-03
5.720000000000000292e-06 3.667902965083004729e-01 -1.670909879007734808e-03
5.740000000000000100e-06 3.680287807794945798e-01 -1.364834867829910463e-03
5.759999999999999909e-06 3.691163384915738255e-01 -1.230699407471619409e-03
5.779999999999999717e-06 3.699156833828726731e-01 -1.077858721953495148e-03
5.800000000000000373e-06 3.709038836691435637e-01 -8.432229103466870558e-04
5.820000000000000181e-06 3.719226835871722314e-01 -4.678264535955855880e-04
5.839999999999999990e-06 3.722399242995790281e-01 -5.041703128613516998e-04
5.859999999999999798e-06 3.727095792758268744e-01 2.032886957081147974e-04
5.880000000000000454e-06 3.729579025055931862e-01 6.700124858888178905e-04
5.900000000000000262e-06 3.731942273812661748e-01 1.339656568333542604e-03
5.920000000000000071e-06 3.730347798670278769e-01 1.337417838806946894e-03
5.939999999999999879e-06 3.731244302790377998e-01 1.466157435154078403e-03
5.960000000000000535e-06 3.733994358325521401e-01 1.528914784115482754e-03
5.980000000000000343e-06 3.739304952856032371e-01 1.470892973035218274e-03
6.000000000000000152e-06 3.746488068329247301e-01 1.578871438550857225e-03
6.019999999999999961e-06 3.750224721178074261e-01 1.328555347355142623e-03
6.039999999999999769e-06 3.761223010088871055e-01 1.563298286598604515e-03
6.060000000000000425e-06 3.769780787305619385e-01 1.563716282039733299e-03
6.080000000000000233e-06 3.776133398318484713e-01 1.274190416194438420e-03
6.100000000000000042e-06 3.779231525508267020e-01 1.073331780039159418e-03
6.119999999999999850e-06 3.787261287954529210e-01 8.992751299582479917e-04
6.140000000000000506e-06 3.796551351833934995e-01 6.502448576531505561e-04
6.160000000000000314e-06 3.806094942888965660e-01 3.403741440325491838e-04
6.180000000000000123e-06 3.817577812295427919e-01 1.165822187850773483e-05
6.199999999999999931e-06 3.828725209023977061e-01 -3.319846699405060229e-04
6.219999999999999740e-06 3.842302503210740516e-01 -6.699166472803663513e-04
6.240000000000000395e-06 3.857978323821907862e-01 -7.248529519224055978e-04
6.260000000000000204e-06 3.872418226283539378e-01 -6.695901644228796808e-04
6.280000000000000012e-06 3.887383100587076257e-01 -3.582529536380230258e-04
6.299999999999999821e-06 3.895877604147720552e-01 3.732799147024845474e-05
6.320000000000000476e-06 3.908416437395419440e-01 2.114407709342980301e-04
6.340000000000000285e-06 3.920713437344672259e-01 6.650907767129499420e-04
6.360000000000000093e-06 3.933260049117374146e-01 1.087528443326724005e-03
6.379999999999999902e-06 3.947058158708257602e-01 1.785179604488966714e-03
6.399999999999999710e-06 3.963668961429804849e-01 2.512782794400427681e-03
6.420000000000000366e-06 3.973912679797148573e-01 3.174185357641946380e-03
6.440000000000000174e-06 3.985893612362650384e-01 2.904600554964811322e-03
6.459999999999999983e-06 3.990730498812697924e-01 2.984830768291781705e-03
6.479999999999999791e-06 3.994309818517287614e-01 2.790738871478285442e-03
6.500000000000000447e-06 3.994246581006068997e-01 2.485559322151916720e-03
6.520000000000000256e-06 3.992177573574599569e-01 2.506105061500735285e-03
6.540000000000000064e-06 3.986956323914395139e-01 2.491774778124020498e-03
6.559999999999999873e-06 3.980707326403636337e-01 2.535929338076330520e-03
6.580000000000000528e-06 3.978655694577314383e-01 2.417910134294481029e-03
6.600000000000000337e-06 3.976040261998980418e-01 2.368844884646136451e-03
6.620000000000000145e-06 3.977771856764732439e-01 2.309999642908961825e-03
6.639999999999999954e-06 3.981637152682931946e-01 2.325150662446139830e-03
6.659999999999999762e-06 3.984850687002078340e-01 2.315930859340534394e-03
6.680000000000000418e-06 3.990160099366560909e-01 2.591934367123117228e-03
6.700000000000000226e-06 3.990620900938738336e-01 3.264079437488990806e-03
6.720000000000000035e-06 3.989610728742927215e-01 3.749671691797885030e-03
6.739999999999999843e-06 3.988360077434114914e-01 4.072455102819920111e-03
6.760000000000000499e-06 3.988374024139558771e-01 4.420220349265095022e-03
6.780000000000000307e-06 3.990944055949958158e-01 4.852100718757823908e-03
6.800000000000000116e-06 3.995713916812828059e-01 4.907290780831169603e-03
6.819999999999999924e-06 3.991581950891818220e-01 4.791235924093711733e-03
6.839999999999999733e-06 3.991570797264585302e-01 4.709720347974022565e-03
6.860000000000000388e-06 3.988403259991612493e-01 4.492252850944099436e-03
6.880000000000000197e-06 3.989359424940112642e-01 4.152734276346759651e-03
6.900000000000000005e-06 3.985494268332225865e-01 4.102369766971689959e-03
6.919999999999999814e-06 3.983188062562744713e-01 3.960070246202934338e-03
6.940000000000000469e-06 3.978933855903511452e-01 3.821584714547209861e-03
6.960000000000000278e-06 3.971743984140047590e-01 3.376271769135907441e-03
6.980000000000000086e-06 3.967921874510191294e-01 3.044692487698754096e-03
6.999999999999999895e-06 3.964878848161628166e-01 2.590679780569873306e-03
7.020000000000000551e-06 3.960225359977048720e-01 2.164229936764231442e-03
7.040000000000000359e-06 3.958216104421118930e-01 1.916669064314813209e-03
7.060000000000000168e-06 3.958573349383330275e-01 1.768717162077784733e-03
7.079999999999999976e-06 3.961947777609027832e-01 1.456390767009933980e-03
7.099999999999999785e-06 3.965953422605169032e-01 1.883359203271134982e-03
7.120000000000000440e-06 3.969650149651720028e-01 1.825994266352406982e-03
7.140000000000000249e-06 3.970336249410090224e-01 1.769071688318228901e-03
7.160000000000000057e-06 3.974196164437951428e-01 1.801981261894988143e-03
7.179999999999999866e-06 3.977042578736459388e-01 1.808460408196041003e-03
7.200000000000000521e-06 3.979370908424901820e-01 1.454526647011969431e-03
7.220000000000000330e-06 3.978983922730816580e-01 1.111788962350354626e-03
7.240000000000000138e-06 3.980687674523600839e-01 5.654730134724728508e-04
7.259999999999999947e-06 3.979573940604857474e-01 -1.998347802031585874e-04
7.279999999999999755e-06 3.981808742164967829e-01 -5.179543817161408412e-04
7.300000000000000411e-06 3.984013726677757550e-01 -9.095240019202649332e-04
7.320000000000000219e-06 3.990402989808059520e-01 -1.458924935229201055e-03
7.340000000000000028e-06 3.994584314072672226e-01 -2.093053646674247672e-03
7.359999999999999836e-06 4.000047978138117077e-01 -2.771921616941923436e-03
7.380000000000000492e-06 4.007361522175432178e-01 -3.377074249813793658e-03
7.400000000000000300e-06 4.015214400461485367e-01 -3.768210981157183847e-03
7.420000000000000109e-06 4.022556957950192413e-01 -4.090176546239555379e-03
7.439999999999999917e-06 4.032583896528643685e-01 -4.255023783881320236e-03
7.460000000000000573e-06 4.044976491355362080e-01 -4.094601986720593917e-03
7.480000000000000381e-06 4.057803727554494810e-01 -4.136983458389086564e-03
7.500000000000000190e-06 4.072257666585387681e-01 -3.960567379522331871e-03
7.519999999999999999e-06 4.087678670852879503e-01 -3.471308555653506052e-03
7.539999999999999807e-06 4.101819785466027657e-01 -3.206157884438752981e-03
7.560000000000000463e-06 4.116763169739969808e-01 -2.992467259179734489e-03
7.580000000000000271e-06 4.135823197654197036e-01 -2.744075758692184498e-03
7.600000000000000080e-06 4.157540978033281709e-01 -2.530177030024245884e-03
7.619999999999999888e-06 4.171144822520277962e-01 -2.468362374856599741e-03
7.639999999999999697e-06 4.191338178147335225e-01 -2.135283952265082299e-03
7.659999999999999505e-06 4.208741644470323506e-01 -2.066837990404704183e-03
7.680000000000001008e-06 4.223741534288468769e-01 -2.065717864132573557e-03
7.700000000000000816e-06 4.233864191358512885e-01 -2.074260460001072903e-03
7.720000000000000625e-06 4.243264746846566737e-01 -2.243295677083505333e-03
7.740000000000000433e-06 4.250130465273881941e-01 -2.493822682263616836e-03
7.760000000000000242e-06 4.255905797644203847e-01 -2.883030246592304269e-03
7.780000000000000050e-06 4.257459295007460787e-01 -3.321929545017069177e-03
7.799999999999999859e-06 4.256790339884408136e-01 -3.809943937864774654e-03
7.819999999999999667e-06 4.260117942178348605e-01 -4.190224712129580337e-03
7.839999999999999476e-06 4.262575580884624959e-01 -4.475601995246337658e-03
7.860000000000000978e-06 4.265865724452526098e-01 -4.870467228350299459e-03
7.880000000000000787e-06 4.264183925929961316e-01 -4.963509967951180643e-03
7.900000000000000595e-06 4.265464967022887799e-01 -5.021960469656766395e-03
7.920000000000000404e-06 4.265393852288543730e-01 -5.108892664424986678e-03
7.940000000000000212e-06 4.269657109804218531e-01 -4.924515021911143008e-03
7.960000000000000021e-06 4.272747378066648616e-01 -4.148315221152287097e-03
7.979999999999999829e-06 4.276414739883088734e-01 -4.052698321495068826e-03
7.999999999999999638e-06 4.281627162706573841e-01 -3.614564778965523393e-03
8.019999999999999446e-06 4.283893204740638061e-01 -3.126630463705131185e-03
8.040000000000000949e-06 4.279924505370927279e-01 -2.782719022082171933e-03
8.060000000000000758e-06 4.276824258621010899e-01 -2.427875954450145132e-03
8.080000000000000566e-06 4.280367267750532778e-01 -2.249071004666717156e-03
8.100000000000000375e-06 4.279811137745733740e-01 -1.740432814127371728e-03
8.120000000000000183e-06 4.280487025332024853e-01 -1.604902803651465752e-03
8.139999999999999992e-06 4.277554867824150397e-01 -1.287258409077343072e-03
8.159999999999999800e-06 4.276851757718123093e-01 -5.837229547146271852e-04
8.179999999999999609e-06 4.270569389640215818e-01 4.734755263742451649e-05
8.199999999999999417e-06 4.265854468345215422e-01 6.498741469892132736e-04
8.220000000000000920e-06 4.262881980137278037e-01 1.176708868388815984e-03
8.240000000000000728e-06 4.258350701196046417e-01 1.736554454953359670e-03
8.260000000000000537e-06 4.251392032063712745e-01 2.349568122306147210e-03
8.280000000000000345e-06 4.247621519388758982e-01 2.845766902433929241e-03
8.300000000000000154e-06 4.244707323537547650e-01 3.330397976168591404e-03
8.319999999999999962e-06 4.240577182396101374e-01 3.882550987447492066e-03
8.339999999999999771e-06 4.240395991723494018e-01 4.557731958116707262e-03
8.359999999999999579e-06 4.240879701859294748e-01 5.081346212156314691e-03
8.379999999999999388e-06 4.245154891768748162e-01 5.730159283156094352e-03
8.400000000000000890e-06 4.245716031227658727e-01 6.192990128942516166e-03
8.420000000000000699e-06 4.244832726735641715e-01 6.887478000519504408e-03
8.440000000000000507e-06 4.247212606585374362e-01 7.582211819072938105e-03
8.460000000000000316e-06 4.250225988598848592e-01 8.326839368229558766e-03
8.480000000000000124e-06 4.254043039276912408e-01 9.213357372444887575e-03
8.499999999999999933e-06 4.259440691732400697e-01 1.023421961094845428e-02
8.519999999999999742e-06 4.266368533045405975e-01 1.124618295639688570e-02
8.539999999999999550e-06 4.273085649047163037e-01 1.237898572000613491e-02
8.559999999999999359e-06 4.279607253378969745e-01 1.349243584043051045e-02
8.580000000000000861e-06 4.284328797358905594e-01 1.471803901422604789e-02
8.600000000000000670e-06 4.293073657042175695e-01 1.594429273873319841e-02
8.620000000000000478e-06 4.301891791754690608e-01 1.714154341762190448e-02
8.640000000000000287e-06 4.308911689233182463e-01 1.838656362669283811e-02
8.660000000000000095e-06 4.314799538069049034e-01 1.915201395749989086e-02
8.679999999999999904e-06 4.317225351643699804e-01 2.003387431322604245e-02
8.699999999999999712e-06 4.317887816039322479e-01 2.064015367467367246e-02
8.719999999999999521e-06 4.321304956848019407e-01 2.103889014526710149e-02
8.740000000000001023e-06 4.322870481025734013e-01 2.165380038185032649e-02
8.760000000000000832e-06 4.325146014415139906e-01 2.231779204577222231e-02
8.780000000000000640e-06 4.329642137308576388e-01 2.308091023298462080e-02
8.800000000000000449e-06 4.336985143714512936e-01 2.381424664995754337e-02
8.820000000000000257e-06 4.347251131409238800e-01 2.428850108385393822e-02
8.840000000000000066e-06 4.351604036406591658e-01 2.461988105123700393e-02
8.859999999999999874e-06 4.360232814133355728e-01 2.507471715377218233e-02
8.879999999999999683e-06 4.370353009107321718e-01 2.544686910240820388e-02
8.899999999999999491e-06 4.378930578186054912e-01 2.605749526609555528e-02
8.920000000000000994e-06 4.386921797634545372e-01 2.654894312474152807e-02
8.940000000000000802e-06 4.392710249427042024e-01 2.677089236086792334e-02
8.960000000000000611e-06 4.398265325185637398e-01 2.726767860438212773e-02
8.980000000000000419e-06 4.402922591962870058e-01 2.803455638671726799e-02
9.000000000000000228e-06 4.407585114046998487e-01 2.865791059064088514e-02
9.020000000000000037e-06 4.412562458567499957e-01 2.969414502103254888e-02
9.039999999999999845e-06 4.413719468036457205e-01 3.063352006508866451e-02
9.059999999999999654e-06 4.415798121188309056e-01 3.145670058806031982e-02
9.079999999999999462e-06 4.417193645021212922e-01 3.241055414919333938e-02
9.100000000000000965e-06 4.417826032828308103e-01 3.331742387520503224e-02
9.120000000000000773e-06 4.421091479873295871e-01 3.415483666637546267e-02
9.140000000000000582e-06 4.420671145456058770e-01 3.477479816047043815e-02
9.160000000000000390e-06 4.419427211408983314e-01 3.549269614072843304e-02
9.180000000000000199e-06 4.417912031144010099e-01 3.620361701665215926e-02
9.200000000000000007e-06 4.419329573942152867e-01 3.676285608434939206e-02
9.219999999999999816e-06 4.418391070659150599e-01 3.731635943133882610e-02
9.239999999999999624e-06 4.419230804141787150e-01 3.786854581767080258e-02
9.259999999999999433e-06 4.423978849029512883e-01 3.820112533723619280e-02
9.280000000000000935e-06 4.427275904247277016e-01 3.866085394689127569e-02
9.300000000000000744e-06 4.430063859340258037e-01 3.899533165799310558e-02
9.320000000000000552e-06 4.427729374756985692e-01 3.941472975245576688e-02
9.340000000000000361e-06 4.425038031170677733e-01 3.965520405463323489e-02
9.360000000000000169e-06 4.425985643431543659e-01 3.975852031900317662e-02
9.379999999999999978e-06 4.427155451452355339e-01 3.962165846511087053e-02
9.399999999999999786e-06 4.425158236282956681e-01 3.960244219211334071e-02
9.419999999999999595e-06 4.424417113334058738e-01 3.953632032497463034e-02
9.439999999999999403e-06 4.421981923878402498e-01 3.913441048413290879e-02
9.460000000000000906e-06 4.419597697445386553e-01 3.891943664838654060e-02
9.480000000000000715e-06 4.418407913862080205e-01 3.872039029948203676e-02
9.500000000000000523e-06 4.422394052550995824e-01 3.844460570805439265e-02
9.520000000000000332e-06 4.428610635483669067e-01 3.817802063893072778e-02
9.540000000000000140e-06 4.430347821863629409e-01 3.820259508660642928e-02
9.559999999999999949e-06 4.434318102545201090e-01 3.747592044592199662e-02
9.579999999999999757e-06 4.433257954228475017e-01 3.708436747636650876e-02
9.599999999999999566e-06 4.433633468288918911e-01 3.664905099008771566e-02
9.619999999999999374e-06 4.435981114718633433e-01 3.644776686175354302e-02
9.640000000000000877e-06 4.438535274037457290e-01 3.610462114324202582e-02
9.660000000000000685e-06 4.442599568311272895e-01 3.578886229749719816e-02
9.680000000000000494e-06 4.449081033708328636e-01 3.558103732735468094e-02
9.700000000000000302e-06 4.457192005732770190e-01 3.566034391780419088e-02
9.720000000000000111e-06 4.466326919031649023e-01 3.562301042365133286e-02
9.739999999999999919e-06 4.475336774869238532e-01 3.523079908326149506e-02
9.759999999999999728e-06 4.483918813861434427e-01 3.480030531831309476e-02
9.779999999999999536e-06 4.492777201664331921e-01 3.417556451107001819e-02
9.800000000000001039e-06 4.500381995258648238e-01 3.328662418527780775e-02
9.820000000000000847e-06 4.507192545559338681e-01 3.228847836426611967e-02
9.840000000000000656e-06 4.512982352194646052e-01 3.122674555617791642e-02
9.860000000000000464e-06 4.519095613127883659e-01 3.021038520850788042e-02
9.880000000000000273e-06 4.526706347085743820e-01 2.929242591475660767e-02
9.900000000000000081e-06 4.534970055862628247e-01 2.828179573347617756e-02
9.919999999999999890e-06 4.543777022957440903e-01 2.739766019598192937e-02
9.939999999999999698e-06 4.548813874344706520e-01 2.656298267947714356e-02
9.959999999999999507e-06 4.557253067757818799e-01 2.577990066769848126e-02
9.980000000000001010e-06 4.564708744678459551e-01 2.508287951929404416e-02
1.000000000000000082e-05 4.568721949695661033e-01 2.423394335771432082e-02
1.002000000000000063e-05 4.581022496779734166e-01 2.346172392285524044e-02
1.004000000000000044e-05 4.587293869759986875e-01 2.314087397803396215e-02
1.006000000000000024e-05 4.590872810118365455e-01 2.253768192771675102e-02
1.008000000000000005e-05 4.589186653120556625e-01 2.193294786444800748e-02
1.009999999999999986e-05 4.590298391138621370e-01 2.164014031403922733e-02
1.011999999999999967e-05 4.594012612453525213e-01 2.147202687428578088e-02
1.013999999999999948e-05 4.596203852120151478e-01 2.132561910943793493e-02
1.016000000000000098e-05 4.599875037520857468e-01 2.110335199041770554e-02
1.018000000000000079e-05 4.600752121094703884e-01 2.094918471768224266e-02
1.020000000000000060e-05 4.602703875441887527e-01 2.091745016621283579e-02
1.022000000000000041e-05 4.607437584616988491e-01 2.077093395885077146e-02
1.024000000000000021e-05 4.613069439653466608e-01 2.040377788700615397e-02
1.026000000000000002e-05 4.617583537537521265e-01 1.964049796309930845e-02
1.027999999999999983e-05 4.617046868607262988e-01 1.907996797844042566e-02
1.029999999999999964e-05 4.615550012658078960e-01 1.847116260699647322e-02
1.031999999999999945e-05 4.614456736813171700e-01 1.793698630310515754e-02
1.034000000000000095e-05 4.613799192842592545e-01 1.736007607759827015e-02
1.036000000000000076e-05 4.614022757861721558e-01 1.682101035299553293e-02
1.038000000000000057e-05 4.614340501248930804e-01 1.642066515023785089e-02
1.040000000000000038e-05 4.616530153884330634e-01 1.592358737709609687e-02
1.042000000000000018e-05 4.615105059220562245e-01 1.544674995641847313e-02
1.043999999999999999e-05 4.614548090807767400e-01 1.529857656922855962e-02
1.045999999999999980e-05 4.613385344973358060e-01 1.511100344130533908e-02
1.047999999999999961e-05 4.614826277351496975e-01 1.504644672109346423e-02
1.049999999999999942e-05 4.617043213054254913e-01 1.491586354396773860e-02
1.052000000000000092e-05 4.622290103059500943e-01 1.506579321592353519e-02
1.054000000000000073e-05 4.622060171213437929e-01 1.538484302890663104e-02
1.056000000000000054e-05 4.623326576601614613e-01 1.555224690712340638e-02
1.058000000000000035e-05 4.625248191537604248e-01 1.559866201273547512e-02
1.060000000000000016e-05 4.627572645150913599e-01 1.575815946892436883e-02
1.061999999999999996e-05 4.633069288654583229e-01 1.591665415010678000e-02
1.063999999999999977e-05 4.639013946550589740e-01 1.653837258463667498e-02
1.065999999999999958e-05 4.641425453189857997e-01 1.713608708836684980e-02
1.067999999999999939e-05 4.644419606720108229e-01 1.807672863236672173e-02
1.070000000000000089e-05 4.643288296009502325e-01 1.878194164251284146e-02
1.072000000000000070e-05 4.642347811644707001e-01 1.945909251461416453e-02
1.074000000000000051e-05 4.641491384886916038e-01 2.033681845623337356e-02
1.076000000000000032e-05 4.640724278663082014e-01 2.094268952323423763e-02
1.078000000000000013e-05 4.637703490512288806e-01 2.111781618415247558e-02
1.079999999999999993e-05 4.638247316389400576e-01 2.134528322805867226e-02
1.081999999999999974e-05 4.634488364729293375e-01 2.171589908159047080e-02
1.083999999999999955e-05 4.633134979799608533e-01 2.218848598914482939e-02
1.086000000000000105e-05 4.632298273992165871e-01 2.288659385391940068e-02
1.088000000000000086e-05 4.634216185691251155e-01 2.320882243853229429e-02
1.090000000000000067e-05 4.634821483431278977e-01 2.339987453458719155e-02
1.092000000000000048e-05 4.637667409054068712e-01 2.353433833090216171e-02
1.094000000000000029e-05 4.640800287415390857e-01 2.344491969127117034e-02
1.096000000000000010e-05 4.640784464799459497e-01 2.370897510205618314e-02
1.097999999999999991e-05 4.639434574451160587e-01 2.396265947619439368e-02
1.099999999999999971e-05 4.639591644434270523e-01 2.416820040911455553e-02
1.101999999999999952e-05 4.639686653716766918e-01 2.422811743891591096e-02
1.104000000000000103e-05 4.642036289244202973e-01 2.458188206286536157e-02
1.106000000000000083e-05 4.646029039239401581e-01 2.493179911880403707e-02
1.108000000000000064e-05 4.650648180379113317e-01 2.506176095108167412e-02
1.110000000000000045e-05 4.655461718224837009e-01 2.501732098635258555e-02
1.112000000000000026e-05 4.658249592535663730e-01 2.506938926968990330e-02
1.114000000000000007e-05 4.662659908670276909e-01 2.516756441777040151e-02
1.115999999999999988e-05 4.666735443038682041e-01 2.523532945179651765e-02
1.117999999999999968e-05 4.673139715681358664e-01 2.530309448582263726e-02
1.119999999999999949e-05 4.679968998670523406e-01 2.543256463525270239e-02
1.122000000000000100e-05 4.687937363754812736e-01 2.564830778797103777e-02
1.124000000000000080e-05 4.694041947669542747e-01 2.603107925148526181e-02
1.126000000000000061e-05 4.697485689131816744e-01 2.641385071499949624e-02
1.128000000000000042e-05 4.699577470950152547e-01 2.683337273969040038e-02
1.130000000000000023e-05 4.703779859771745619e-01 2.725755163328825656e-02
1.132000000000000004e-05 4.705478549040835179e-01 2.768234321908635831e-02
1.133999999999999985e-05 4.709338687079974717e-01 2.829273645943139459e-02
1.135999999999999966e-05 4.713723346331937791e-01 2.886270773737312570e-02
1.137999999999999946e-05 4.717614343121359632e-01 2.967839074870552013e-02
1.140000000000000097e-05 4.719043752852932760e-01 3.050145483676995617e-02
1.142000000000000077e-05 4.722472557294180584e-01 3.121717086466712851e-02
1.144000000000000058e-05 4.726010795354369520e-01 3.204368304089302150e-02
1.146000000000000039e-05 4.726048762230428135e-01 3.300988241781191435e-02
1.148000000000000020e-05 4.727123480714698345e-01 3.388623776570625495e-02
1.150000000000000001e-05 4.729862606122960389e-01 3.471167592062898016e-02
1.151999999999999982e-05 4.730526957420523870e-01 3.555468801932389067e-02
1.153999999999999963e-05 4.733142387555744901e-01 3.616253100868938725e-02
1.155999999999999943e-05 4.735926173028435215e-01 3.683235748086403222e-02
1.158000000000000094e-05 4.741563720599626941e-01 3.754327022903711231e-02
1.160000000000000075e-05 4.745801324690848144e-01 3.827142989337137952e-02
1.162000000000000055e-05 4.749968556285468213e-01 3.904510244491950222e-02
1.164000000000000036e-05 4.751883006094095863e-01 3.939719079252247680e-02
1.166000000000000017e-05 4.755860298166992850e-01 3.964520314074218565e-02
1.167999999999999998e-05 4.761017201875578087e-01 3.963877769390970751e-02
1.169999999999999979e-05 4.764133769319339184e-01 3.967631234219442388e-02
1.171999999999999960e-05 4.769122809545118247e-01 3.992261776101140025e-02
1.173999999999999941e-05 4.777272788882183097e-01 4.007068713182580094e-02
1.176000000000000091e-05 4.783153722338498448e-01 4.038312896501632110e-02
1.178000000000000072e-05 4.791358890832668749e-01 4.064323369475483089e-02
1.180000000000000052e-05 4.798509320744696605e-01 4.052789547393276931e-02
1.182000000000000033e-05 4.805109554840747421e-01 4.064405306248255328e-02
1.184000000000000014e-05 4.814531442365709291e-01 4.092291984497112289e-02
1.185999999999999995e-05 4.821590842624188800e-01 4.145726615622576106e-02
1.187999999999999976e-05 4.832092769771661467e-01 4.168618499187926041e-02
1.189999999999999957e-05 4.844031375881697188e-01 4.176856935569677604e-02
1.192000000000000107e-05 4.854696842929721035e-01 4.169707707912129885e-02
1.194000000000000088e-05 4.863401461576488116e-01 4.155589761569479512e-02
1.196000000000000069e-05 4.871970260880633119e-01 4.146967973925527740e-02
1.198000000000000050e-05 4.876628128722457212e-01 4.083364584588222712e-02
1.200000000000000030e-05 4.886350840124445982e-01 4.022250976467629802e-02
1.202000000000000011e-05 4.896693091849412260e-01 3.965111601064621322e-02
1.203999999999999992e-05 4.909039224575934002e-01 3.903615628170303831e-02
1.205999999999999973e-05 4.913557784697081821e-01 3.818472781372288932e-02
1.207999999999999954e-05 4.916062788703268183e-01 3.761272337350209799e-02
1.210000000000000104e-05 4.920244452061608431e-01 3.714339806849339259e-02
1.212000000000000085e-05 4.924411481974309002e-01 3.633430627272800362e-02
1.214000000000000066e-05 4.927232075742459250e-01 3.559438195299551716e-02
1.216000000000000047e-05 4.930542622232715888e-01 3.478408832856384053e-02
1.218000000000000027e-05 4.926877810088940435e-01 3.398592385555524592e-02
1.220000000000000008e-05 4.921980567157371866e-01 3.302501604612112507e-02
1.221999999999999989e-05 4.914768311521611199e-01 3.213598211047503928e-02
1.223999999999999970e-05 4.908783786374744107e-01 3.120623623278668754e-02
1.225999999999999951e-05 4.903845693241400960e-01 3.027747355853102271e-02
1.228000000000000101e-05 4.899433614480470656e-01 2.944690119639860673e-02
1.230000000000000082e-05 4.896788884157055599e-01 2.861632883426619423e-02
1.232000000000000063e-05 4.892025337762140880e-01 2.779671926233144921e-02
1.234000000000000044e-05 4.888655657586040149e-01 2.701521870088016003e-02
1.236000000000000025e-05 4.887520200150028415e-01 2.604283455618904355e-02
1.238000000000000005e-05 4.889614777749774488e-01 2.508941735454620764e-02
1.239999999999999986e-05 4.894473450454259744e-01 2.409124405386969120e-02
1.241999999999999967e-05 4.898186486721539112e-01 2.318582602319304437e-02
1.243999999999999948e-05 4.901677073093244075e-01 2.223500627764447152e-02
1.246000000000000098e-05 4.906119252134502617e-01 2.133800607408754477e-02
1.248000000000000079e-05 4.905770439277375994e-01 2.023206530654329816e-02
1.250000000000000060e-05 4.904229420841758613e-01 1.921708549786535491e-02
1.252000000000000041e-05 4.901841289794198753e-01 1.839245982301086074e-02
1.254000000000000022e-05 4.899640005990748559e-01 1.776695164820686623e-02
1.256000000000000002e-05 4.899280410532355634e-01 1.693475499352485938e-02
1.257999999999999983e-05 4.900324274393997870e-01 1.618572446384347954e-02
1.259999999999999964e-05 4.901953393343995713e-01 1.540393757769216616e-02
1.261999999999999945e-05 4.902916955442158664e-01 1.483031878363697681e-02
1.264000000000000095e-05 4.904183579304030038e-01 1.453405718072281645e-02
1.266000000000000076e-05 4.905461020361027158e-01 1.422095460147560116e-02
1.268000000000000057e-05 4.906956520548618750e-01 1.392318698724801310e-02
1.270000000000000038e-05 4.908193240246086497e-01 1.348326974487981320e-02
1.272000000000000019e-05 4.911731253350471449e-01 1.306484698497216955e-02
1.274000000000000000e-05 4.915196321281771752e-01 1.279190548544547994e-02
1.275999999999999980e-05 4.919666070896046017e-01 1.250945299367537539e-02
1.277999999999999961e-05 4.923924271735587999e-01 1.232490748548843718e-02
1.279999999999999942e-05 4.926055909071578864e-01 1.206515606975329565e-02
1.282000000000000092e-05 4.927307702798210953e-01 1.182528418861157268e-02
1.284000000000000073e-05 4.928082013756595603e-01 1.155017092418339150e-02
1.286000000000000054e-05 4.927863468287819737e-01 1.133666635356000464e-02
1.288000000000000035e-05 4.928948898109187793e-01 1.112601021744752221e-02
1.290000000000000016e-05 4.931435474549562548e-01 1.088097217079968954e-02
1.291999999999999997e-05 4.933241513501980258e-01 1.051432164787066345e-02
1.293999999999999977e-05 4.934015740656396143e-01 1.018347353534606627e-02
1.295999999999999958e-05 4.935648656552460989e-01 9.838866310697972489e-03
1.298000000000000109e-05 4.937063334622247557e-01 9.428526731121397372e-03
1.300000000000000089e-05 4.939399128579674558e-01 9.128493329488524682e-03
1.302000000000000070e-05 4.943729854568175708e-01 8.424191356741314585e-03
1.304000000000000051e-05 4.947482422837892191e-01 7.759516055765890326e-03
1.306000000000000032e-05 4.953540939549231359e-01 6.768986907626647724e-03
1.308000000000000013e-05 4.958579985530115475e-01 5.727586989467085311e-03
1.309999999999999994e-05 4.964667123768765067e-01 4.634278039702870687e-03
1.311999999999999975e-05 4.970802002184230295e-01 3.424542423866867424e-03
1.313999999999999955e-05 4.973747310725636916e-01 2.391069334233218800e-03
1.316000000000000106e-05 4.977465348439513715e-01 1.172839114427379854e-03
1.318000000000000086e-05 4.981367393846407032e-01 -2.430510408792940915e-06
1.320000000000000067e-05 4.986929537088050646e-01 -1.240769054897826809e-03
1.322000000000000048e-05 4.992609044384568318e-01 -2.567530711084340441e-03
1.324000000000000029e-05 4.998973799240004623e-01 -3.787867966872759257e-03
1.326000000000000010e-05 5.003423963340665193e-01 -5.009717479892740466e-03
1.327999999999999991e-05 5.010042140602737337e-01 -6.032648515725643444e-03
1.329999999999999972e-05 5.018403659011948514e-01 -7.157073784557128372e-03
1.331999999999999952e-05 5.026170274273470406e-01 -8.069584531732837754e-03
1.334000000000000103e-05 5.034357690749639014e-01 -8.915388942496786998e-03
1.336000000000000084e-05 5.040899813676020802e-01 -9.694025513272275588e-03
1.338000000000000064e-05 5.045396951043110700e-01 -1.016404843551777827e-02
1.340000000000000045e-05 5.051541194969783044e-01 -1.108019335765436479e-02
1.342000000000000026e-05 5.056795605436829044e-01 -1.192172007134860434e-02
1.344000000000000007e-05 5.063443980194891614e-01 -1.275744010515591012e-02
1.345999999999999988e-05 5.070189977305552542e-01 -1.354961175496351491e-02
1.347999999999999969e-05 5.076725923774099147e-01 -1.451845045891008400e-02
1.349999999999999949e-05 5.083510632287153719e-01 -1.541755071731472533e-02
1.352000000000000100e-05 5.090676930149374835e-01 -1.619043740088215236e-02
1.354000000000000081e-05 5.095326130027576506e-01 -1.667020365160614900e-02
1.356000000000000061e-05 5.098709146913222856e-01 -1.714996990233014912e-02
1.358000000000000042e-05 5.100529975028662566e-01 -1.762973615305414576e-02
1.360000000000000023e-05 5.103406552410989505e-01 -1.790511340249044750e-02
1.362000000000000004e-05 5.107296939712208106e-01 -1.818904887956964561e-02
1.363999999999999985e-05 5.112922582633525614e-01 -1.821576303866760671e-02
1.365999999999999966e-05 5.116857969810106876e-01 -1.828804698109482915e-02
1.367999999999999947e-05 5.123280004102342966e-01 -1.838988155924003304e-02
1.370000000000000097e-05 5.130647789200186715e-01 -1.844840036691527269e-02
1.372000000000000078e-05 5.140524055435410355e-01 -1.882953545586473279e-02
1.374000000000000059e-05 5.150971033038868052e-01 -1.913587619143616511e-02
1.376000000000000039e-05 5.161271712832419256e-01 -1.944308556434908714e-02
1.378000000000000020e-05 5.167938221253955966e-01 -1.975029493726200222e-02
1.380000000000000001e-05 5.173594393340362751e-01 -1.992431160962876771e-02
1.381999999999999982e-05 5.178177625152300401e-01 -1.993858326918751880e-02
1.383999999999999963e-05 5.182614953106909894e-01 -2.020527051746618188e-02
1.386000000000000113e-05 5.187285690309255681e-01 -2.025904660823661316e-02
1.388000000000000094e-05 5.189868242749051674e-01 -2.027506754788293772e-02
1.390000000000000075e-05 5.189982279612624927e-01 -2.017795009768533210e-02
1.392000000000000056e-05 5.191366635770322535e-01 -1.994853148733677362e-02
1.394000000000000036e-05 5.191975327238611548e-01 -1.971911287698821513e-02
1.396000000000000017e-05 5.191029393925308266e-01 -1.939450499430394811e-02
1.397999999999999998e-05 5.191459023015231322e-01 -1.895497685660394241e-02
1.399999999999999979e-05 5.191898277960261820e-01 -1.808327592098485023e-02
1.401999999999999960e-05 5.193150846411367372e-01 -1.719080399589182143e-02
1.404000000000000110e-05 5.194576149756935379e-01 -1.606918674925389770e-02
1.406000000000000091e-05 5.194774441364982120e-01 -1.482368130187192330e-02
1.408000000000000072e-05 5.195564442831849261e-01 -1.370094419881076088e-02
1.410000000000000053e-05 5.197172252012941529e-01 -1.266878133475877327e-02
1.412000000000000034e-05 5.197263954401210029e-01 -1.173196377965169540e-02
1.414000000000000014e-05 5.197750420015160300e-01 -1.079380435571800599e-02
1.415999999999999995e-05 5.197570649837630619e-01 -9.957466630414054179e-03
1.417999999999999976e-05 5.198471915426821077e-01 -9.029648151956509369e-03
1.419999999999999957e-05 5.197544701402945222e-01 -8.173828339682200073e-03
1.422000000000000107e-05 5.196760724811150256e-01 -7.422154791859948524e-03
1.424000000000000088e-05 5.197039214187576528e-01 -6.385173928264993581e-03
1.426000000000000069e-05 5.195772943368290875e-01 -5.451781797359551811e-03
1.428000000000000050e-05 5.195108102574550468e-01 -4.572377232197086076e-03
1.430000000000000031e-05 5.196514630857415051e-01 -3.691074545099541377e-03
1.432000000000000011e-05 5.197678292185675675e-01 -2.828718041162795425e-03
1.433999999999999992e-05 5.198509642750454018e-01 -2.169440544756293370e-03
1.435999999999999973e-05 5.200186760126224161e-01 -1.306840789204732249e-03
1.437999999999999954e-05 5.202692672292399401e-01 -4.012949136600357683e-04
1.440000000000000104e-05 5.204593214130109891e-01 2.957600923568803907e-04
1.442000000000000085e-05 5.205265336684850030e-01 9.795500428666852836e-04
1.444000000000000066e-05 5.206933833026529124e-01 1.728647526775514091e-03
1.446000000000000047e-05 5.208278155523405895e-01 2.477745010684335742e-03
1.448000000000000028e-05 5.209559847981108938e-01 3.226842494593163031e-03
1.450000000000000009e-05 5.213327912616901871e-01 3.822903354587976494e-03
1.451999999999999989e-05 5.218120212435866101e-01 4.460340907503222881e-03
1.453999999999999970e-05 5.222645596961105197e-01 4.943876227628094151e-03
1.455999999999999951e-05 5.228213460188029238e-01 5.272553369030086139e-03
1.458000000000000101e-05 5.234299048214823280e-01 5.557099373880512727e-03
1.460000000000000082e-05 5.237922582082544798e-01 5.726469483441833964e-03
1.462000000000000063e-05 5.239548650665032392e-01 5.885733335135759185e-03
1.464000000000000044e-05 5.240471679991604015e-01 6.071604976043907566e-03
1.466000000000000025e-05 5.241137705838125882e-01 6.418403176356549632e-03
1.468000000000000006e-05 5.244616617046689022e-01 6.786892720615754666e-03
1.469999999999999986e-05 5.248052226281800792e-01 7.239476587501410265e-03
1.471999999999999967e-05 5.251260953067691251e-01 7.719306275727669427e-03
1.473999999999999948e-05 5.253474790409324857e-01 8.199135963953925119e-03
1.476000000000000098e-05 5.257477686087477231e-01 8.678965652180186882e-03
1.478000000000000079e-05 5.260755654666380288e-01 9.169416883145171254e-03
1.480000000000000060e-05 5.264811429375808594e-01 9.614695637558304253e-03
1.482000000000000041e-05 5.264818999712950198e-01 1.011509246990592407e-02
1.484000000000000022e-05 5.266672106221054195e-01 1.047410894303665678e-02
1.486000000000000003e-05 5.267784042967018632e-01 1.095819542390356893e-02
1.487999999999999983e-05 5.269836646208774233e-01 1.128312846811339518e-02
1.489999999999999964e-05 5.270404862609026075e-01 1.165935357638057772e-02
1.492000000000000115e-05 5.272835471376587924e-01 1.186353574047843869e-02
1.494000000000000095e-05 5.274248834680469455e-01 1.233887565683782286e-02
1.496000000000000076e-05 5.277478600336777959e-01 1.280361572681563281e-02
1.498000000000000057e-05 5.280758084380622330e-01 1.326006716650526308e-02
1.500000000000000038e-05 5.285064357296992421e-01 1.371651860619489682e-02
1.502000000000000019e-05 5.290812169808793985e-01 1.396487713559375551e-02
1.504000000000000000e-05 5.296456567599426846e-01 1.425125437106836493e-02
1.505999999999999981e-05 5.301416441165489601e-01 1.457764763702222403e-02
1.507999999999999961e-05 5.309109477708395808e-01 1.477129915939933390e-02
1.510000000000000112e-05 5.314686187626911362e-01 1.492493711007405847e-02
1.512000000000000093e-05 5.320006445855337551e-01 1.505503065413113170e-02
1.514000000000000073e-05 5.324962470908267687e-01 1.522200067905284809e-02
1.516000000000000054e-05 5.329449037999000049e-01 1.546995541294469631e-02
1.518000000000000035e-05 5.333969147940053057e-01 1.571821732068379510e-02
1.520000000000000016e-05 5.340343540653149645e-01 1.591315357745134995e-02
1.521999999999999997e-05 5.346189075417433489e-01 1.604196428663768464e-02
1.523999999999999978e-05 5.351248780696833407e-01 1.604936690774533617e-02
1.525999999999999958e-05 5.357109036042596584e-01 1.618839457098818560e-02
1.527999999999999939e-05 5.362638936562131864e-01 1.621338923105413929e-02
1.529999999999999920e-05 5.369278095529486095e-01 1.605649353664394610e-02
1.531999999999999901e-05 5.377175843901276231e-01 1.589959784223375638e-02
1.533999999999999882e-05 5.381012420116293438e-01 1.573914544517710998e-02
1.536000000000000202e-05 5.387640745482955573e-01 1.569594202036634495e-02
1.538000000000000182e-05 5.391490425819192023e-01 1.560685313897256128e-02
1.540000000000000163e-05 5.393442387536830918e-01 1.576842266628455252e-02
1.542000000000000144e-05 5.395974922485659020e-01 1.574106890034958697e-02
1.544000000000000125e-05 5.398140369480924905e-01 1.563564374997542666e-02
1.546000000000000106e-05 5.398066979124681586e-01 1.560203877729323708e-02
1.548000000000000087e-05 5.398394845670958508e-01 1.553739468285745065e-02
1.550000000000000068e-05 5.399347901176672071e-01 1.553862514482062286e-02
1.552000000000000048e-05 5.400467811228844006e-01 1.555169265847051313e-02
1.554000000000000029e-05 5.401849450448160672e-01 1.544939920161630086e-02
1.556000000000000010e-05 5.403628843448161634e-01 1.544292161153857507e-02
1.557999999999999991e-05 5.406325242218329441e-01 1.543644402146084928e-02
1.559999999999999972e-05 5.410035516738033179e-01 1.516520866023827671e-02
1.561999999999999953e-05 5.413357155550965194e-01 1.504990913855216647e-02
1.563999999999999933e-05 5.418177595433560922e-01 1.476131402370039168e-02
1.565999999999999914e-05 5.422475983563360691e-01 1.450530108111038746e-02
1.567999999999999895e-05 5.427760782078034918e-01 1.469833716769406926e-02
1.569999999999999876e-05 5.433347665518523106e-01 1.486400987517758412e-02
1.572000000000000196e-05 5.439510918547538765e-01 1.494623076225884070e-02
1.574000000000000177e-05 5.441562029030496683e-01 1.515240455760043931e-02
1.576000000000000157e-05 5.444802860509388998e-01 1.542962984283102745e-02
1.578000000000000138e-05 5.448722693005686457e-01 1.574418478477980846e-02
1.580000000000000119e-05 5.453249244242993621e-01 1.610331661553010899e-02
1.582000000000000100e-05 5.456415969701591262e-01 1.646244844628040951e-02
1.584000000000000081e-05 5.458004895890578023e-01 1.682158027703071698e-02
1.586000000000000062e-05 5.456039887859064352e-01 1.717868068646702037e-02
1.588000000000000042e-05 5.454726028620292544e-01 1.759718558577092612e-02
1.590000000000000023e-05 5.450252056774654852e-01 1.796068794077433639e-02
1.592000000000000004e-05 5.447913377335525942e-01 1.810615401309714767e-02
1.593999999999999985e-05 5.445586417931975731e-01 1.775040873358063251e-02
1.595999999999999966e-05 5.445114115430556012e-01 1.743863153832880125e-02
1.597999999999999947e-05 5.445331791691738754e-01 1.707792530825084226e-02
1.599999999999999928e-05 5.447714671281357335e-01 1.685710102346952427e-02
1.601999999999999908e-05 5.449934870382289187e-01 1.663627673868821322e-02
1.603999999999999889e-05 5.453863186997458534e-01 1.622999079834513275e-02
1.605999999999999870e-05 5.456313867119901850e-01 1.565268248707035389e-02
1.608000000000000190e-05 5.460642903097615575e-01 1.507537417579556810e-02
1.610000000000000171e-05 5.460855362490441012e-01 1.482168591981631450e-02
1.612000000000000152e-05 5.462685979078250043e-01 1.465036335145272935e-02
1.614000000000000132e-05 5.463495974121160836e-01 1.443043522557952395e-02
1.616000000000000113e-05 5.463701605678834561e-01 1.454834210002308413e-02
1.618000000000000094e-05 5.463865535897965975e-01 1.485109813195151750e-02
1.620000000000000075e-05 5.465136428821917303e-01 1.498552678026547624e-02
1.622000000000000056e-05 5.465146759081034311e-01 1.545195796220533158e-02
1.624000000000000037e-05 5.465970286376456988e-01 1.570606968513952803e-02
1.626000000000000017e-05 5.466529295125011068e-01 1.589670902750302262e-02
1.627999999999999998e-05 5.469235254500102172e-01 1.610046143651554934e-02
1.629999999999999979e-05 5.471616167993891278e-01 1.628940212695695680e-02
1.631999999999999960e-05 5.473835591018321178e-01 1.647834281739836079e-02
1.633999999999999941e-05 5.476049065541735983e-01 1.666728350783976131e-02
1.635999999999999922e-05 5.480147762067341111e-01 1.685309499885320056e-02
1.637999999999999903e-05 5.480532102525608185e-01 1.698211080132691966e-02
1.639999999999999883e-05 5.479835121633953587e-01 1.725598950954678606e-02
1.642000000000000203e-05 5.478750989271066185e-01 1.743385783139480769e-02
1.644000000000000184e-05 5.478962499185295876e-01 1.752697726625565555e-02
1.646000000000000165e-05 5.480319770660954104e-01 1.755218103259768847e-02
1.648000000000000146e-05 5.483255153128567816e-01 1.757291173656716499e-02
1.650000000000000127e-05 5.485354411427852961e-01 1.739028861125286110e-02
1.652000000000000107e-05 5.489235900114735056e-01 1.694551075853924921e-02
1.654000000000000088e-05 5.493421807590214145e-01 1.639158905598523189e-02
1.656000000000000069e-05 5.497203471844746003e-01 1.585543584674694792e-02
1.658000000000000050e-05 5.500647604127409940e-01 1.527770819157174900e-02
1.660000000000000031e-05 5.504432218027173196e-01 1.458355387032477662e-02
1.662000000000000012e-05 5.509272185576380432e-01 1.388939954907780772e-02
1.663999999999999992e-05 5.515701626318343376e-01 1.308960108523657927e-02
1.665999999999999973e-05 5.519109484691352430e-01 1.236652111252355656e-02
1.667999999999999954e-05 5.524564236008324691e-01 1.171621091825220291e-02
1.669999999999999935e-05 5.529935581374307851e-01 1.106590072398085794e-02
1.671999999999999916e-05 5.534225189794581556e-01 1.042206912998587531e-02
1.673999999999999897e-05 5.535967081884980434e-01 9.755702410031798222e-03
1.675999999999999878e-05 5.538180792001142771e-01 9.199424504228606234e-03
1.678000000000000197e-05 5.540666809447175600e-01 8.635484215232035882e-03
1.680000000000000178e-05 5.543213751497464425e-01 7.996719438927489196e-03
1.682000000000000159e-05 5.544772183004940125e-01 7.357954662622944245e-03
1.684000000000000140e-05 5.546556620659646164e-01 6.718002384221618759e-03
1.686000000000000121e-05 5.546933118522564543e-01 5.862206164400548744e-03
1.688000000000000101e-05 5.548544326086023437e-01 5.016633874164564029e-03
1.690000000000000082e-05 5.550173170869424633e-01 4.171061583928588855e-03
1.692000000000000063e-05 5.552477265528501515e-01 3.167348550064197701e-03
1.694000000000000044e-05 5.555239276771871682e-01 2.179057913448616528e-03
1.696000000000000025e-05 5.558486216875314634e-01 1.343253474672955220e-03
1.698000000000000006e-05 5.562227573723592666e-01 2.993561256065024921e-04
1.699999999999999987e-05 5.566317784755397957e-01 -5.811239916784094331e-04
1.701999999999999967e-05 5.569426182450244456e-01 -1.286845944998934359e-03
1.703999999999999948e-05 5.574279551201601901e-01 -1.581128795735695656e-03
1.705999999999999929e-05 5.577570745515501027e-01 -1.723313291070486261e-03
1.707999999999999910e-05 5.580409984858314409e-01 -1.865497786405276867e-03
1.709999999999999891e-05 5.582625703737655876e-01 -2.178407229181832192e-03
1.711999999999999872e-05 5.586087242058550562e-01 -2.495163107548300455e-03
1.714000000000000191e-05 5.588842128818871657e-01 -2.538837261573043558e-03
1.716000000000000172e-05 5.592569256768133990e-01 -2.471455242474131925e-03
1.718000000000000153e-05 5.596665362415649270e-01 -2.483131619898468895e-03
1.720000000000000134e-05 5.603824022776556779e-01 -2.509246167535279619e-03
1.722000000000000115e-05 5.608687454571978925e-01 -2.425040743142294931e-03
1.724000000000000096e-05 5.615282575090926320e-01 -2.618237150638138503e-03
1.726000000000000076e-05 5.619450672190834384e-01 -2.644641940242848949e-03
1.728000000000000057e-05 5.624334006371018990e-01 -2.991158534661875375e-03
1.730000000000000038e-05 5.627345364037683595e-01 -3.267463405569110812e-03
1.732000000000000019e-05 5.631393073874891853e-01 -3.543768276476333239e-03
1.734000000000000000e-05 5.633142617274157216e-01 -3.631634096661848568e-03
1.735999999999999981e-05 5.635501646569878176e-01 -3.477238523207386387e-03
1.737999999999999962e-05 5.637006163302715755e-01 -3.270664878302291956e-03
1.739999999999999942e-05 5.638999778709523625e-01 -2.951157752674413506e-03
1.741999999999999923e-05 5.640075838676641418e-01 -2.631650627046540260e-03
1.743999999999999904e-05 5.642650637486343879e-01 -2.471296938075737745e-03
1.745999999999999885e-05 5.644629424317085808e-01 -2.310943249104944336e-03
1.748000000000000205e-05 5.648278311273661201e-01 -2.224509203515325634e-03
1.750000000000000186e-05 5.650582951458990033e-01 -2.138075157925705197e-03
1.752000000000000166e-05 5.653188562835150810e-01 -1.933625624098826885e-03
1.754000000000000147e-05 5.656055166269825518e-01 -1.775177703338288830e-03
1.756000000000000128e-05 5.660591869830338130e-01 -1.656650987150789459e-03
1.758000000000000109e-05 5.662717220627895287e-01 -1.622060122471211596e-03
1.760000000000000090e-05 5.665819594417078608e-01 -1.606243061688752451e-03
1.762000000000000071e-05 5.669387715903267955e-01 -1.590426000906286583e-03
1.764000000000000051e-05 5.671873845564575634e-01 -1.325746508782130835e-03
1.766000000000000032e-05 5.674403010324404750e-01 -1.142051725628125992e-03
1.768000000000000013e-05 5.678559013106422304e-01 -9.583569424741167049e-04
1.769999999999999994e-05 5.682630899371526878e-01 -6.925841836082602095e-04
1.771999999999999975e-05 5.686223442728587374e-01 -4.268114247423948778e-04
1.773999999999999956e-05 5.690064841236099902e-01 -1.610386658765428005e-04
1.775999999999999937e-05 5.695743762898153317e-01 9.457616251034472359e-05
1.777999999999999917e-05 5.701427341875462407e-01 3.283910391843614107e-04
1.779999999999999898e-05 5.705116765753185382e-01 5.025203328400040456e-04
1.781999999999999879e-05 5.707077969641336512e-01 7.817588429879763177e-04
1.784000000000000199e-05 5.710617256899638283e-01 1.060997353135957263e-03
1.786000000000000180e-05 5.713820520690725546e-01 1.276575883289914363e-03
1.788000000000000160e-05 5.717798921425254477e-01 1.656572026558174099e-03
1.790000000000000141e-05 5.721484096847295753e-01 1.963802767924085601e-03
1.792000000000000122e-05 5.725615743942426006e-01 2.247350344362191062e-03
1.794000000000000103e-05 5.728488311313749692e-01 2.530897920800292619e-03
1.796000000000000084e-05 5.730299956653555071e-01 2.934128483160338818e-03
1.798000000000000065e-05 5.731645253489078273e-01 3.391986516163401130e-03
1.800000000000000046e-05 5.733881890124381542e-01 3.840270451337639366e-03
1.802000000000000026e-05 5.735706849496476911e-01 4.463352445843691250e-03
1.804000000000000007e-05 5.739081314849489024e-01 5.315860782643202359e-03
1.805999999999999988e-05 5.740549245568340453e-01 6.144876394213647473e-03
1.807999999999999969e-05 5.740104104882655101e-01 6.897395785437252305e-03
1.809999999999999950e-05 5.740143482456401269e-01 7.636591833932784672e-03
1.811999999999999931e-05 5.741485269166374250e-01 8.375787882428306630e-03
1.813999999999999912e-05 5.743120218678936517e-01 8.899474206758099457e-03
1.815999999999999892e-05 5.743733012829660423e-01 9.423160531087888814e-03
1.817999999999999873e-05 5.744072141298836032e-01 1.009039396109019833e-02
1.820000000000000193e-05 5.745835400711802876e-01 1.056404411189488385e-02
1.822000000000000174e-05 5.747640038702052090e-01 1.120100938964434766e-02
1.824000000000000155e-05 5.750300529401058958e-01 1.165251301183205940e-02
1.826000000000000135e-05 5.753041508012919358e-01 1.210401663401976594e-02
1.828000000000000116e-05 5.757163295292597738e-01 1.254094877938977809e-02
1.830000000000000097e-05 5.761822026344018965e-01 1.297788092475977637e-02
1.832000000000000078e-05 5.764356689095939679e-01 1.358435200468040283e-02
1.834000000000000059e-05 5.766923921558408939e-01 1.425944096598392302e-02
1.836000000000000040e-05 5.770871962688692847e-01 1.493452992728745363e-02
1.838000000000000021e-05 5.773132613725578954e-01 1.562319442451967459e-02
1.840000000000000001e-05 5.776344700453892589e-01 1.616094806844671841e-02
1.841999999999999982e-05 5.779901757308172350e-01 1.669870171237375009e-02
1.843999999999999963e-05 5.782655737371461546e-01 1.707889665053906325e-02
1.845999999999999944e-05 5.783017370917798994e-01 1.753294422075041964e-02
1.847999999999999925e-05 5.785018273150498436e-01 1.801176151717271204e-02
1.849999999999999906e-05 5.786139304194681809e-01 1.852162293598519707e-02
1.851999999999999887e-05 5.787189868608260124e-01 1.918787315847170563e-02
1.854000000000000206e-05 5.788565124273568063e-01 1.985114970425067710e-02
1.856000000000000187e-05 5.790364584928556768e-01 2.048550473192947002e-02
1.858000000000000168e-05 5.790886917841681081e-01 2.111985975960826642e-02
1.860000000000000149e-05 5.792695444160498308e-01 2.149437233766715930e-02
1.862000000000000130e-05 5.794147597452429244e-01 2.174665366371934111e-02
1.864000000000000110e-05 5.796552745579168775e-01 2.198409838124031415e-02
1.866000000000000091e-05 5.797159882468554404e-01 2.222154309876127679e-02
1.868000000000000072e-05 5.798428177481291801e-01 2.245898781628224636e-02
1.870000000000000053e-05 5.797650428160607827e-01 2.290526600113341679e-02
1.872000000000000034e-05 5.798136112050389368e-01 2.349976474884805933e-02
1.874000000000000015e-05 5.799050497235199719e-01 2.410469551512568059e-02
1.875999999999999996e-05 5.801150470624939492e-01 2.474482321020864128e-02
1.877999999999999976e-05 5.803679145309708076e-01 2.538495090529160197e-02
1.879999999999999957e-05 5.807329538767366239e-01 2.602507860037456613e-02
1.881999999999999938e-05 5.810378422145715538e-01 2.672256230006487751e-02
1.883999999999999919e-05 5.814104359067976402e-01 2.751327642520944375e-02
1.885999999999999900e-05 5.817195808321383721e-01 2.817720989773990492e-02
1.887999999999999881e-05 5.819822745981908518e-01 2.890827826578691584e-02
1.890000000000000200e-05 5.822551188421140056e-01 2.952228038287716544e-02
1.892000000000000181e-05 5.825831060570630937e-01 3.013628249996741157e-02
1.894000000000000162e-05 5.828816083135254233e-01 3.054219170676688438e-02
1.896000000000000143e-05 5.831078311217413601e-01 3.099162139629699220e-02
1.898000000000000124e-05 5.832053143904619708e-01 3.144105108582709307e-02
1.900000000000000105e-05 5.834250387349840805e-01 3.189048077535719394e-02
1.902000000000000085e-05 5.836804545575507985e-01 3.246386337314764031e-02
1.904000000000000066e-05 5.838931209816532464e-01 3.327950736457805508e-02
1.906000000000000047e-05 5.840235040423196189e-01 3.413375071488852774e-02
1.908000000000000028e-05 5.842605385774837234e-01 3.488924258899846198e-02
1.910000000000000009e-05 5.845332645906925473e-01 3.566928580926068126e-02
1.911999999999999990e-05 5.849196120245836461e-01 3.628491141640858425e-02
1.913999999999999971e-05 5.852689546725227121e-01 3.686528163030637628e-02
1.915999999999999951e-05 5.857030410732326775e-01 3.721884578774579955e-02
1.917999999999999932e-05 5.861523955671430475e-01 3.761391546316571882e-02
1.919999999999999913e-05 5.866743375463515653e-01 3.796831235795324055e-02
1.921999999999999894e-05 5.871473585654822802e-01 3.815080542565494476e-02
1.923999999999999875e-05 5.877057900996751627e-01 3.846131113176762262e-02
1.926000000000000194e-05 5.882969339051451474e-01 3.877181683788029354e-02
1.928000000000000175e-05 5.889968994811508596e-01 3.900215358619560369e-02
1.930000000000000156e-05 5.897295773284334519e-01 3.919345916838229416e-02
1.932000000000000137e-05 5.905813121769121210e-01 3.938476475056898463e-02
1.934000000000000118e-05 5.913088876539157601e-01 3.958034967245155356e-02
1.936000000000000099e-05 5.919839847895151941e-01 3.977593459433410861e-02
1.938000000000000080e-05 5.923727839454180355e-01 3.997151951621667060e-02
1.940000000000000060e-05 5.927534886033009043e-01 3.997719303382013534e-02
1.942000000000000041e-05 5.930395405763753125e-01 4.004633893199430195e-02
1.944000000000000022e-05 5.934176781134785639e-01 3.988335222685090303e-02
1.946000000000000003e-05 5.937955346938159629e-01 3.972036552170752494e-02
1.947999999999999984e-05 5.939976497358617769e-01 3.952405020143663628e-02
1.949999999999999965e-05 5.942273594338545184e-01 3.932773488116574068e-02
1.951999999999999946e-05 5.943982857126393071e-01 3.918971160498662537e-02
1.953999999999999926e-05 5.945204880893837363e-01 3.913917875641723804e-02
1.955999999999999907e-05 5.947381922825804024e-01 3.908864590784785070e-02
1.957999999999999888e-05 5.949105974726426327e-01 3.906451634962009728e-02
1.960000000000000208e-05 5.952020596639008287e-01 3.898537428739118349e-02
1.962000000000000189e-05 5.953601739280071081e-01 3.890623222516227664e-02
1.964000000000000169e-05 5.956144567708575588e-01 3.855354928516499524e-02
1.966000000000000150e-05 5.958969793557469252e-01 3.814598379191237038e-02
1.968000000000000131e-05 5.961449796945336166e-01 3.779973692115396605e-02
1.970000000000000112e-05 5.961872975349106207e-01 3.759187108720019738e-02
1.972000000000000093e-05 5.963499396814665454e-01 3.737780504874896326e-02
1.974000000000000074e-05 5.966372972504579986e-01 3.728413133110658473e-02
1.976000000000000055e-05 5.969201819285858690e-01 3.725711724506323985e-02
1.978000000000000035e-05 5.968432099628374621e-01 3.709970271517931684e-02
1.980000000000000016e-05 5.968495835460688737e-01 3.694228818529539382e-02
1.981999999999999997e-05 5.968263957312435197e-01 3.674482588388221921e-02
1.983999999999999978e-05 5.968591290332523336e-01 3.639250540374617399e-02
1.985999999999999959e-05 5.969135791296023008e-01 3.604018492361012183e-02
1.987999999999999940e-05 5.969084010895662207e-01 3.542806925441396165e-02
1.989999999999999921e-05 5.969249398438709608e-01 3.472852830470131436e-02
1.991999999999999901e-05 5.970551325642745599e-01 3.423708026527942649e-02
1.993999999999999882e-05 5.970843174502015183e-01 3.362787128898452049e-02
1.996000000000000202e-05 5.972268296731816362e-01 3.301747481059282008e-02
1.998000000000000183e-05 5.973857448711965556e-01 3.233966237774558994e-02
