0.000000000000000000e+00 3.479525652197579385e-04 -2.671806616696088821e-02
2.000000000000000042e-08 -6.472038980261984919e-04 -2.559963292810625221e-02
4.000000000000000084e-08 -4.559812679887942388e-04 -2.553306761107356632e-02
6.000000000000000787e-08 -1.286689050605271966e-04 -2.548165510051260407e-02
8.000000000000000167e-08 3.114524249007222310e-04 -2.543024258995163142e-02
9.999999999999999547e-08 8.643827218949295954e-04 -2.536084365690030595e-02
1.200000000000000157e-07 1.528437598146759014e-03 -2.533834828159049063e-02
1.400000000000000095e-07 2.267131649735633272e-03 -2.536235084260803768e-02
1.600000000000000033e-07 3.061489949112944191e-03 -2.534712187709337733e-02
1.799999999999999971e-07 3.921202600800889441e-03 -2.535069922703900996e-02
1.999999999999999909e-07 4.844441048770937487e-03 -2.537997710994366329e-02
2.200000000000000112e-07 5.903590830629376271e-03 -2.540413726607727851e-02
2.400000000000000315e-07 7.095515395195355762e-03 -2.543175551588709726e-02
2.599999999999999988e-07 8.294362683259615121e-03 -2.548823293352009065e-02
2.800000000000000191e-07 9.593060842704084074e-03 -2.548297805953850248e-02
2.999999999999999864e-07 1.116628722081421284e-02 -2.537823206128675402e-02
3.200000000000000067e-07 1.266477925594963576e-02 -2.536434644581578995e-02
3.400000000000000270e-07 1.425910533059447649e-02 -2.533987152398325601e-02
3.599999999999999943e-07 1.588683198379989975e-02 -2.530805755753014891e-02
3.800000000000000146e-07 1.764650421892480225e-02 -2.532560179922781554e-02
3.999999999999999819e-07 1.947474673120744987e-02 -2.518007683959662402e-02
4.200000000000000022e-07 2.141511284840907220e-02 -2.510519657372829727e-02
4.400000000000000224e-07 2.343138614230679331e-02 -2.499708212422431519e-02
4.599999999999999898e-07 2.551809948294706323e-02 -2.485284616747877873e-02
4.800000000000000630e-07 2.769363083810261542e-02 -2.471854378588151865e-02
4.999999999999999774e-07 2.994858891620607796e-02 -2.462005549403867635e-02
5.199999999999999976e-07 3.220722105221757170e-02 -2.452027449838138640e-02
5.400000000000000179e-07 3.438316355411512315e-02 -2.449427901688088632e-02
5.600000000000000382e-07 3.671901478219961185e-02 -2.450715360856359562e-02
5.800000000000000585e-07 3.886974123975123901e-02 -2.410282617396651561e-02
5.999999999999999728e-07 4.123365704955538752e-02 -2.411427743329242271e-02
6.199999999999999931e-07 4.355961036868610803e-02 -2.395009717861934853e-02
6.400000000000000134e-07 4.603549986128616101e-02 -2.382277808464304189e-02
6.600000000000000337e-07 4.810628491357302194e-02 -2.350507397949354316e-02
6.800000000000000539e-07 5.054429348298208891e-02 -2.338055164711676237e-02
6.999999999999999683e-07 5.289805724703624396e-02 -2.300609594275710226e-02
7.199999999999999886e-07 5.544039330439416713e-02 -2.272279253527602697e-02
7.400000000000000089e-07 5.800665048859515727e-02 -2.243979625053814375e-02
7.600000000000000291e-07 6.057198484724407583e-02 -2.219170478134116498e-02
7.800000000000000494e-07 6.326868012386446805e-02 -2.182701150974360876e-02
7.999999999999999638e-07 6.603496862594798733e-02 -2.160207265193582124e-02
8.199999999999999841e-07 6.880359717601992886e-02 -2.132044839452187229e-02
8.400000000000000043e-07 7.181936349781176121e-02 -2.091952822793530231e-02
8.600000000000000246e-07 7.484237925965886440e-02 -2.041914559364877910e-02
8.800000000000000449e-07 7.797894078418857178e-02 -2.016623978157675370e-02
9.000000000000000652e-07 8.115769272880818397e-02 -1.988781829029039050e-02
9.199999999999999795e-07 8.438243089521271778e-02 -1.954756790105632858e-02
9.399999999999999998e-07 8.777739933202585720e-02 -1.937200003198218806e-02
9.600000000000001260e-07 9.110090353689406784e-02 -1.910617905405092437e-02
9.799999999999999345e-07 9.440397563104876988e-02 -1.883868986752371827e-02
9.999999999999999547e-07 9.770056270827637279e-02 -1.856528692085919127e-02
1.019999999999999975e-06 1.007515952865388476e-01 -1.814223182187979858e-02
1.039999999999999995e-06 1.036852037176090174e-01 -1.797672076801530919e-02
1.060000000000000016e-06 1.068771758708406544e-01 -1.759416558869486905e-02
1.080000000000000036e-06 1.100446442325372781e-01 -1.730890144197197444e-02
1.100000000000000056e-06 1.129642165883296412e-01 -1.724445917501603656e-02
1.120000000000000076e-06 1.159208722049849816e-01 -1.711745363027803585e-02
1.140000000000000097e-06 1.188260686905225905e-01 -1.699494749422349529e-02
1.160000000000000117e-06 1.218033603145152466e-01 -1.686238271548361201e-02
1.179999999999999925e-06 1.247409835329585104e-01 -1.669780992429305971e-02
1.199999999999999946e-06 1.276661168009191050e-01 -1.658327545773043837e-02
1.219999999999999966e-06 1.305421609063644184e-01 -1.638399820390194078e-02
1.239999999999999986e-06 1.333650118449425936e-01 -1.625731282811097508e-02
1.260000000000000007e-06 1.362769379253367663e-01 -1.619120591027832512e-02
1.280000000000000027e-06 1.391128455090324401e-01 -1.600344832316874175e-02
1.300000000000000047e-06 1.419693610830421171e-01 -1.584313896859057894e-02
1.320000000000000067e-06 1.450225957657949871e-01 -1.569523055812867274e-02
1.340000000000000088e-06 1.477028038938495158e-01 -1.540405848531291311e-02
1.360000000000000108e-06 1.503982635601104345e-01 -1.515915949478727383e-02
1.380000000000000128e-06 1.533279323822950013e-01 -1.495988026216719946e-02
1.399999999999999937e-06 1.561492616503072084e-01 -1.478809602063072166e-02
1.419999999999999957e-06 1.588871897439634862e-01 -1.469936298988967251e-02
1.439999999999999977e-06 1.616640782525841091e-01 -1.453289543250239034e-02
1.459999999999999997e-06 1.643296940014317975e-01 -1.434842685341752855e-02
1.480000000000000018e-06 1.668184479400691977e-01 -1.424472943850695755e-02
1.500000000000000038e-06 1.694202783775252685e-01 -1.410972399139597509e-02
1.520000000000000058e-06 1.720317149030453630e-01 -1.399967752625118356e-02
1.540000000000000079e-06 1.745513959902709189e-01 -1.394810861678971378e-02
1.560000000000000099e-06 1.769089933627279176e-01 -1.392614351552279306e-02
1.580000000000000119e-06 1.794172910230312223e-01 -1.397437433333228833e-02
1.599999999999999928e-06 1.818921914938594897e-01 -1.402063528705878998e-02
1.619999999999999948e-06 1.843077298581207724e-01 -1.409194005277167490e-02
1.639999999999999968e-06 1.867171296719396245e-01 -1.393619362810560695e-02
1.659999999999999988e-06 1.889450786187323039e-01 -1.394951653940324464e-02
1.680000000000000009e-06 1.910230116913718135e-01 -1.400100852832554879e-02
1.700000000000000029e-06 1.933594140033667308e-01 -1.421791112597660736e-02
1.720000000000000049e-06 1.955623118141010253e-01 -1.449536412242874960e-02
1.740000000000000069e-06 1.977513210862930637e-01 -1.476963763506087234e-02
1.760000000000000090e-06 1.998745818270032393e-01 -1.505491221806937174e-02
1.780000000000000110e-06 2.020291700266632628e-01 -1.511110640103038340e-02
1.800000000000000130e-06 2.042121576148419049e-01 -1.515441975309842620e-02
1.819999999999999939e-06 2.061292316333070140e-01 -1.513866630496891325e-02
1.839999999999999959e-06 2.080622583974512385e-01 -1.505764929158248666e-02
1.859999999999999979e-06 2.099266407585815564e-01 -1.527688442352865238e-02
1.880000000000000000e-06 2.120124048522963045e-01 -1.530866204522228317e-02
1.900000000000000020e-06 2.138515895150769064e-01 -1.559742435168304416e-02
1.920000000000000252e-06 2.157010053509090253e-01 -1.578163862276544052e-02
1.940000000000000060e-06 2.175370214791599588e-01 -1.597660653588996171e-02
1.959999999999999869e-06 2.191106320998608969e-01 -1.608308699235196093e-02
1.980000000000000101e-06 2.208288164668005815e-01 -1.633220247330904873e-02
1.999999999999999909e-06 2.221109474129520645e-01 -1.646699893486245833e-02
2.020000000000000142e-06 2.235340957274019880e-01 -1.658432519953921547e-02
2.039999999999999950e-06 2.249011895160469843e-01 -1.674316694994285731e-02
2.060000000000000182e-06 2.261743031438519513e-01 -1.698536622627214859e-02
2.079999999999999991e-06 2.272898092417220406e-01 -1.725157829632365317e-02
2.100000000000000223e-06 2.283835238090068387e-01 -1.756809203423192675e-02
2.120000000000000031e-06 2.291809140535842892e-01 -1.803580704496855411e-02
2.139999999999999840e-06 2.296354367414605580e-01 -1.867855056902646693e-02
2.160000000000000072e-06 2.301198310621226373e-01 -1.913460467508242002e-02
2.179999999999999880e-06 2.308048168699682878e-01 -1.967351477519387049e-02
2.200000000000000112e-06 2.316017919619307308e-01 -2.030482948208126373e-02
2.219999999999999921e-06 2.323734110257957286e-01 -2.088396494112879087e-02
2.240000000000000153e-06 2.332619849560792213e-01 -2.138170409394295202e-02
2.259999999999999961e-06 2.339395252467731112e-01 -2.200121871027746132e-02
2.280000000000000193e-06 2.344499830862341594e-01 -2.262937601152359424e-02
2.300000000000000002e-06 2.348585341725357156e-01 -2.304446396656920082e-02
2.320000000000000234e-06 2.352575988946641328e-01 -2.334067476637707167e-02
2.340000000000000042e-06 2.355494895911792730e-01 -2.343681091280484796e-02
2.359999999999999851e-06 2.355471361438070954e-01 -2.339725919081810795e-02
2.380000000000000083e-06 2.357745363411319073e-01 -2.337168657181643364e-02
2.399999999999999891e-06 2.363896448297979902e-01 -2.339079427987249965e-02
2.420000000000000123e-06 2.366804679924902621e-01 -2.350318654205410529e-02
2.439999999999999932e-06 2.361934610042907556e-01 -2.353814828859029581e-02
2.460000000000000164e-06 2.357325996512670274e-01 -2.370440188536145076e-02
2.479999999999999972e-06 2.351515317738988309e-01 -2.379027399158046077e-02
2.500000000000000205e-06 2.347824393600734527e-01 -2.374359509314909189e-02
2.520000000000000013e-06 2.342632950717261076e-01 -2.359402109950678103e-02
2.540000000000000245e-06 2.336621751808111158e-01 -2.363028150629018637e-02
2.560000000000000054e-06 2.331415642028205337e-01 -2.373667222212570357e-02
2.579999999999999862e-06 2.326709107540823607e-01 -2.391489275301128536e-02
2.600000000000000094e-06 2.321646951355410826e-01 -2.412346015251928127e-02
2.619999999999999903e-06 2.316578219812809869e-01 -2.444187866873085216e-02
2.640000000000000135e-06 2.311873291885108150e-01 -2.486147518263773226e-02
2.659999999999999943e-06 2.304499836888534436e-01 -2.521834154006537265e-02
2.680000000000000175e-06 2.300416938224073837e-01 -2.571899242605814664e-02
2.699999999999999984e-06 2.294566373233486445e-01 -2.607902691264514516e-02
2.720000000000000216e-06 2.288835442058528014e-01 -2.641285149014179628e-02
2.740000000000000024e-06 2.282904610360157738e-01 -2.681527848504458231e-02
2.760000000000000256e-06 2.279582880504440745e-01 -2.706787816034632310e-02
2.780000000000000065e-06 2.278768808926205924e-01 -2.714359593733106299e-02
2.799999999999999873e-06 2.279234149468991055e-01 -2.711412032116293502e-02
2.820000000000000105e-06 2.280628326949750984e-01 -2.705786613768835711e-02
2.839999999999999914e-06 2.280039386322029182e-01 -2.720154196316861353e-02
2.860000000000000146e-06 2.281667411582027072e-01 -2.721861705725337269e-02
2.879999999999999954e-06 2.284430246441268852e-01 -2.749024401555224054e-02
2.900000000000000186e-06 2.286614643782426404e-01 -2.789952136254867515e-02
2.919999999999999995e-06 2.291141325756046454e-01 -2.827149860387711058e-02
2.940000000000000227e-06 2.295023506123520796e-01 -2.848914203443165052e-02
2.960000000000000035e-06 2.298815863591522068e-01 -2.883952958521258589e-02
2.980000000000000267e-06 2.300589873806961894e-01 -2.935589663178907530e-02
3.000000000000000076e-06 2.302137170335457617e-01 -2.952090428112170289e-02
3.019999999999999885e-06 2.304754333694122304e-01 -2.986968210002369228e-02
3.040000000000000117e-06 2.306510262627665120e-01 -3.002179939892981111e-02
3.059999999999999925e-06 2.310288442284440802e-01 -3.017919795855959417e-02
3.080000000000000157e-06 2.315376385058871833e-01 -3.041635912482376289e-02
3.099999999999999966e-06 2.320522728100390675e-01 -3.056139770694995747e-02
3.120000000000000198e-06 2.326753908937383986e-01 -3.066493151644581264e-02
3.140000000000000006e-06 2.330265401339357556e-01 -3.087919619436985466e-02
3.160000000000000238e-06 2.333139999486841254e-01 -3.096582659296808968e-02
3.180000000000000047e-06 2.337986702220648250e-01 -3.105896268796964552e-02
3.199999999999999855e-06 2.342464044554872504e-01 -3.140601735048284548e-02
3.220000000000000087e-06 2.345663022621524985e-01 -3.160891433378211490e-02
3.239999999999999896e-06 2.346282415038232760e-01 -3.165389337845825324e-02
3.260000000000000128e-06 2.346985757305329323e-01 -3.149117226902177491e-02
3.279999999999999936e-06 2.346495022933473840e-01 -3.123864053793573223e-02
3.300000000000000168e-06 2.346237132471346853e-01 -3.100935343351949799e-02
3.319999999999999977e-06 2.346902656185671510e-01 -3.073796943155846992e-02
3.340000000000000209e-06 2.346312090778938930e-01 -3.038431398602432082e-02
3.360000000000000017e-06 2.345862172978603888e-01 -2.989586171321095137e-02
3.380000000000000249e-06 2.344786512503033160e-01 -2.928261956422474263e-02
3.400000000000000058e-06 2.343640982870178469e-01 -2.870285199168846196e-02
3.419999999999999866e-06 2.343652956277991750e-01 -2.811588324965010738e-02
3.440000000000000098e-06 2.343661022430346130e-01 -2.764974571429621580e-02
3.459999999999999907e-06 2.342091551272434957e-01 -2.709556759303508727e-02
3.480000000000000139e-06 2.341361760318916574e-01 -2.649081802031784741e-02
3.499999999999999947e-06 2.342609899023163633e-01 -2.587375115532783432e-02
3.520000000000000180e-06 2.342122762994936491e-01 -2.516524817132066369e-02
3.539999999999999988e-06 2.341019281107653838e-01 -2.437509766754794582e-02
3.560000000000000220e-06 2.342492711986703668e-01 -2.348740901123366059e-02
3.580000000000000029e-06 2.342736101787366576e-01 -2.284321251946760944e-02
3.600000000000000261e-06 2.342850792853715114e-01 -2.216876770170694844e-02
3.620000000000000069e-06 2.339636913089537251e-01 -2.151884096853708822e-02
3.639999999999999878e-06 2.336895493274156188e-01 -2.081025789866481832e-02
3.660000000000000110e-06 2.336024466103509556e-01 -1.982338881427382279e-02
3.679999999999999918e-06 2.334936270722406115e-01 -1.924486628131230614e-02
3.700000000000000150e-06 2.333927150855802102e-01 -1.852813642821571696e-02
3.719999999999999959e-06 2.335119639489044718e-01 -1.764766123769521966e-02
3.740000000000000191e-06 2.333015420518536887e-01 -1.692195986119864048e-02
3.759999999999999999e-06 2.333228879232123187e-01 -1.610442089628209492e-02
3.780000000000000231e-06 2.334316533545677530e-01 -1.540003914255860806e-02
3.800000000000000040e-06 2.333714878471261078e-01 -1.466273156336504388e-02
3.819999999999999848e-06 2.332427103025215553e-01 -1.395333059603826031e-02
3.840000000000000504e-06 2.332125852436687519e-01 -1.323718175129491754e-02
3.860000000000000312e-06 2.332616891976106721e-01 -1.248110638720436628e-02
3.880000000000000121e-06 2.334233500987064613e-01 -1.184944996800454259e-02
3.899999999999999929e-06 2.335788411955492527e-01 -1.113483027333892102e-02
3.919999999999999738e-06 2.338837476013881644e-01 -1.053178932291928306e-02
3.940000000000000393e-06 2.343644339765057760e-01 -9.977148834847784573e-03
3.960000000000000202e-06 2.348927015390439577e-01 -9.450056448883635205e-03
3.980000000000000010e-06 2.355116665464303261e-01 -8.916742947540474973e-03
3.999999999999999819e-06 2.363483661164341443e-01 -8.532213809115233444e-03
4.020000000000000475e-06 2.368201800080211028e-01 -8.166204033235030871e-03
4.040000000000000283e-06 2.373298489877227191e-01 -7.787114748938170523e-03
4.060000000000000092e-06 2.376504864523780458e-01 -7.298459761749627114e-03
4.079999999999999900e-06 2.378166888156504066e-01 -7.595130997759944394e-03
4.099999999999999709e-06 2.381954642862864902e-01 -7.333333759388462741e-03
4.120000000000000364e-06 2.381188359578281788e-01 -7.277759331945550005e-03
4.140000000000000173e-06 2.383606454169159838e-01 -7.625325418779418767e-03
4.159999999999999981e-06 2.386922476619301736e-01 -7.568616156095207305e-03
4.179999999999999790e-06 2.392080501239287338e-01 -7.743854907320216023e-03
4.200000000000000445e-06 2.395248901925100815e-01 -7.888797810773671634e-03
4.220000000000000254e-06 2.400483334545988334e-01 -7.704804205903390685e-03
4.240000000000000062e-06 2.406598215058727008e-01 -7.802999678471531260e-03
4.259999999999999871e-06 2.416512970761180989e-01 -7.766060636710037102e-03
4.279999999999999679e-06 2.424944809521682731e-01 -7.712604051202909608e-03
4.300000000000000335e-06 2.435374468548104354e-01 -7.628726777916694339e-03
4.320000000000000143e-06 2.446512081961709217e-01 -7.513631653556078829e-03
4.339999999999999952e-06 2.455908436590213406e-01 -7.355917477996718606e-03
4.359999999999999760e-06 2.463610654865671656e-01 -7.185271988855876542e-03
4.380000000000000416e-06 2.470597010449784303e-01 -6.988325951419729551e-03
4.400000000000000224e-06 2.477427179501317800e-01 -6.800427077779982489e-03
4.420000000000000033e-06 2.481434292778309791e-01 -6.698236046815764580e-03
4.439999999999999841e-06 2.482107785227597452e-01 -6.472492588719216434e-03
4.460000000000000497e-06 2.481160879681753306e-01 -6.120141292008249995e-03
4.480000000000000305e-06 2.479530204733795817e-01 -5.959712587712115775e-03
4.500000000000000114e-06 2.479026462166686318e-01 -5.858329314001982195e-03
4.519999999999999923e-06 2.477930628933273649e-01 -5.724398196247264432e-03
4.539999999999999731e-06 2.474833252766378555e-01 -5.678282425855120906e-03
4.560000000000000387e-06 2.474660270000886564e-01 -5.570822868593379093e-03
4.580000000000000195e-06 2.471927959613002268e-01 -5.372827506972164061e-03
4.600000000000000004e-06 2.471041696934946075e-01 -5.286741207716438851e-03
4.619999999999999812e-06 2.467302640594022101e-01 -5.181137676211344453e-03
4.640000000000000468e-06 2.466377671612156042e-01 -5.057545903357685627e-03
4.660000000000000276e-06 2.466169140993150766e-01 -4.971551110708349874e-03
4.680000000000000085e-06 2.463968870909253872e-01 -4.890836154239701708e-03
4.699999999999999893e-06 2.463093082668653955e-01 -4.812457800665237255e-03
4.719999999999999702e-06 2.459962450610033713e-01 -4.770604591711087583e-03
4.740000000000000357e-06 2.457539942813790346e-01 -4.723867943051900109e-03
4.760000000000000166e-06 2.454783966031779119e-01 -4.660809829989784499e-03
4.779999999999999974e-06 2.453383004725229466e-01 -4.828132090262547173e-03
4.799999999999999783e-06 2.450727398349577812e-01 -4.887823561764237032e-03
4.820000000000000438e-06 2.447465501792385478e-01 -4.929283670694604470e-03
4.840000000000000247e-06 2.442890814708933711e-01 -4.842127408825578315e-03
4.860000000000000055e-06 2.438600339350089630e-01 -4.948204471222575167e-03
4.879999999999999864e-06 2.436387973096507398e-01 -4.864589189023604821e-03
4.900000000000000519e-06 2.434173768291231221e-01 -4.699589539703325977e-03
4.920000000000000328e-06 2.432978535088319294e-01 -4.717484511122051888e-03
4.940000000000000136e-06 2.434126332354340783e-01 -4.645864319925814556e-03
4.959999999999999945e-06 2.435180324344571601e-01 -4.559596732214617025e-03
4.979999999999999753e-06 2.437792384048150796e-01 -4.383459783456558449e-03
5.000000000000000409e-06 2.439664759132977034e-01 -4.347148765659221252e-03
5.020000000000000218e-06 2.441615144212028465e-01 -4.327679321234927622e-03
5.040000000000000026e-06 2.444561405831346956e-01 -4.413760240961827827e-03
5.059999999999999835e-06 2.449083214075990222e-01 -4.418632814733917946e-03
5.080000000000000490e-06 2.450608459473150869e-01 -4.405970302781518980e-03
5.100000000000000299e-06 2.453959482818567628e-01 -4.362691829519442857e-03
5.120000000000000107e-06 2.456417684708075422e-01 -4.342795753613582117e-03
5.139999999999999916e-06 2.459873608268219325e-01 -4.202497807927332157e-03
5.159999999999999724e-06 2.463141991899288341e-01 -4.080115411291309648e-03
5.180000000000000380e-06 2.467161157862734489e-01 -3.991591928233892590e-03
5.200000000000000188e-06 2.472372839154614588e-01 -3.898573456834286775e-03
5.219999999999999997e-06 2.478832032891508663e-01 -3.630510390679515635e-03
5.239999999999999805e-06 2.485102990210462659e-01 -3.446362878055579757e-03
5.260000000000000461e-06 2.493960430474914669e-01 -3.274785760809475425e-03
5.280000000000000269e-06 2.501859369167613867e-01 -3.135091386644211012e-03
5.300000000000000078e-06 2.508138172825483125e-01 -3.162879343540005855e-03
5.319999999999999886e-06 2.517779676468839267e-01 -2.961774255322229422e-03
5.339999999999999695e-06 2.527137284494637703e-01 -2.842258958200529623e-03
5.360000000000000350e-06 2.534807998636992021e-01 -2.584913649361577845e-03
5.380000000000000159e-06 2.544970424039880164e-01 -2.306863196966402099e-03
5.399999999999999967e-06 2.552570963313624541e-01 -1.981534486437419498e-03
5.419999999999999776e-06 2.560306584952883879e-01 -1.676963932446757892e-03
5.440000000000000431e-06 2.568665718181738500e-01 -1.350082378240662377e-03
5.460000000000000240e-06 2.577839989958561340e-01 -1.075811392424015460e-03
5.480000000000000048e-06 2.587879840237660156e-01 -6.747764289680668838e-04
5.499999999999999857e-06 2.594363948197643821e-01 -4.666809690174411824e-04
5.520000000000000513e-06 2.604834658158135530e-01 -3.736818013466702837e-04
5.540000000000000321e-06 2.612569906961269006e-01 -2.986825100593204474e-04
5.560000000000000130e-06 2.617918099350882155e-01 -3.288530448796889312e-04
5.579999999999999938e-06 2.623514886490706521e-01 -4.877243721299584478e-04
5.599999999999999747e-06 2.628480378531499184e-01 -6.975715436036100626e-04
5.620000000000000402e-06 2.633273621043293877e-01 -8.506347384396506419e-04
5.640000000000000211e-06 2.637061891940387648e-01 -1.072066547902088491e-03
5.660000000000000019e-06 2.644751378970194855e-01 -1.171417591582317756e-03
5.679999999999999828e-06 2.649727649188740042e-01 -1.110224719106485229e-03
5.700000000000000483e-06 2.655526449589181159e-01 -1.053222560530500196e-03
5.720000000000000292e-06 2.660784733570817351e-01 -1.155865883343676261e-03
5.740000000000000100e-06 2.666450276882500470e-01 -1.279044774847493040e-03
5.759999999999999909e-06 2.672967051991042564e-01 -1.288869834234143133e-03
5.779999999999999717e-06 2.677928566889236639e-01 -1.267694804394128329e-03
5.800000000000000373e-06 2.682365730442579643e-01 -1.311207074373921299e-03
5.820000000000000181e-06 2.687309744419008606e-01 -1.472723609257862261e-03
5.839999999999999990e-06 2.691773312525766459e-01 -1.465878364581971703e-03
5.859999999999999798e-06 2.697062593412871134e-01 -1.248547814607699029e-03
5.880000000000000454e-06 2.703014818951053888e-01 -1.044867167080179007e-03
5.900000000000000262e-06 2.706214879514953209e-01 -9.750331211462692728e-04
5.920000000000000071e-06 2.711312519324527992e-01 -1.038981384163570982e-03
5.939999999999999879e-06 2.715617754389130778e-01 -1.124639262413600375e-03
5.960000000000000535e-06 2.720531201497734530e-01 -1.127500341723777126e-03
5.980000000000000343e-06 2.724948527005051080e-01 -1.117329342893686990e-03
6.000000000000000152e-06 2.729453665877901170e-01 -1.118490936114209348e-03
6.019999999999999961e-06 2.736012145675495999e-01 -9.700114097077849580e-04
6.039999999999999769e-06 2.739948858422852074e-01 -8.072298273910028443e-04
6.060000000000000425e-06 2.739235553797068623e-01 -1.063628743395612702e-03
6.080000000000000233e-06 2.737477457120699453e-01 -1.151142690501969585e-03
6.100000000000000042e-06 2.737765554217417852e-01 -1.390655139127941996e-03
6.119999999999999850e-06 2.737592327604446707e-01 -1.637339085070685981e-03
6.140000000000000506e-06 2.735667259834037579e-01 -1.761025516892147404e-03
6.160000000000000314e-06 2.734139564037241787e-01 -1.842498023330331296e-03
6.180000000000000123e-06 2.729610693821196143e-01 -1.891091620476605985e-03
6.199999999999999931e-06 2.726306485071938734e-01 -2.129195405075211614e-03
6.219999999999999740e-06 2.724289444087065193e-01 -2.403646546174321649e-03
6.240000000000000395e-06 2.722170912774521945e-01 -2.490151247169022572e-03
6.260000000000000204e-06 2.722045138579320955e-01 -2.620270092114544789e-03
6.280000000000000012e-06 2.724970865542294951e-01 -2.761885065930651511e-03
6.299999999999999821e-06 2.728017580969383515e-01 -2.912440616711386900e-03
6.320000000000000476e-06 2.732085496818623116e-01 -2.982048945802624317e-03
6.340000000000000285e-06 2.735981002948997820e-01 -2.941896620620563021e-03
6.360000000000000093e-06 2.741010791813695557e-01 -2.983368593640047840e-03
6.379999999999999902e-06 2.746081293126979017e-01 -2.968142215694088461e-03
6.399999999999999710e-06 2.751464937761629592e-01 -3.096499888673923465e-03
6.420000000000000366e-06 2.758616756166356043e-01 -3.150404994441604462e-03
6.440000000000000174e-06 2.765580297222893225e-01 -3.177131822606007322e-03
6.459999999999999983e-06 2.768750418643664557e-01 -3.020876564937918958e-03
6.479999999999999791e-06 2.769347571489396698e-01 -3.173381905854597354e-03
6.500000000000000447e-06 2.768350331567663303e-01 -3.099513038510217505e-03
6.520000000000000256e-06 2.769280678372234017e-01 -3.183340155312595031e-03
6.540000000000000064e-06 2.767111522910266630e-01 -3.093378748437590909e-03
6.559999999999999873e-06 2.765704100097199913e-01 -3.018700660345503568e-03
6.580000000000000528e-06 2.763643786599674357e-01 -2.943377724362589067e-03
6.600000000000000337e-06 2.762388023925103075e-01 -2.844161727749339088e-03
6.620000000000000145e-06 2.762370166455181963e-01 -2.667673855663588341e-03
6.639999999999999954e-06 2.759679557202543432e-01 -2.440389366570576684e-03
6.659999999999999762e-06 2.758740902797251482e-01 -2.353562187127197433e-03
6.680000000000000418e-06 2.756361482049282108e-01 -2.322492393896135980e-03
6.700000000000000226e-06 2.750842499115123130e-01 -2.308276232848832828e-03
6.720000000000000035e-06 2.747139017683554729e-01 -2.338415634627469871e-03
6.739999999999999843e-06 2.744528624337984613e-01 -2.520838087962330634e-03
6.760000000000000499e-06 2.742775759926652235e-01 -2.538093906906017244e-03
6.780000000000000307e-06 2.739309358877538014e-01 -2.704334079165308068e-03
6.800000000000000116e-06 2.742462205193677005e-01 -2.701816261485936316e-03
6.819999999999999924e-06 2.738629486804561308e-01 -2.719229183573204037e-03
6.839999999999999733e-06 2.739208491324404138e-01 -2.908448677956577706e-03
6.860000000000000388e-06 2.739930517419778000e-01 -3.021300744882816653e-03
6.880000000000000197e-06 2.741944098465278201e-01 -2.990167806395901615e-03
6.900000000000000005e-06 2.741606595364537435e-01 -3.050127999594421258e-03
6.919999999999999814e-06 2.740386301604148533e-01 -3.206538976776341331e-03
6.940000000000000469e-06 2.741136398767481941e-01 -3.339247284975917912e-03
6.960000000000000278e-06 2.741559669522988241e-01 -3.401169864579233187e-03
6.980000000000000086e-06 2.741288336672836334e-01 -3.710993351387948790e-03
6.999999999999999895e-06 2.742740033326439564e-01 -3.958432159000555353e-03
7.020000000000000551e-06 2.742543001641676859e-01 -4.231130545064198251e-03
7.040000000000000359e-06 2.741218643051153148e-01 -4.584681359220875441e-03
7.060000000000000168e-06 2.741813826786612118e-01 -4.917995015590075764e-03
7.079999999999999976e-06 2.740889534569052599e-01 -5.416617152054642621e-03
7.099999999999999785e-06 2.741388081626488504e-01 -5.852077243944899670e-03
7.120000000000000440e-06 2.741400528735764008e-01 -6.236916539562721226e-03
7.140000000000000249e-06 2.741585634883684786e-01 -6.563185226045442806e-03
7.160000000000000057e-06 2.744864603975897821e-01 -6.839907327990295619e-03
7.179999999999999866e-06 2.746415557269212271e-01 -7.127231272638791248e-03
7.200000000000000521e-06 2.745459532642647305e-01 -7.556363799812068106e-03
7.220000000000000330e-06 2.744742051028455365e-01 -7.683402775210648912e-03
7.240000000000000138e-06 2.748690005241834489e-01 -8.398826744167021269e-03
7.259999999999999947e-06 2.750338007577509680e-01 -8.920418981638297828e-03
7.279999999999999755e-06 2.754775373758828194e-01 -9.249210177601724023e-03
7.300000000000000411e-06 2.760122291031479325e-01 -9.562448621777757188e-03
7.320000000000000219e-06 2.766929759288573876e-01 -9.881912185678158253e-03
7.340000000000000028e-06 2.773650629953656743e-01 -9.915880430742495671e-03
7.359999999999999836e-06 2.782136263922672659e-01 -1.022026233308269069e-02
7.380000000000000492e-06 2.789819021074816940e-01 -1.040121490974310614e-02
7.400000000000000300e-06 2.797918565257163648e-01 -1.061932571656985444e-02
7.420000000000000109e-06 2.807207647150309349e-01 -1.060367523347287635e-02
7.439999999999999917e-06 2.815349747221168597e-01 -1.089718317442655605e-02
7.460000000000000573e-06 2.823236307284763269e-01 -1.107568041432637276e-02
7.480000000000000381e-06 2.833307155789723253e-01 -1.133497418839501947e-02
7.500000000000000190e-06 2.841270286402800549e-01 -1.136224124811161494e-02
7.519999999999999999e-06 2.851304908105756764e-01 -1.157461799081057653e-02
7.539999999999999807e-06 2.860943611063672121e-01 -1.152993291522257970e-02
7.560000000000000463e-06 2.868255279843600625e-01 -1.172495416566094080e-02
7.580000000000000271e-06 2.875673156525898055e-01 -1.179770800974772223e-02
7.600000000000000080e-06 2.883285704874644084e-01 -1.208351897914947820e-02
7.619999999999999888e-06 2.891314684438603400e-01 -1.233345865091993107e-02
7.639999999999999697e-06 2.899398606490209973e-01 -1.268849853203489128e-02
7.659999999999999505e-06 2.908635655383360330e-01 -1.302450214793242703e-02
7.680000000000001008e-06 2.917402778640941219e-01 -1.328791893325344427e-02
7.700000000000000816e-06 2.924689850860883733e-01 -1.343825190282948827e-02
7.720000000000000625e-06 2.933813246388748408e-01 -1.365861508750575853e-02
7.740000000000000433e-06 2.943253052845341000e-01 -1.384276310065508074e-02
7.760000000000000242e-06 2.955438631740159305e-01 -1.398033722884554561e-02
7.780000000000000050e-06 2.967908954758394779e-01 -1.434681954739033122e-02
7.799999999999999859e-06 2.978772123247079850e-01 -1.449478351856217477e-02
7.819999999999999667e-06 2.992444436112418060e-01 -1.490849116500174779e-02
7.839999999999999476e-06 3.005422254605750743e-01 -1.525381874436129367e-02
7.860000000000000978e-06 3.018866391612466948e-01 -1.568318035524257983e-02
7.880000000000000787e-06 3.032135589788753083e-01 -1.618735222749633981e-02
7.900000000000000595e-06 3.044922773452414799e-01 -1.657630710770440982e-02
7.920000000000000404e-06 3.057350299765959067e-01 -1.689550723538238430e-02
7.940000000000000212e-06 3.068806642136550078e-01 -1.714514909546769814e-02
7.960000000000000021e-06 3.079070955838946744e-01 -1.722142043774506359e-02
7.979999999999999829e-06 3.086995800629000475e-01 -1.736984011857909543e-02
7.999999999999999638e-06 3.098005003476204666e-01 -1.745429006653038961e-02
8.019999999999999446e-06 3.108047401664366105e-01 -1.761115131823406607e-02
8.040000000000000949e-06 3.118001167234780158e-01 -1.772732664626708657e-02
8.060000000000000758e-06 3.128128498463144114e-01 -1.787951134036790124e-02
8.080000000000000566e-06 3.137180332769130553e-01 -1.816089795347283070e-02
8.100000000000000375e-06 3.143723962005737227e-01 -1.836039016183261749e-02
8.120000000000000183e-06 3.149584700966393536e-01 -1.845779971688360152e-02
8.139999999999999992e-06 3.154386226388378178e-01 -1.854030636766665005e-02
8.159999999999999800e-06 3.162534864810422341e-01 -1.871699392590735200e-02
8.179999999999999609e-06 3.166374433221970097e-01 -1.887231870105463005e-02
8.199999999999999417e-06 3.169842525252821730e-01 -1.885573719235528536e-02
8.220000000000000920e-06 3.172076695831658188e-01 -1.907229853217962817e-02
8.240000000000000728e-06 3.174765814785145412e-01 -1.917702083050458473e-02
8.260000000000000537e-06 3.175931756238419279e-01 -1.926861271241989484e-02
8.280000000000000345e-06 3.175267847328853144e-01 -1.927236372128875858e-02
8.300000000000000154e-06 3.173996673754741482e-01 -1.933734229347479350e-02
8.319999999999999962e-06 3.172601034180337343e-01 -1.936066811012057687e-02
8.339999999999999771e-06 3.168500260059766149e-01 -1.940712515326763199e-02
8.359999999999999579e-06 3.165009909066622273e-01 -1.942968089486325073e-02
8.379999999999999388e-06 3.162385019086705884e-01 -1.961021821898089809e-02
8.400000000000000890e-06 3.159825044603733479e-01 -1.969168863092204264e-02
8.420000000000000699e-06 3.157089178016023179e-01 -1.976289699510067055e-02
8.440000000000000507e-06 3.157377617418433702e-01 -1.992783763168740063e-02
8.460000000000000316e-06 3.158468084763993988e-01 -2.003646768867321792e-02
8.480000000000000124e-06 3.158418713153253177e-01 -2.024198041150023983e-02
8.499999999999999933e-06 3.157355233164545472e-01 -2.044903819362415068e-02
8.519999999999999742e-06 3.157511184192739462e-01 -2.075064201288294441e-02
8.539999999999999550e-06 3.157956531058043748e-01 -2.107051461819609353e-02
8.559999999999999359e-06 3.156932598408347945e-01 -2.130616403456738958e-02
8.580000000000000861e-06 3.155664776535809790e-01 -2.139285766475878051e-02
8.600000000000000670e-06 3.154408434284817209e-01 -2.139298015034051328e-02
8.620000000000000478e-06 3.153833923277621909e-01 -2.117276566073169469e-02
8.640000000000000287e-06 3.155347327887331743e-01 -2.083546386695873595e-02
8.660000000000000095e-06 3.154316192508185290e-01 -2.053456578228735757e-02
8.679999999999999904e-06 3.153966138894302995e-01 -2.034276430859430218e-02
8.699999999999999712e-06 3.152723623416907039e-01 -2.008093899480511632e-02
8.719999999999999521e-06 3.150429730970964459e-01 -1.996759174301079159e-02
8.740000000000001023e-06 3.148577524385662851e-01 -1.976969032285225483e-02
8.760000000000000832e-06 3.145026783262968584e-01 -1.958479075475587014e-02
8.780000000000000640e-06 3.142997940437329274e-01 -1.947878841536956895e-02
8.800000000000000449e-06 3.142085672738533231e-01 -1.947748818398096701e-02
8.820000000000000257e-06 3.141954100060787014e-01 -1.967774481303034839e-02
8.840000000000000066e-06 3.141655306559646421e-01 -1.997189018343149478e-02
8.859999999999999874e-06 3.141074861271495045e-01 -2.008347694103720937e-02
8.879999999999999683e-06 3.142031004588389242e-01 -2.010594279062555625e-02
8.899999999999999491e-06 3.143187777033921160e-01 -1.995295432425540916e-02
8.920000000000000994e-06 3.145407308173339134e-01 -2.023532037248413143e-02
8.940000000000000802e-06 3.147749125149654770e-01 -2.039442195383768877e-02
8.960000000000000611e-06 3.147701423941318688e-01 -2.059478725534709398e-02
8.980000000000000419e-06 3.147426252303317518e-01 -2.072999007745991717e-02
9.000000000000000228e-06 3.146471027861459380e-01 -2.087592339702336666e-02
9.020000000000000037e-06 3.145651248728416616e-01 -2.099822700131636841e-02
9.039999999999999845e-06 3.145413076359722115e-01 -2.141707602817802258e-02
9.059999999999999654e-06 3.145845917581134299e-01 -2.161255248034633925e-02
9.079999999999999462e-06 3.145815909567756807e-01 -2.184318792757945424e-02
9.100000000000000965e-06 3.145122298780395620e-01 -2.199349001568249792e-02
9.120000000000000773e-06 3.145165634186028458e-01 -2.224288706920565101e-02
9.140000000000000582e-06 3.144919962644649458e-01 -2.247552367046809496e-02
9.160000000000000390e-06 3.142492689160928387e-01 -2.297085110987730910e-02
9.180000000000000199e-06 3.143235390841449539e-01 -2.317580998635742143e-02
9.200000000000000007e-06 3.143026366952295647e-01 -2.370436619503628675e-02
9.219999999999999816e-06 3.144100067194272596e-01 -2.427398961330647087e-02
9.239999999999999624e-06 3.139546851283985807e-01 -2.459269864729477298e-02
9.259999999999999433e-06 3.137507719056426003e-01 -2.519158314556744702e-02
9.280000000000000935e-06 3.136932630432919256e-01 -2.586564238785494033e-02
9.300000000000000744e-06 3.138158139335173180e-01 -2.633438215172729385e-02
9.320000000000000552e-06 3.139726247878392718e-01 -2.693824482856747859e-02
9.340000000000000361e-06 3.140476961153489399e-01 -2.754195488962178640e-02
9.360000000000000169e-06 3.140152386368713633e-01 -2.802457975478264696e-02
9.379999999999999978e-06 3.140268644804730669e-01 -2.829796121935055850e-02
9.399999999999999786e-06 3.141808502336919662e-01 -2.864639436310262646e-02
9.419999999999999595e-06 3.143476128419593896e-01 -2.899146496047860441e-02
9.439999999999999403e-06 3.144174346762743100e-01 -2.926422562074173367e-02
9.460000000000000906e-06 3.145267948434960492e-01 -2.961732934746810070e-02
9.480000000000000715e-06 3.145849009553066122e-01 -3.003277183732906003e-02
9.500000000000000523e-06 3.146071399229479204e-01 -3.039876792459165339e-02
9.520000000000000332e-06 3.146067556254455999e-01 -3.077862248482260074e-02
9.540000000000000140e-06 3.148009153172209307e-01 -3.122425715860106116e-02
9.559999999999999949e-06 3.150035246402293487e-01 -3.152762690097542925e-02
9.579999999999999757e-06 3.152193826794103537e-01 -3.198576722741293399e-02
9.599999999999999566e-06 3.154148352654139731e-01 -3.242462327043562492e-02
9.619999999999999374e-06 3.156513376847948638e-01 -3.244971759599039191e-02
9.640000000000000877e-06 3.158271301338245740e-01 -3.263055956564993310e-02
9.660000000000000685e-06 3.158947180396263210e-01 -3.285393430055837116e-02
9.680000000000000494e-06 3.159200258869461764e-01 -3.312161256058759884e-02
9.700000000000000302e-06 3.158812900791078682e-01 -3.333741854240646063e-02
9.720000000000000111e-06 3.158808282562132197e-01 -3.365528725844119107e-02
9.739999999999999919e-06 3.161450895064175648e-01 -3.399599206108169097e-02
9.759999999999999728e-06 3.165139482579998886e-01 -3.428936433019841301e-02
9.779999999999999536e-06 3.168215191541969289e-01 -3.458312393042718702e-02
9.800000000000001039e-06 3.170427507348284046e-01 -3.476124441026012118e-02
9.820000000000000847e-06 3.171783116052074303e-01 -3.495036411648856645e-02
9.840000000000000656e-06 3.173273234453855562e-01 -3.502150484401836406e-02
9.860000000000000464e-06 3.176687133573829480e-01 -3.498345969739560801e-02
9.880000000000000273e-06 3.182180768364039625e-01 -3.503126179574509586e-02
9.900000000000000081e-06 3.187769553916662835e-01 -3.508967749193364627e-02
9.919999999999999890e-06 3.194018172510647569e-01 -3.547385339363866297e-02
9.939999999999999698e-06 3.197499213463206869e-01 -3.548813564987715607e-02
9.959999999999999507e-06 3.201852590496017670e-01 -3.555247566031785600e-02
9.980000000000001010e-06 3.208143263909374876e-01 -3.576142791739293780e-02
1.000000000000000082e-05 3.213949612876427220e-01 -3.594971229950742059e-02
1.002000000000000063e-05 3.219625683605301103e-01 -3.619384137731673085e-02
1.004000000000000044e-05 3.223524368028019005e-01 -3.623710846252597290e-02
1.006000000000000024e-05 3.226800355848740698e-01 -3.656183518678291638e-02
1.008000000000000005e-05 3.232195912263828852e-01 -3.671927040273191556e-02
1.009999999999999986e-05 3.236928512481992426e-01 -3.682020994312103224e-02
1.011999999999999967e-05 3.241425492808969744e-01 -3.692379187482267705e-02
1.013999999999999948e-05 3.246066869883669770e-01 -3.694365331722473944e-02
1.016000000000000098e-05 3.250498043190646058e-01 -3.705895909931631454e-02
1.018000000000000079e-05 3.256891297520809192e-01 -3.703135856599565345e-02
1.020000000000000060e-05 3.263132522243053502e-01 -3.748391158357688296e-02
1.022000000000000041e-05 3.268423206993211760e-01 -3.772225369927537791e-02
1.024000000000000021e-05 3.274025313490132039e-01 -3.801836903186808780e-02
1.026000000000000002e-05 3.279546200285439195e-01 -3.835112142286819376e-02
1.027999999999999983e-05 3.282541875986237367e-01 -3.880156941795965403e-02
1.029999999999999964e-05 3.287199782549183880e-01 -3.902390121459691635e-02
1.031999999999999945e-05 3.290696405458938267e-01 -3.930415459028682029e-02
1.034000000000000095e-05 3.294419189483017152e-01 -3.955907356695361615e-02
1.036000000000000076e-05 3.298188115713501234e-01 -3.981348080985232241e-02
1.038000000000000057e-05 3.302233042901028814e-01 -4.008690492322197069e-02
1.040000000000000038e-05 3.309063674473143868e-01 -4.037837842682700379e-02
1.042000000000000018e-05 3.312013239106272322e-01 -4.057589613434494508e-02
1.043999999999999999e-05 3.318127017043919214e-01 -4.065067350869037976e-02
1.045999999999999980e-05 3.322196376684993235e-01 -4.068679394292219753e-02
1.047999999999999961e-05 3.324829563833598955e-01 -4.084078933771109754e-02
1.049999999999999942e-05 3.327031240775049081e-01 -4.088305546095561543e-02
1.052000000000000092e-05 3.330850692970915294e-01 -4.088799743840119960e-02
1.054000000000000073e-05 3.334558222549987572e-01 -4.088930528177664447e-02
1.056000000000000054e-05 3.339485817776717824e-01 -4.079023959982751996e-02
1.058000000000000035e-05 3.341256229525889632e-01 -4.085080942764072326e-02
1.060000000000000016e-05 3.343955731015580413e-01 -4.097072151535843115e-02
1.061999999999999996e-05 3.344372108678724809e-01 -4.082374690205523710e-02
1.063999999999999977e-05 3.347099055046247607e-01 -4.087773175131990955e-02
1.065999999999999958e-05 3.348410875150282795e-01 -4.085105096996954899e-02
1.067999999999999939e-05 3.350789574897916068e-01 -4.068935637490143920e-02
1.070000000000000089e-05 3.352415093315834760e-01 -4.054563451978382416e-02
1.072000000000000070e-05 3.351805715640350236e-01 -4.033275574519750578e-02
1.074000000000000051e-05 3.352853686696799507e-01 -4.013895368690919424e-02
1.076000000000000032e-05 3.354267941352291893e-01 -3.991963907161780178e-02
1.078000000000000013e-05 3.356444115984886789e-01 -3.969096678741018680e-02
1.079999999999999993e-05 3.358675242833299435e-01 -3.964659937314988364e-02
1.081999999999999974e-05 3.360756388493942870e-01 -3.945496216168119241e-02
1.083999999999999955e-05 3.365301339230197253e-01 -3.926129715675789889e-02
1.086000000000000105e-05 3.369319139802024465e-01 -3.873888311850703231e-02
1.088000000000000086e-05 3.373792531737859757e-01 -3.846477151593388072e-02
1.090000000000000067e-05 3.377546932684536984e-01 -3.839862188420253147e-02
1.092000000000000048e-05 3.379418825967729356e-01 -3.803836064162427477e-02
1.094000000000000029e-05 3.381857277743687828e-01 -3.771806348531828168e-02
1.096000000000000010e-05 3.384730015131569569e-01 -3.726528214206561995e-02
1.097999999999999991e-05 3.387308814986745853e-01 -3.666794796018042757e-02
1.099999999999999971e-05 3.386111181061431941e-01 -3.617946783394768856e-02
1.101999999999999952e-05 3.386705939830791379e-01 -3.565608574935175135e-02
1.104000000000000103e-05 3.387228313983837169e-01 -3.528951285754779871e-02
1.106000000000000083e-05 3.387808027619676476e-01 -3.485098289020128332e-02
1.108000000000000064e-05 3.389075221235721136e-01 -3.443931239147256934e-02
1.110000000000000045e-05 3.386592831889568278e-01 -3.423972643485993089e-02
1.112000000000000026e-05 3.384346855844472812e-01 -3.404606780688431561e-02
1.114000000000000007e-05 3.381437023185934199e-01 -3.374696058409330096e-02
1.115999999999999988e-05 3.378433612895873628e-01 -3.349337438436809228e-02
1.117999999999999968e-05 3.375970839574014559e-01 -3.315662093768407398e-02
1.119999999999999949e-05 3.371997063118492566e-01 -3.291966954484599334e-02
1.122000000000000100e-05 3.369417376979997880e-01 -3.266732425914652821e-02
1.124000000000000080e-05 3.367303323695043371e-01 -3.242902404145804607e-02
1.126000000000000061e-05 3.364341148378815483e-01 -3.209603871558532051e-02
1.128000000000000042e-05 3.364422550073447593e-01 -3.163496867508830412e-02
1.130000000000000023e-05 3.364349379912403570e-01 -3.125886464104801060e-02
1.132000000000000004e-05 3.365249582700422515e-01 -3.084936086574501315e-02
1.133999999999999985e-05 3.365341538045650838e-01 -3.056636271197975263e-02
1.135999999999999966e-05 3.369501727168420224e-01 -3.040190047266158949e-02
1.137999999999999946e-05 3.371654344744494658e-01 -3.012842846095420413e-02
1.140000000000000097e-05 3.374166808123929551e-01 -2.994026182186808674e-02
1.142000000000000077e-05 3.375255916718170601e-01 -2.967865554911468945e-02
1.144000000000000058e-05 3.374097307440374061e-01 -2.925018630461102484e-02
1.146000000000000039e-05 3.373369148219599323e-01 -2.873487486676907718e-02
1.148000000000000020e-05 3.372789728570827483e-01 -2.854416911373510585e-02
1.150000000000000001e-05 3.374380538859965140e-01 -2.826670108298520029e-02
1.151999999999999982e-05 3.375700686739345757e-01 -2.776430724997381097e-02
1.153999999999999963e-05 3.376566842549799663e-01 -2.746904025065437932e-02
1.155999999999999943e-05 3.376496340700071985e-01 -2.707347923949508101e-02
1.158000000000000094e-05 3.378329486962035610e-01 -2.671998520391211801e-02
1.160000000000000075e-05 3.381758849652139465e-01 -2.633983914406869825e-02
1.162000000000000055e-05 3.384437766769012312e-01 -2.592552314682255651e-02
1.164000000000000036e-05 3.389494324738787090e-01 -2.544356786582000970e-02
1.166000000000000017e-05 3.392876417522749932e-01 -2.494907638873737968e-02
1.167999999999999998e-05 3.397650518943522435e-01 -2.468639515075204613e-02
1.169999999999999979e-05 3.402764409874389218e-01 -2.422070584114482603e-02
1.171999999999999960e-05 3.409040595401425788e-01 -2.389103034137332951e-02
1.173999999999999941e-05 3.416721357638889400e-01 -2.363655973777248342e-02
1.176000000000000091e-05 3.424709571969055122e-01 -2.308498787822304416e-02
1.178000000000000072e-05 3.429658401521213373e-01 -2.269134884406765959e-02
1.180000000000000052e-05 3.435723326070983519e-01 -2.218094934983542293e-02
1.182000000000000033e-05 3.441991583182694714e-01 -2.167438781171904250e-02
1.184000000000000014e-05 3.446269925692099778e-01 -2.118695566847536224e-02
1.185999999999999995e-05 3.449530602979733462e-01 -2.072055315916909377e-02
1.187999999999999976e-05 3.452880516476447559e-01 -2.015764560526316779e-02
1.189999999999999957e-05 3.455259043836396149e-01 -1.954303941025509542e-02
1.192000000000000107e-05 3.457628679910612068e-01 -1.912675237051563240e-02
1.194000000000000088e-05 3.459103234836637397e-01 -1.865463724193515069e-02
1.196000000000000069e-05 3.462034156276657115e-01 -1.829522078568405000e-02
1.198000000000000050e-05 3.464008428015404317e-01 -1.775817222722415531e-02
1.200000000000000030e-05 3.468086061474021653e-01 -1.732120872376892787e-02
1.202000000000000011e-05 3.467968531338170846e-01 -1.701856936367577081e-02
1.203999999999999992e-05 3.468998234710817252e-01 -1.640827358995558191e-02
1.205999999999999973e-05 3.470065031045135306e-01 -1.599357634024002953e-02
1.207999999999999954e-05 3.471272728247881134e-01 -1.561840359902300600e-02
1.210000000000000104e-05 3.472141018398407497e-01 -1.517074786490377886e-02
1.212000000000000085e-05 3.472897345611788977e-01 -1.472802302664466718e-02
1.214000000000000066e-05 3.472873438910689115e-01 -1.432149328233716518e-02
1.216000000000000047e-05 3.474345344050834838e-01 -1.396431941743769833e-02
1.218000000000000027e-05 3.475366162614381693e-01 -1.379104211268927620e-02
1.220000000000000008e-05 3.476908711320751966e-01 -1.336027115476288822e-02
1.221999999999999989e-05 3.476866986634013501e-01 -1.309995779126407224e-02
1.223999999999999970e-05 3.476713617302782944e-01 -1.272667558283295183e-02
1.225999999999999951e-05 3.475189097203808530e-01 -1.234444820795340542e-02
1.228000000000000101e-05 3.475623582746443230e-01 -1.199713042271733851e-02
1.230000000000000082e-05 3.476395646893082336e-01 -1.165133145771101407e-02
1.232000000000000063e-05 3.478359146391110657e-01 -1.121472111602097622e-02
1.234000000000000044e-05 3.480253681797412790e-01 -1.082994735377180301e-02
1.236000000000000025e-05 3.482037353234891941e-01 -1.039926034367113714e-02
1.238000000000000005e-05 3.484249391243512961e-01 -9.969861364946500104e-03
1.239999999999999986e-05 3.487400734582683515e-01 -9.544185246069621445e-03
1.241999999999999967e-05 3.492097826985077758e-01 -9.266261909760662233e-03
1.243999999999999948e-05 3.498090047423296767e-01 -8.955765210279820546e-03
1.246000000000000098e-05 3.504678612572884600e-01 -8.617683127384504968e-03
1.248000000000000079e-05 3.512101813635872816e-01 -8.398178051664123567e-03
1.250000000000000060e-05 3.519535444121913992e-01 -8.149059843992870547e-03
1.252000000000000041e-05 3.527540667653549789e-01 -7.952087465797985297e-03
1.254000000000000022e-05 3.533613746080695450e-01 -7.755115087603101781e-03
1.256000000000000002e-05 3.539677885890079034e-01 -7.546206217025055660e-03
1.257999999999999983e-05 3.545799304024275234e-01 -7.395657522434206065e-03
1.259999999999999964e-05 3.550336709941770419e-01 -7.226056814961591933e-03
1.261999999999999945e-05 3.556571477252408187e-01 -7.066548000512318239e-03
1.264000000000000095e-05 3.563364722191817990e-01 -6.853493094279084104e-03
1.266000000000000076e-05 3.570105528000337425e-01 -6.505167650555963334e-03
1.268000000000000057e-05 3.575222957640610821e-01 -6.282053717360747309e-03
1.270000000000000038e-05 3.579615539080964748e-01 -6.211046845545211553e-03
1.272000000000000019e-05 3.583640754783000149e-01 -6.057566472317985409e-03
1.274000000000000000e-05 3.587883158247240356e-01 -5.895171534763463811e-03
1.275999999999999980e-05 3.592657406771461170e-01 -5.675496084089633186e-03
1.277999999999999961e-05 3.597744583950778230e-01 -5.350305103644275098e-03
1.279999999999999942e-05 3.601351859049456428e-01 -4.935405016247409148e-03
1.282000000000000092e-05 3.603546264697480850e-01 -4.494494389807308747e-03
1.284000000000000073e-05 3.605929984303682390e-01 -4.005290465887669481e-03
1.286000000000000054e-05 3.607674516321741631e-01 -3.296191507042656090e-03
1.288000000000000035e-05 3.610317427216701569e-01 -2.575646408665051030e-03
1.290000000000000016e-05 3.614744288623859547e-01 -1.843191725927395552e-03
1.291999999999999997e-05 3.619679977346006994e-01 -1.070541509107482241e-03
1.293999999999999977e-05 3.624652569522311407e-01 -3.026859667653747517e-04
1.295999999999999958e-05 3.630171600616131644e-01 4.611277802911106739e-04
1.298000000000000109e-05 3.636349021679283755e-01 1.196196150420666439e-03
1.300000000000000089e-05 3.642153090250987435e-01 1.870481658435990636e-03
1.302000000000000070e-05 3.646425232347118572e-01 2.527541253067704281e-03
1.304000000000000051e-05 3.648936318509753973e-01 3.152777675903407732e-03
1.306000000000000032e-05 3.650164042218767557e-01 3.723022865815638245e-03
1.308000000000000013e-05 3.650591758698901179e-01 4.289291755491649039e-03
1.309999999999999994e-05 3.651578865032955590e-01 4.867469375104127582e-03
1.311999999999999975e-05 3.652490695781257513e-01 5.035324928172513551e-03
1.313999999999999955e-05 3.653085264126868514e-01 5.307443408680109949e-03
1.316000000000000106e-05 3.653131846103288005e-01 5.635913913170031986e-03
1.318000000000000086e-05 3.651002048113993204e-01 5.970385120573275251e-03
1.320000000000000067e-05 3.647661266077696363e-01 6.317487093536910958e-03
1.322000000000000048e-05 3.645070411179675562e-01 6.624192723194794082e-03
1.324000000000000029e-05 3.643023693635473181e-01 6.928720816696393864e-03
1.326000000000000010e-05 3.642176776384198345e-01 7.326945753135429527e-03
1.327999999999999991e-05 3.641695694399265659e-01 7.853957954712663045e-03
1.329999999999999972e-05 3.642476486947034409e-01 8.349453621407501580e-03
1.331999999999999952e-05 3.645365441561863040e-01 8.882030480299660247e-03
1.334000000000000103e-05 3.649446051905539390e-01 9.522715300085471402e-03
1.336000000000000084e-05 3.653943086245438066e-01 9.971065890068554760e-03
1.338000000000000064e-05 3.659674952382371838e-01 1.044503018803033534e-02
1.340000000000000045e-05 3.662382162831762655e-01 1.072264000343580402e-02
1.342000000000000026e-05 3.666806519543392429e-01 1.122115049517301982e-02
1.344000000000000007e-05 3.671890026461598344e-01 1.152474396910023804e-02
1.345999999999999988e-05 3.676109162627962945e-01 1.196655505809217888e-02
1.347999999999999969e-05 3.680657326095200244e-01 1.237014237301824714e-02
1.349999999999999949e-05 3.685961317573993590e-01 1.268783975728022574e-02
1.352000000000000100e-05 3.691611989493979729e-01 1.303613594333009364e-02
1.354000000000000081e-05 3.695041227854546917e-01 1.307586045316363674e-02
1.356000000000000061e-05 3.700752845973812044e-01 1.327599780171663871e-02
1.358000000000000042e-05 3.705975996724998889e-01 1.344135423803259274e-02
1.360000000000000023e-05 3.711488169962267047e-01 1.360227390367686404e-02
1.362000000000000004e-05 3.717931831319162828e-01 1.375035403006509734e-02
1.363999999999999985e-05 3.724056029082103425e-01 1.377805658383910066e-02
1.365999999999999966e-05 3.728591738446071502e-01 1.375917488660702813e-02
1.367999999999999947e-05 3.733346494492890688e-01 1.371077460734549704e-02
1.370000000000000097e-05 3.737631807551344831e-01 1.369897941940153956e-02
1.372000000000000078e-05 3.743020292907685009e-01 1.368630203027377222e-02
1.374000000000000059e-05 3.748128945729687911e-01 1.371564812323435023e-02
1.376000000000000039e-05 3.754471275630005822e-01 1.373599027222377998e-02
1.378000000000000020e-05 3.758867343616944523e-01 1.375870821206543783e-02
1.380000000000000001e-05 3.760897837870113003e-01 1.382933008548477456e-02
1.381999999999999982e-05 3.763260292510568483e-01 1.386262033175172763e-02
1.383999999999999963e-05 3.763861301357737110e-01 1.399077598020185241e-02
1.386000000000000113e-05 3.761815026579833909e-01 1.414620672046556366e-02
1.388000000000000094e-05 3.759424232682927469e-01 1.422717191565461142e-02
1.390000000000000075e-05 3.756271344236020715e-01 1.434463905544691546e-02
1.392000000000000056e-05 3.755160673204698263e-01 1.440649880398712883e-02
1.394000000000000036e-05 3.753735499797747899e-01 1.443416421040383431e-02
1.396000000000000017e-05 3.749859113808773903e-01 1.445173958621080550e-02
1.397999999999999998e-05 3.746038143369253004e-01 1.440412509700636674e-02
1.399999999999999979e-05 3.743835460128341897e-01 1.451309035855144133e-02
1.401999999999999960e-05 3.743641359541985958e-01 1.461645736218715116e-02
1.404000000000000110e-05 3.742043550862890755e-01 1.469524015937578865e-02
1.406000000000000091e-05 3.742305649160569403e-01 1.472453243606725547e-02
1.408000000000000072e-05 3.742616438337630358e-01 1.478566865738584896e-02
1.410000000000000053e-05 3.743051368029430281e-01 1.474724792784529691e-02
1.412000000000000034e-05 3.742286287654739696e-01 1.462640734689463727e-02
1.414000000000000014e-05 3.742134346717783666e-01 1.457374317793939250e-02
1.415999999999999995e-05 3.743178351521282976e-01 1.455784996528283401e-02
1.417999999999999976e-05 3.744127489807370091e-01 1.459820064849342951e-02
1.419999999999999957e-05 3.742114494508098077e-01 1.468283256336956610e-02
1.422000000000000107e-05 3.740781959704572168e-01 1.475942247563269763e-02
1.424000000000000088e-05 3.740243009132522833e-01 1.484165226500301811e-02
1.426000000000000069e-05 3.739408574205744240e-01 1.502577323442860248e-02
1.428000000000000050e-05 3.738534314450485674e-01 1.511299868909512893e-02
1.430000000000000031e-05 3.739287454494348295e-01 1.506120390056307420e-02
1.432000000000000011e-05 3.740734239016357265e-01 1.510260081799351221e-02
1.433999999999999992e-05 3.740669912282105769e-01 1.515747485217686444e-02
1.435999999999999973e-05 3.740274076572633333e-01 1.524363369408254960e-02
1.437999999999999954e-05 3.739311658831594998e-01 1.523562873186011350e-02
1.440000000000000104e-05 3.738442397619222146e-01 1.535540011977868866e-02
1.442000000000000085e-05 3.736996969071489372e-01 1.538774202854750923e-02
1.444000000000000066e-05 3.735288558868568587e-01 1.543552915971937479e-02
1.446000000000000047e-05 3.733211165884199323e-01 1.539046070577517779e-02
1.448000000000000028e-05 3.731313798319835784e-01 1.527168084870750980e-02
1.450000000000000009e-05 3.728956399469154359e-01 1.508369673926611941e-02
1.451999999999999989e-05 3.727415686552736918e-01 1.481792826973072318e-02
1.453999999999999970e-05 3.725693826806324993e-01 1.459472608277937594e-02
1.455999999999999951e-05 3.725817620024969301e-01 1.439645530843106785e-02
1.458000000000000101e-05 3.725824741260109207e-01 1.419818938091729245e-02
1.460000000000000082e-05 3.725384953875086058e-01 1.404029211754514832e-02
1.462000000000000063e-05 3.724458234733356021e-01 1.389752473069269176e-02
1.464000000000000044e-05 3.722162374415319830e-01 1.369057427844150472e-02
1.466000000000000025e-05 3.717936995060540095e-01 1.340207389396721842e-02
1.468000000000000006e-05 3.713687891327377422e-01 1.303194087792921597e-02
1.469999999999999986e-05 3.711779601512132376e-01 1.287754502357577741e-02
1.471999999999999967e-05 3.710130864882335011e-01 1.262119863407137714e-02
1.473999999999999948e-05 3.708898224397932930e-01 1.221490759679749738e-02
1.476000000000000098e-05 3.708319756500070286e-01 1.188762436953854328e-02
1.478000000000000079e-05 3.706290932998475007e-01 1.158102648640194771e-02
1.480000000000000060e-05 3.704244393225428755e-01 1.125203652572162073e-02
1.482000000000000041e-05 3.703680063928607713e-01 1.095305872310131830e-02
1.484000000000000022e-05 3.701945566807658405e-01 1.054395003145002299e-02
1.486000000000000003e-05 3.701236019500240837e-01 1.019805498433774479e-02
1.487999999999999983e-05 3.701571851735769858e-01 9.816964080166584380e-03
1.489999999999999964e-05 3.702813531722495277e-01 9.493563151357593127e-03
1.492000000000000115e-05 3.703599442855671775e-01 9.147022895448749316e-03
1.494000000000000095e-05 3.704108013312405467e-01 8.873701715948791036e-03
1.496000000000000076e-05 3.703729822627755408e-01 8.661001171730487239e-03
1.498000000000000057e-05 3.702992137208162560e-01 8.494707181632732071e-03
1.500000000000000038e-05 3.702533889720611704e-01 8.351889056854215274e-03
1.502000000000000019e-05 3.702625286740467425e-01 8.184689048219354057e-03
1.504000000000000000e-05 3.701409701530903873e-01 7.900906527155840756e-03
1.505999999999999981e-05 3.700454798069442441e-01 7.661223833597359534e-03
1.507999999999999961e-05 3.698194181335779374e-01 7.385994000507439469e-03
1.510000000000000112e-05 3.697066042564098876e-01 7.159257385123319987e-03
1.512000000000000093e-05 3.696607481307556675e-01 6.905724797901875017e-03
1.514000000000000073e-05 3.697809425455775845e-01 6.528709533879393546e-03
1.516000000000000054e-05 3.699882582291064703e-01 6.165656373775132634e-03
1.518000000000000035e-05 3.703572918295923166e-01 5.801943315254394148e-03
1.520000000000000016e-05 3.707144019678579316e-01 5.483020341890976375e-03
1.521999999999999997e-05 3.711200646148102855e-01 5.253306773201995607e-03
1.523999999999999978e-05 3.715739730230436244e-01 5.046655983065151570e-03
1.525999999999999958e-05 3.720896795884217068e-01 4.850865908183895486e-03
1.527999999999999939e-05 3.728073968507839564e-01 4.713676928681016613e-03
1.529999999999999920e-05 3.734921886608191799e-01 4.459034281779602864e-03
1.531999999999999901e-05 3.742367162934864822e-01 4.138072281989950071e-03
1.533999999999999882e-05 3.748165186972635121e-01 3.852711280454190670e-03
1.536000000000000202e-05 3.754569027086106514e-01 3.602354995733253549e-03
1.538000000000000182e-05 3.762520889721096551e-01 3.290452299911180659e-03
1.540000000000000163e-05 3.770372993974693276e-01 2.910334409333787883e-03
1.542000000000000144e-05 3.777050406474484201e-01 2.513659772758060785e-03
1.544000000000000125e-05 3.783453719037497831e-01 2.101611083935541868e-03
1.546000000000000106e-05 3.788854479219824767e-01 1.603326674838107023e-03
1.548000000000000087e-05 3.793055487650682789e-01 1.230461397993593562e-03
1.550000000000000068e-05 3.798034308692229133e-01 7.528330175532449431e-04
1.552000000000000048e-05 3.803458624009611877e-01 3.402700812186287664e-04
1.554000000000000029e-05 3.808913844938272564e-01 7.169878716239974160e-08
1.556000000000000010e-05 3.814630546416823420e-01 -3.805211970705180374e-04
1.557999999999999991e-05 3.820916619361060529e-01 -7.125056394752927015e-04
1.559999999999999972e-05 3.825483997144638049e-01 -1.063827764505156275e-03
1.561999999999999953e-05 3.832099796064307173e-01 -1.434635982919680837e-03
1.563999999999999933e-05 3.837967515525855244e-01 -1.763600146347311156e-03
1.565999999999999914e-05 3.844975247845165978e-01 -2.065764952311449631e-03
1.567999999999999895e-05 3.849353261439509288e-01 -2.419958306452038924e-03
1.569999999999999876e-05 3.853914903166422157e-01 -2.775437785763614721e-03
1.572000000000000196e-05 3.857508958043138203e-01 -3.245947881413788639e-03
1.574000000000000177e-05 3.862099203278221426e-01 -3.647803880041835655e-03
1.576000000000000157e-05 3.868006421176197196e-01 -3.872460920019192652e-03
1.578000000000000138e-05 3.873760799657781639e-01 -4.138391750263370472e-03
1.580000000000000119e-05 3.881119868616750845e-01 -4.330809682492478031e-03
1.582000000000000100e-05 3.887028875620206492e-01 -4.618200100947481533e-03
1.584000000000000081e-05 3.891619635214448869e-01 -4.905590519402484168e-03
1.586000000000000062e-05 3.896649303498391781e-01 -5.140083899939393991e-03
1.588000000000000042e-05 3.899913194025083629e-01 -5.377415273383439123e-03
1.590000000000000023e-05 3.902834439753789519e-01 -5.597363266661249670e-03
1.592000000000000004e-05 3.905062131006287740e-01 -5.970012762553942101e-03
1.593999999999999985e-05 3.904928307452992242e-01 -6.326963618396044993e-03
1.595999999999999966e-05 3.904474678915142993e-01 -6.641602239496340217e-03
1.597999999999999947e-05 3.904426196160916684e-01 -6.960688571945801081e-03
1.599999999999999928e-05 3.905368065772934494e-01 -7.319492774103077137e-03
1.601999999999999908e-05 3.905895784164751250e-01 -7.595253339657576964e-03
1.603999999999999889e-05 3.906607351771256842e-01 -7.840607935613480226e-03
1.605999999999999870e-05 3.908128183806190425e-01 -8.037965169332649679e-03
1.608000000000000190e-05 3.908349823893342290e-01 -8.076113815526258718e-03
1.610000000000000171e-05 3.906785659735987903e-01 -8.109042269530184963e-03
1.612000000000000152e-05 3.904932486812897063e-01 -8.161776842920246550e-03
1.614000000000000132e-05 3.904136007147199217e-01 -8.061562808133582170e-03
1.616000000000000113e-05 3.903840048360376347e-01 -8.280823230275765126e-03
1.618000000000000094e-05 3.902814756945952035e-01 -8.362307952597141172e-03
1.620000000000000075e-05 3.902490451279402306e-01 -8.518211316759520882e-03
1.622000000000000056e-05 3.902967811331333192e-01 -8.592119414951360223e-03
1.624000000000000037e-05 3.904186257521652936e-01 -8.745878047771035724e-03
1.626000000000000017e-05 3.904849330684244668e-01 -8.693601444348036250e-03
1.627999999999999998e-05 3.902713239440652182e-01 -8.787344228598939141e-03
1.629999999999999979e-05 3.901549591608728940e-01 -8.831480564744394537e-03
1.631999999999999960e-05 3.900043602320320546e-01 -8.856345948441514404e-03
1.633999999999999941e-05 3.896684748484349758e-01 -8.843479118844371420e-03
1.635999999999999922e-05 3.894019255096560772e-01 -8.751059445538162188e-03
1.637999999999999903e-05 3.891669639371090894e-01 -8.628903349152979366e-03
1.639999999999999883e-05 3.890797144133867902e-01 -8.510102609750996513e-03
1.642000000000000203e-05 3.889921954362889345e-01 -8.273381652623723950e-03
1.644000000000000184e-05 3.889530446090754823e-01 -8.000797472879904101e-03
1.646000000000000165e-05 3.890686970922814791e-01 -7.758932772737849905e-03
1.648000000000000146e-05 3.891860535502024709e-01 -7.592894503369688151e-03
1.650000000000000127e-05 3.892899746852455656e-01 -7.409053530882409727e-03
1.652000000000000107e-05 3.894015820393560978e-01 -7.222473592989431083e-03
1.654000000000000088e-05 3.894841315515968905e-01 -7.019956171592128466e-03
1.656000000000000069e-05 3.894050716927868194e-01 -6.993821128925810891e-03
1.658000000000000050e-05 3.894711685992828798e-01 -6.910313152831244581e-03
1.660000000000000031e-05 3.895472727425495219e-01 -7.007414624541774203e-03
1.662000000000000012e-05 3.897661573343946806e-01 -6.807366883019872958e-03
1.663999999999999992e-05 3.899029013664414567e-01 -6.956197917584099749e-03
1.665999999999999973e-05 3.904001704958684482e-01 -6.794094871023439661e-03
1.667999999999999954e-05 3.907753422021892353e-01 -6.818694594298870676e-03
1.669999999999999935e-05 3.912946304600161684e-01 -7.021471381549238000e-03
1.671999999999999916e-05 3.912760642469284011e-01 -7.182539635670771166e-03
1.673999999999999897e-05 3.914324180635876393e-01 -7.144664372292061985e-03
1.675999999999999878e-05 3.914402778164631780e-01 -7.218757442374997002e-03
1.678000000000000197e-05 3.915659294205758312e-01 -7.170971936353758361e-03
1.680000000000000178e-05 3.917796016650412216e-01 -7.147693196736062439e-03
1.682000000000000159e-05 3.922339048821555929e-01 -7.316781104508457076e-03
1.684000000000000140e-05 3.923124561788710607e-01 -7.379734274238648056e-03
1.686000000000000121e-05 3.922932991187302321e-01 -7.450451160064903468e-03
1.688000000000000101e-05 3.923556817594706647e-01 -7.647175897986144624e-03
1.690000000000000082e-05 3.921976904839879485e-01 -7.593760020964743576e-03
1.692000000000000063e-05 3.920028327201907636e-01 -7.863603208775658479e-03
1.694000000000000044e-05 3.917719770626784670e-01 -8.116855878936559895e-03
1.696000000000000025e-05 3.914012392314141775e-01 -8.350341262895449174e-03
1.698000000000000006e-05 3.910220623728154488e-01 -8.609234043798451308e-03
1.699999999999999987e-05 3.905604322181685517e-01 -8.882867958281033538e-03
1.701999999999999967e-05 3.900074142904760843e-01 -9.168774475896489945e-03
1.703999999999999948e-05 3.894839008972520999e-01 -9.451398500054232141e-03
1.705999999999999929e-05 3.889586532622636983e-01 -9.877428728844672712e-03
1.707999999999999910e-05 3.885405966234386499e-01 -1.015383939474468096e-02
1.709999999999999891e-05 3.882300443097491671e-01 -1.052025753048790001e-02
1.711999999999999872e-05 3.878406795997607071e-01 -1.083999307418102506e-02
1.714000000000000191e-05 3.874941367697790073e-01 -1.114117494879987048e-02
1.716000000000000172e-05 3.870649094635139620e-01 -1.148110320556468625e-02
1.718000000000000153e-05 3.866128648761089637e-01 -1.207483399418322716e-02
1.720000000000000134e-05 3.862828492283522097e-01 -1.245939050884606152e-02
1.722000000000000115e-05 3.859815648740271832e-01 -1.277802279172140024e-02
1.724000000000000096e-05 3.858382065092787472e-01 -1.315392764592128796e-02
1.726000000000000076e-05 3.855941150188894606e-01 -1.340700988293642461e-02
1.728000000000000057e-05 3.853354732623597290e-01 -1.358955031791191613e-02
1.730000000000000038e-05 3.852206325954669608e-01 -1.392590613548950161e-02
1.732000000000000019e-05 3.850882000724875076e-01 -1.399585269655545701e-02
1.734000000000000000e-05 3.850382906088106738e-01 -1.399835826507941569e-02
1.735999999999999981e-05 3.849827810390387128e-01 -1.405774917889994133e-02
1.737999999999999962e-05 3.848755861255340194e-01 -1.408259205234101835e-02
1.739999999999999942e-05 3.847140441566647695e-01 -1.424514058910560273e-02
1.741999999999999923e-05 3.845823197895142931e-01 -1.419542655060672919e-02
1.743999999999999904e-05 3.844426100342074881e-01 -1.429429975198642962e-02
1.745999999999999885e-05 3.841969213561333141e-01 -1.436009534831738169e-02
1.748000000000000205e-05 3.841743148809724229e-01 -1.442275842410433578e-02
1.750000000000000186e-05 3.840703658393962439e-01 -1.462464997984312329e-02
1.752000000000000166e-05 3.839785039437683123e-01 -1.478962492368773689e-02
1.754000000000000147e-05 3.839373936108780860e-01 -1.495029289863952955e-02
1.756000000000000128e-05 3.839026360998730736e-01 -1.512242941641490576e-02
1.758000000000000109e-05 3.839549692214347942e-01 -1.524752472394085706e-02
1.760000000000000090e-05 3.840301318887634485e-01 -1.523736254954124320e-02
1.762000000000000071e-05 3.841947525956323495e-01 -1.528312403835136064e-02
1.764000000000000051e-05 3.843835647749844764e-01 -1.529801429882890126e-02
1.766000000000000032e-05 3.847636891245171387e-01 -1.513744287024522753e-02
1.768000000000000013e-05 3.850927303006896896e-01 -1.509978185720499758e-02
1.769999999999999994e-05 3.855323067858142938e-01 -1.509296457553421268e-02
1.771999999999999975e-05 3.859090266382883549e-01 -1.508298736735292495e-02
1.773999999999999956e-05 3.861772469072103364e-01 -1.510874158521105862e-02
1.775999999999999937e-05 3.863414059091250796e-01 -1.509858182248005956e-02
1.777999999999999917e-05 3.868298380768137590e-01 -1.506454180855363971e-02
1.779999999999999898e-05 3.868879575820173278e-01 -1.514563423807625819e-02
1.781999999999999879e-05 3.872034894864711529e-01 -1.536136902685326586e-02
1.784000000000000199e-05 3.875281335683968265e-01 -1.540884080742250389e-02
1.786000000000000180e-05 3.877834762732683682e-01 -1.547512633508843841e-02
1.788000000000000160e-05 3.879465238881982803e-01 -1.552670938634710847e-02
1.790000000000000141e-05 3.880575691097654101e-01 -1.549476014883975281e-02
1.792000000000000122e-05 3.882402994022636222e-01 -1.558766864160269876e-02
1.794000000000000103e-05 3.884989070895262797e-01 -1.576336382958257523e-02
1.796000000000000084e-05 3.887040523329688413e-01 -1.599815179398372117e-02
1.798000000000000065e-05 3.887021644802250431e-01 -1.625662991619913553e-02
1.800000000000000046e-05 3.888071809703773085e-01 -1.658680197121813540e-02
1.802000000000000026e-05 3.885621218500540652e-01 -1.684855444955784057e-02
1.804000000000000007e-05 3.885739725057392735e-01 -1.719552480092580160e-02
1.805999999999999988e-05 3.889059999325908956e-01 -1.736931290980502432e-02
1.807999999999999969e-05 3.891618073941782718e-01 -1.761633203037989148e-02
1.809999999999999950e-05 3.893591233394259055e-01 -1.788507043741890956e-02
1.811999999999999931e-05 3.895257402916202372e-01 -1.820814456448073548e-02
1.813999999999999912e-05 3.898595347111302178e-01 -1.858979770476541088e-02
1.815999999999999892e-05 3.901110319833333007e-01 -1.898397817442189564e-02
1.817999999999999873e-05 3.903625302409020059e-01 -1.948950018260154834e-02
1.820000000000000193e-05 3.906508026363884611e-01 -1.997904994041119209e-02
1.822000000000000174e-05 3.907363806750566715e-01 -2.037343090726985440e-02
1.824000000000000155e-05 3.909592361885151357e-01 -2.081563714944070775e-02
1.826000000000000135e-05 3.910161444320149893e-01 -2.121175446317593444e-02
1.828000000000000116e-05 3.909095852796584114e-01 -2.154387481562429832e-02
1.830000000000000097e-05 3.907775063793282322e-01 -2.176091460120237880e-02
1.832000000000000078e-05 3.906401416633740742e-01 -2.198090494031475911e-02
1.834000000000000059e-05 3.906445964159342421e-01 -2.212178886069551126e-02
1.836000000000000040e-05 3.906048421047962904e-01 -2.229043459550015746e-02
1.838000000000000021e-05 3.905031860912858144e-01 -2.242003133087446323e-02
1.840000000000000001e-05 3.904502775910954626e-01 -2.260692482204694140e-02
1.841999999999999982e-05 3.904558066609336020e-01 -2.274458696715617179e-02
1.843999999999999963e-05 3.904999106029529710e-01 -2.276762319600282927e-02
1.845999999999999944e-05 3.905870664706624362e-01 -2.304392430228881239e-02
1.847999999999999925e-05 3.907832593998407100e-01 -2.317937912584073709e-02
1.849999999999999906e-05 3.909035908168340123e-01 -2.333156773053444988e-02
1.851999999999999887e-05 3.910554616105605397e-01 -2.351681141493920657e-02
1.854000000000000206e-05 3.911382652813710781e-01 -2.369093302194071743e-02
1.856000000000000187e-05 3.911590469695784278e-01 -2.387529793946905482e-02
1.858000000000000168e-05 3.912221968555612550e-01 -2.405189349664232576e-02
1.860000000000000149e-05 3.911217570090286810e-01 -2.424835225060580773e-02
1.862000000000000130e-05 3.910868377145929609e-01 -2.450552628092098409e-02
1.864000000000000110e-05 3.911122492588490207e-01 -2.480544496887268635e-02
1.866000000000000091e-05 3.911654171735351460e-01 -2.503482885060938010e-02
1.868000000000000072e-05 3.912506618818058501e-01 -2.524827210991784088e-02
1.870000000000000053e-05 3.911527328479462717e-01 -2.556830920330577586e-02
1.872000000000000034e-05 3.910678453864818716e-01 -2.586060159802129610e-02
1.874000000000000015e-05 3.908126075690121493e-01 -2.614238387315892878e-02
1.875999999999999996e-05 3.903909499265390548e-01 -2.618573818185179758e-02
1.877999999999999976e-05 3.899466112007323182e-01 -2.635659523303171548e-02
1.879999999999999957e-05 3.893987141151715736e-01 -2.653146361006554835e-02
1.881999999999999938e-05 3.889073822321998386e-01 -2.674923428293618163e-02
1.883999999999999919e-05 3.884912359370591428e-01 -2.702928303769192367e-02
1.885999999999999900e-05 3.879284663181457038e-01 -2.715288108712640008e-02
1.887999999999999881e-05 3.874285597643286616e-01 -2.733129190941317038e-02
1.890000000000000200e-05 3.872274472192809291e-01 -2.744208431487251201e-02
1.892000000000000181e-05 3.870757528698052785e-01 -2.734129429012953361e-02
1.894000000000000162e-05 3.868181621311137519e-01 -2.730798834250967172e-02
1.896000000000000143e-05 3.861926613934631436e-01 -2.738394058598271619e-02
1.898000000000000124e-05 3.857727115949626251e-01 -2.739912773678925689e-02
1.900000000000000105e-05 3.852483873727270969e-01 -2.741293084763830532e-02
1.902000000000000085e-05 3.848072819313334558e-01 -2.743428996044278492e-02
1.904000000000000066e-05 3.844072109051503983e-01 -2.746134205405885431e-02
1.906000000000000047e-05 3.840016147608477648e-01 -2.729715280724066481e-02
1.908000000000000028e-05 3.835604636616087304e-01 -2.729279723514983422e-02
1.910000000000000009e-05 3.831528315097464943e-01 -2.727884500007670895e-02
1.911999999999999990e-05 3.827843399215764553e-01 -2.726661068746218802e-02
1.913999999999999971e-05 3.825110852433754038e-01 -2.720398350191698469e-02
1.915999999999999951e-05 3.823040696762257107e-01 -2.714276211141922537e-02
1.917999999999999932e-05 3.821056398790199093e-01 -2.714845754819490697e-02
1.919999999999999913e-05 3.820055668270003757e-01 -2.713960923069830625e-02
1.921999999999999894e-05 3.818992021360047562e-01 -2.708250313181320354e-02
1.923999999999999875e-05 3.818043817675179086e-01 -2.706303580616061660e-02
1.926000000000000194e-05 3.816763377612382158e-01 -2.701420116570029881e-02
1.928000000000000175e-05 3.817353365456442327e-01 -2.716703494402094785e-02
1.930000000000000156e-05 3.817073812030054580e-01 -2.724604246317683873e-02
1.932000000000000137e-05 3.816775107027695069e-01 -2.732879476067029065e-02
1.934000000000000118e-05 3.816621132262840166e-01 -2.740792435831291077e-02
1.936000000000000099e-05 3.816952308358956825e-01 -2.749990436605974017e-02
1.938000000000000080e-05 3.818192907113095447e-01 -2.753244313477342178e-02
1.940000000000000060e-05 3.820054271317499528e-01 -2.759508669349205676e-02
1.942000000000000041e-05 3.823307780142660151e-01 -2.766342753864865084e-02
1.944000000000000022e-05 3.826628606424452572e-01 -2.767517299149156729e-02
1.946000000000000003e-05 3.829924415240833491e-01 -2.762952843593564217e-02
1.947999999999999984e-05 3.834354326967625570e-01 -2.760739304754956588e-02
1.949999999999999965e-05 3.838019431740771203e-01 -2.757408655067052766e-02
1.951999999999999946e-05 3.842146595896249184e-01 -2.751793781567897501e-02
1.953999999999999926e-05 3.846430365578993316e-01 -2.743282791685417582e-02
1.955999999999999907e-05 3.849997833308579920e-01 -2.730328625825634986e-02
1.957999999999999888e-05 3.853473654888840416e-01 -2.708270795045263080e-02
1.960000000000000208e-05 3.855036718355645542e-01 -2.705563095842261276e-02
1.962000000000000189e-05 3.856278817630726663e-01 -2.686995779093346789e-02
1.964000000000000169e-05 3.856522173312104673e-01 -2.675135239330748982e-02
1.966000000000000150e-05 3.857152691848764747e-01 -2.660880112419550594e-02
1.968000000000000131e-05 3.857287876325227738e-01 -2.660003114043158617e-02
1.970000000000000112e-05 3.857795654000918395e-01 -2.659126115666765600e-02
1.972000000000000093e-05 3.858898951853212411e-01 -2.658542512434658098e-02
1.974000000000000074e-05 3.859116838158172524e-01 -2.672225604054083783e-02
1.976000000000000055e-05 3.859871031070279401e-01 -2.684316928479535055e-02
1.978000000000000035e-05 3.859542239756043602e-01 -2.692969368483241754e-02
1.980000000000000016e-05 3.859294261533652293e-01 -2.678948224491861999e-02
1.981999999999999997e-05 3.860364787575221723e-01 -2.670797553155651247e-02
1.983999999999999978e-05 3.862465202758468830e-01 -2.664096738031332748e-02
1.985999999999999959e-05 3.864858563989356788e-01 -2.667596714250959275e-02
1.987999999999999940e-05 3.868994263472254613e-01 -2.658375625568994843e-02
1.989999999999999921e-05 3.872457230672105566e-01 -2.659042015886943153e-02
1.991999999999999901e-05 3.875023967434276795e-01 -2.649881832380383828e-02
1.993999999999999882e-05 3.878000990318360430e-01 -2.646924235423801786e-02
1.996000000000000202e-05 3.880483223032475393e-01 -2.643089152438724693e-02
1.998000000000000183e-05 3.881760349363632678e-01 -2.634931522773647020e-02
