0.000000000000000000e+00 -1.665958730989654246e-02 1.264895379814920742e-02
2.000000000000000042e-08 -1.660578817914883445e-02 1.210792746712325771e-02
4.000000000000000084e-08 -1.628972468706233606e-02 1.271875520962566057e-02
6.000000000000000787e-08 -1.604241545553019774e-02 1.266379592110146793e-02
8.000000000000000167e-08 -1.570840098736379919e-02 1.261744526870286869e-02
9.999999999999999547e-08 -1.531290415203043383e-02 1.257274254660208090e-02
1.200000000000000157e-07 -1.483933656925013646e-02 1.252833433633481451e-02
1.400000000000000095e-07 -1.434478594438304278e-02 1.251202591129320363e-02
1.600000000000000033e-07 -1.379383083599947275e-02 1.250685884828077986e-02
1.799999999999999971e-07 -1.318647124409941425e-02 1.250169178526835262e-02
1.999999999999999909e-07 -1.251982640755636318e-02 1.249185310515033703e-02
2.200000000000000112e-07 -1.179474172037893627e-02 1.249665951886468757e-02
2.400000000000000315e-07 -1.101367522670805912e-02 1.250436886344147118e-02
2.599999999999999988e-07 -1.022351336591043915e-02 1.251207820801826000e-02
2.800000000000000191e-07 -9.376947021596339360e-03 1.251978755259504361e-02
2.999999999999999864e-07 -8.472491119916727986e-03 1.251520290874387487e-02
3.200000000000000067e-07 -7.524557897531315188e-03 1.248569335305207278e-02
3.400000000000000270e-07 -6.549318125746958139e-03 1.244478588007839198e-02
3.599999999999999943e-07 -5.564682676004508929e-03 1.240807188033137866e-02
3.800000000000000146e-07 -4.477568514356842187e-03 1.236395499678006465e-02
3.999999999999999819e-07 -3.367943721771808965e-03 1.221369153181590603e-02
4.200000000000000022e-07 -2.254112370790315508e-03 1.216247475193709369e-02
4.400000000000000224e-07 -1.093907061503613916e-03 1.210648066717737691e-02
4.599999999999999898e-07 1.454574749946280351e-04 1.210815514804728169e-02
4.800000000000000630e-07 1.429153766107631391e-03 1.209662175137273324e-02
4.999999999999999774e-07 2.769254540737124855e-03 1.208508835469818826e-02
5.199999999999999976e-07 4.164295352513364135e-03 1.207439732673416463e-02
5.400000000000000179e-07 5.593270706413878794e-03 1.209411855063400112e-02
5.600000000000000382e-07 7.075626563032413018e-03 1.208002593438977160e-02
5.800000000000000585e-07 8.672509203078593992e-03 1.215170239042268063e-02
5.999999999999999728e-07 1.026302352373748526e-02 1.215081975532272818e-02
6.199999999999999931e-07 1.177796262388035829e-02 1.220231046793571021e-02
6.400000000000000134e-07 1.332918138837555465e-02 1.221218224176892110e-02
6.600000000000000337e-07 1.488433615801797519e-02 1.220726026164600624e-02
6.800000000000000539e-07 1.660083035510579591e-02 1.220538529229046182e-02
6.999999999999999683e-07 1.808025191544681762e-02 1.208495478301914623e-02
7.199999999999999886e-07 1.977165687813277339e-02 1.204900046697819464e-02
7.400000000000000089e-07 2.128336643578147142e-02 1.201966862549775500e-02
7.600000000000000291e-07 2.301720891588725920e-02 1.195555819209786347e-02
7.800000000000000494e-07 2.480466422713079391e-02 1.193177152237590195e-02
7.999999999999999638e-07 2.662276615048499856e-02 1.194312939699849509e-02
8.199999999999999841e-07 2.832143938144436948e-02 1.192207898155299775e-02
8.400000000000000043e-07 3.003406949095528342e-02 1.193380285175376157e-02
8.600000000000000246e-07 3.172527190549324916e-02 1.192336631715359627e-02
8.800000000000000449e-07 3.345718961602631852e-02 1.197313719210257345e-02
9.000000000000000652e-07 3.526110113150268677e-02 1.197617336955282899e-02
9.199999999999999795e-07 3.701143795560779548e-02 1.208243992785646044e-02
9.399999999999999998e-07 3.883372444471244050e-02 1.207315279011702061e-02
9.600000000000001260e-07 4.067032422745087833e-02 1.212463477202431125e-02
9.799999999999999345e-07 4.241099196601130772e-02 1.218249700977307864e-02
9.999999999999999547e-07 4.423979554150281324e-02 1.232577458869168509e-02
1.019999999999999975e-06 4.601530541476864244e-02 1.241112413703722439e-02
1.039999999999999995e-06 4.779231029856375462e-02 1.245303545198507209e-02
1.060000000000000016e-06 4.955263371169191244e-02 1.250153972582935744e-02
1.080000000000000036e-06 5.141823922874540209e-02 1.257398065638924353e-02
1.100000000000000056e-06 5.333399837181298370e-02 1.269984200532402532e-02
1.120000000000000076e-06 5.527086313357182368e-02 1.280344327373707410e-02
1.140000000000000097e-06 5.715262566708683573e-02 1.294046456666532105e-02
1.160000000000000117e-06 5.911944854299951146e-02 1.299331433304303646e-02
1.179999999999999925e-06 6.134173214913759414e-02 1.316249848763580838e-02
1.199999999999999946e-06 6.330778966514973016e-02 1.324115568626538404e-02
1.219999999999999966e-06 6.533481281392837514e-02 1.321421667715485908e-02
1.239999999999999986e-06 6.746686907110151232e-02 1.301441253223666918e-02
1.260000000000000007e-06 6.943103927140298337e-02 1.286003336435908098e-02
1.280000000000000027e-06 7.158607693535382066e-02 1.272300199162153950e-02
1.300000000000000047e-06 7.368555366552836938e-02 1.259255072649939459e-02
1.320000000000000067e-06 7.584100326670689673e-02 1.249611535582170578e-02
1.340000000000000088e-06 7.793097449167815660e-02 1.231468524090788101e-02
1.360000000000000108e-06 7.999268854493565839e-02 1.229842472982982902e-02
1.380000000000000128e-06 8.210983124024764934e-02 1.216903741631144426e-02
1.399999999999999937e-06 8.422804506937114910e-02 1.203931652206722755e-02
1.419999999999999957e-06 8.625871765641375533e-02 1.193095757184214900e-02
1.439999999999999977e-06 8.838261537571553972e-02 1.183640933234732240e-02
1.459999999999999997e-06 9.040571943578136482e-02 1.161980506973809245e-02
1.480000000000000018e-06 9.257969261133490446e-02 1.149797909808960433e-02
1.500000000000000038e-06 9.475473049119530200e-02 1.137414200485466209e-02
1.520000000000000058e-06 9.686061294257931886e-02 1.126938577035656829e-02
1.540000000000000079e-06 9.894205652764476167e-02 1.116064212271157194e-02
1.560000000000000099e-06 1.011176315996396152e-01 1.098971908022190920e-02
1.580000000000000119e-06 1.032307322131119087e-01 1.088401150014604163e-02
1.599999999999999928e-06 1.053347760500955022e-01 1.079290390650793942e-02
1.619999999999999948e-06 1.075229512603829984e-01 1.077835539245037243e-02
1.639999999999999968e-06 1.097148582748503631e-01 1.087517036303002962e-02
1.659999999999999988e-06 1.118633400099391939e-01 1.100486690896284279e-02
1.680000000000000009e-06 1.139694900041672426e-01 1.109366719111751914e-02
1.700000000000000029e-06 1.161563726840282862e-01 1.112354077005158100e-02
1.720000000000000049e-06 1.181390351514294279e-01 1.133188907733255132e-02
1.740000000000000069e-06 1.201499813028468755e-01 1.145230274974795570e-02
1.760000000000000090e-06 1.222681981555301389e-01 1.158757755329009077e-02
1.780000000000000110e-06 1.244210888789326896e-01 1.166356781033006489e-02
1.800000000000000130e-06 1.265371886816233360e-01 1.177355781469948195e-02
1.819999999999999939e-06 1.285081909570035263e-01 1.191138478884212065e-02
1.839999999999999959e-06 1.304603065337884837e-01 1.209572021858452452e-02
1.859999999999999979e-06 1.324219010881073078e-01 1.209273468405603659e-02
1.880000000000000000e-06 1.342831113075817762e-01 1.226803043477646231e-02
1.900000000000000020e-06 1.363751581609401742e-01 1.218206824414470868e-02
1.920000000000000252e-06 1.383757136366135509e-01 1.223436132159353047e-02
1.940000000000000060e-06 1.405096834103533310e-01 1.237367347640185890e-02
1.959999999999999869e-06 1.426144057200122994e-01 1.246819626732396762e-02
1.980000000000000101e-06 1.444900558696078918e-01 1.259069287120474258e-02
1.999999999999999909e-06 1.461328338047319653e-01 1.269105053701327819e-02
2.020000000000000142e-06 1.478936432531041678e-01 1.272920641892717405e-02
2.039999999999999950e-06 1.495269473224691836e-01 1.277115718218662516e-02
2.060000000000000182e-06 1.510272246740403945e-01 1.280470545755121696e-02
2.079999999999999991e-06 1.526176322190082590e-01 1.293437647207049471e-02
2.100000000000000223e-06 1.540926374275644328e-01 1.305426915090823585e-02
2.120000000000000031e-06 1.554456277679134579e-01 1.319686614041807454e-02
2.139999999999999840e-06 1.568764408918280617e-01 1.326151943877043084e-02
2.160000000000000072e-06 1.578767681242080612e-01 1.326943237032262093e-02
2.179999999999999880e-06 1.589659900729199493e-01 1.337940565686339053e-02
2.200000000000000112e-06 1.601438588273043084e-01 1.342874127105864006e-02
2.219999999999999921e-06 1.613736586643898796e-01 1.347179610693592308e-02
2.240000000000000153e-06 1.627401643473748161e-01 1.359650909357243767e-02
2.259999999999999961e-06 1.640211489051330296e-01 1.369687542644271172e-02
2.280000000000000193e-06 1.653469626292774219e-01 1.371282380872497139e-02
2.300000000000000002e-06 1.666780811286650288e-01 1.368040371368545345e-02
2.320000000000000234e-06 1.682499542476431631e-01 1.357884340057953845e-02
2.340000000000000042e-06 1.695101616568725211e-01 1.352431056598593813e-02
2.359999999999999851e-06 1.710614373085173334e-01 1.346275250862308953e-02
2.380000000000000083e-06 1.723047950133318462e-01 1.359473372233961294e-02
2.399999999999999891e-06 1.735458128982485249e-01 1.355463764109214424e-02
2.420000000000000123e-06 1.745835845364886729e-01 1.361187869521556654e-02
2.439999999999999932e-06 1.759510619095009387e-01 1.342387102533438258e-02
2.460000000000000164e-06 1.772225612076626100e-01 1.333453456382301811e-02
2.479999999999999972e-06 1.784997228564364768e-01 1.331754982507696479e-02
2.500000000000000205e-06 1.796584042939523840e-01 1.316624738961971221e-02
2.520000000000000013e-06 1.809585837352794269e-01 1.310381785446502155e-02
2.540000000000000245e-06 1.821601846398024360e-01 1.302001533291118757e-02
2.560000000000000054e-06 1.833988764786228520e-01 1.290521139233312409e-02
2.579999999999999862e-06 1.844262598347213289e-01 1.281435558909913702e-02
2.600000000000000094e-06 1.854383519818342263e-01 1.268508912610896884e-02
2.619999999999999903e-06 1.865436111456980628e-01 1.278889062387340153e-02
2.640000000000000135e-06 1.874947744901225288e-01 1.254021725143708230e-02
2.659999999999999943e-06 1.886408084363276894e-01 1.249420767548737460e-02
2.680000000000000175e-06 1.897486858057799430e-01 1.237604103262022852e-02
2.699999999999999984e-06 1.908163843543083382e-01 1.214735744716572557e-02
2.720000000000000216e-06 1.919181194110527733e-01 1.189165214876879498e-02
2.740000000000000024e-06 1.929589919170398016e-01 1.164272372377015904e-02
2.760000000000000256e-06 1.942173525795345135e-01 1.144469581557565341e-02
2.780000000000000065e-06 1.954423542220077858e-01 1.127916219777862043e-02
2.799999999999999873e-06 1.967231052401804403e-01 1.114609082638230719e-02
2.820000000000000105e-06 1.978750515723384229e-01 1.102304803135927339e-02
2.839999999999999914e-06 1.989179433913718098e-01 1.085355630331259411e-02
2.860000000000000146e-06 1.997343552791407129e-01 1.069690736428982950e-02
2.879999999999999954e-06 2.004832385929059546e-01 1.054025842526706315e-02
2.900000000000000186e-06 2.012880683811515692e-01 1.035715043766222317e-02
2.919999999999999995e-06 2.020633942306387931e-01 1.027086763429067157e-02
2.940000000000000227e-06 2.026862679659177935e-01 9.998607613243387995e-03
2.960000000000000035e-06 2.029526038742315575e-01 9.823994580050848455e-03
2.980000000000000267e-06 2.032545433357091369e-01 9.629907764472306689e-03
3.000000000000000076e-06 2.036763649740346016e-01 9.438500245337495820e-03
3.019999999999999885e-06 2.041027149036002408e-01 9.126685865360716077e-03
3.040000000000000117e-06 2.045822186834045098e-01 8.827293805401275131e-03
3.059999999999999925e-06 2.049978529406573102e-01 8.524300714350859995e-03
3.080000000000000157e-06 2.055313780467059870e-01 8.234612623110601839e-03
3.099999999999999966e-06 2.060789720582165141e-01 7.843319682042288604e-03
3.120000000000000198e-06 2.064439389228949207e-01 7.673709792959905983e-03
3.140000000000000006e-06 2.068107755999295805e-01 7.370814450950501605e-03
3.160000000000000238e-06 2.070337748050071203e-01 7.029689743268363947e-03
3.180000000000000047e-06 2.072177955420584639e-01 6.947583363927822137e-03
3.199999999999999855e-06 2.071147621919418591e-01 6.714794649391940887e-03
3.220000000000000087e-06 2.068378408266402513e-01 6.458484764677549159e-03
3.239999999999999896e-06 2.068126266699046589e-01 6.285283420151623578e-03
3.260000000000000128e-06 2.066781653125062679e-01 6.091696296870200041e-03
3.279999999999999936e-06 2.065836056769963236e-01 5.838446074077253620e-03
3.300000000000000168e-06 2.062564508449162559e-01 5.678512785231796395e-03
3.319999999999999977e-06 2.062879046869144917e-01 5.451849398168289069e-03
3.340000000000000209e-06 2.058573680622092783e-01 5.344611409290837313e-03
3.360000000000000017e-06 2.056006543230758099e-01 5.550423761253213753e-03
3.380000000000000249e-06 2.055006174202021474e-01 5.653222211317234826e-03
3.400000000000000058e-06 2.051647713479452795e-01 5.726435897907285189e-03
3.419999999999999866e-06 2.050117202622826484e-01 5.859567300528331808e-03
3.440000000000000098e-06 2.049306835495323664e-01 5.975188991821136705e-03
3.459999999999999907e-06 2.048886661167841072e-01 6.159682239982752945e-03
3.480000000000000139e-06 2.049139029313020999e-01 6.388932287920407946e-03
3.499999999999999947e-06 2.048629502318272955e-01 6.639459171707566901e-03
3.520000000000000180e-06 2.048605701900412523e-01 6.910312857241565979e-03
3.539999999999999988e-06 2.048376393784378524e-01 7.273860279313768343e-03
3.560000000000000220e-06 2.047507044969547885e-01 7.615449723686424852e-03
3.580000000000000029e-06 2.044764754573692445e-01 7.955724892504645665e-03
3.600000000000000261e-06 2.041656378322055931e-01 8.378824758044184709e-03
3.620000000000000069e-06 2.039572097183844357e-01 8.804615102564824700e-03
3.639999999999999878e-06 2.037257003747979800e-01 9.268529449491825015e-03
3.660000000000000110e-06 2.034349684711845296e-01 9.887042969362862949e-03
3.679999999999999918e-06 2.032087004674195951e-01 1.053360821617783244e-02
3.700000000000000150e-06 2.030393187285370327e-01 1.117628127710331917e-02
3.719999999999999959e-06 2.029310913794443449e-01 1.175683115227846992e-02
3.740000000000000191e-06 2.029250992950032972e-01 1.229793412955094110e-02
3.759999999999999999e-06 2.029290138115619480e-01 1.281754711359866378e-02
3.780000000000000231e-06 2.028951016559927822e-01 1.328654125189221956e-02
3.800000000000000040e-06 2.029373533929140216e-01 1.370514793419607379e-02
3.819999999999999848e-06 2.029894957354410057e-01 1.423227174308935340e-02
3.840000000000000504e-06 2.031657894745175219e-01 1.453901480539353946e-02
3.860000000000000312e-06 2.032889539638817189e-01 1.489565756189382278e-02
3.880000000000000121e-06 2.034557142587777312e-01 1.529607330231735722e-02
3.899999999999999929e-06 2.036798361614726716e-01 1.586474265659411007e-02
3.919999999999999738e-06 2.039624049370517833e-01 1.636587823963451746e-02
3.940000000000000393e-06 2.041573959297847962e-01 1.686432648612101390e-02
3.960000000000000202e-06 2.042280250731817737e-01 1.743641589626031621e-02
3.980000000000000010e-06 2.043491118035475618e-01 1.812392752174515204e-02
3.999999999999999819e-06 2.045855297863408140e-01 1.873178808905252499e-02
4.020000000000000475e-06 2.048017611938249549e-01 1.931187674116716796e-02
4.040000000000000283e-06 2.051011525950816872e-01 1.986260540361985474e-02
4.060000000000000092e-06 2.053775874604359952e-01 2.053438191828485526e-02
4.079999999999999900e-06 2.056157883599120939e-01 2.097937116091617982e-02
4.099999999999999709e-06 2.057898679384658758e-01 2.138458115927202585e-02
4.120000000000000364e-06 2.059916065286371556e-01 2.170287674455811597e-02
4.140000000000000173e-06 2.061987442360338485e-01 2.203042356606980251e-02
4.159999999999999981e-06 2.063814667575577799e-01 2.243477804186524288e-02
4.179999999999999790e-06 2.068269251994572511e-01 2.284423794849280154e-02
4.200000000000000445e-06 2.070207844216412352e-01 2.319826777328405989e-02
4.220000000000000254e-06 2.071488616542691008e-01 2.351577552794480511e-02
4.240000000000000062e-06 2.073828785416115261e-01 2.403867746386080181e-02
4.259999999999999871e-06 2.076962385511881559e-01 2.448374859638719619e-02
4.279999999999999679e-06 2.078665035957645846e-01 2.491557494921424129e-02
4.300000000000000335e-06 2.080900464297222030e-01 2.539158071142938802e-02
4.320000000000000143e-06 2.082856416780924091e-01 2.571264587301950316e-02
4.339999999999999952e-06 2.085790901034221545e-01 2.600898460000352838e-02
4.359999999999999760e-06 2.089794546841820810e-01 2.627948829838233635e-02
4.380000000000000416e-06 2.090743417824134642e-01 2.661993646884314862e-02
4.400000000000000224e-06 2.093104841561399809e-01 2.694931681884677604e-02
4.420000000000000033e-06 2.094178395941939941e-01 2.711516602552781555e-02
4.439999999999999841e-06 2.096722850306277641e-01 2.738057618436678595e-02
4.460000000000000497e-06 2.099711504269515250e-01 2.758412636253641803e-02
4.480000000000000305e-06 2.101002595424931729e-01 2.754022579531865966e-02
4.500000000000000114e-06 2.102323545792106063e-01 2.763796462488734423e-02
4.519999999999999923e-06 2.104662480120509382e-01 2.775918822093850769e-02
4.539999999999999731e-06 2.107263819255747739e-01 2.781232392073491530e-02
4.560000000000000387e-06 2.108847841662414291e-01 2.789470487486740008e-02
4.580000000000000195e-06 2.110129357065113065e-01 2.795315803366521870e-02
4.600000000000000004e-06 2.111076524006546828e-01 2.809385946065526968e-02
4.619999999999999812e-06 2.112613397297598561e-01 2.821750109257931821e-02
4.640000000000000468e-06 2.113885822157929029e-01 2.830694428023831921e-02
4.660000000000000276e-06 2.115268346774653585e-01 2.851630409012062897e-02
4.680000000000000085e-06 2.117651485479886964e-01 2.865664935623176909e-02
4.699999999999999893e-06 2.117093686552565801e-01 2.882568916342833493e-02
4.719999999999999702e-06 2.117573522493030047e-01 2.900943063611352568e-02
4.740000000000000357e-06 2.116494030913151914e-01 2.908642308093906809e-02
4.760000000000000166e-06 2.116234288928814378e-01 2.927331041346329515e-02
4.779999999999999974e-06 2.117609812452737883e-01 2.950485224249662503e-02
4.799999999999999783e-06 2.118174241365882449e-01 2.968714656675937313e-02
4.820000000000000438e-06 2.119261261794353479e-01 2.987036200091161206e-02
4.840000000000000247e-06 2.120376070707735428e-01 2.999437115915948651e-02
4.860000000000000055e-06 2.122230565822121051e-01 3.015807661690986935e-02
4.879999999999999864e-06 2.122781625730693345e-01 3.038855205751792021e-02
4.900000000000000519e-06 2.124189098080715710e-01 3.036892953442623874e-02
4.920000000000000328e-06 2.125724085576924105e-01 3.040901465641812976e-02
4.940000000000000136e-06 2.127903829320453022e-01 3.056215226683967404e-02
4.959999999999999945e-06 2.129841182694683921e-01 3.066753776507146964e-02
4.979999999999999753e-06 2.131125123676510802e-01 3.076799696617099275e-02
5.000000000000000409e-06 2.132365937066845740e-01 3.066743783802121717e-02
5.020000000000000218e-06 2.131827303987684497e-01 3.051374411431924394e-02
5.040000000000000026e-06 2.132171236758888810e-01 3.049569347997523050e-02
5.059999999999999835e-06 2.132290782766984027e-01 3.037248847721740752e-02
5.080000000000000490e-06 2.133512098889611408e-01 3.028251867203966483e-02
5.100000000000000299e-06 2.134203688168479773e-01 3.020696570752322632e-02
5.120000000000000107e-06 2.134820091066283176e-01 3.013811056626455875e-02
5.139999999999999916e-06 2.135313575527958141e-01 2.996083381143945304e-02
5.159999999999999724e-06 2.135861636048922430e-01 2.990708641850126082e-02
5.180000000000000380e-06 2.136798352692838299e-01 2.975235841016012420e-02
5.200000000000000188e-06 2.136564518197815454e-01 2.965931588481835607e-02
5.219999999999999997e-06 2.137929597332519083e-01 2.932864824909144075e-02
5.239999999999999805e-06 2.139666421283138997e-01 2.907434058758790602e-02
5.260000000000000461e-06 2.142304514887792555e-01 2.878389318941382974e-02
5.280000000000000269e-06 2.143625547930873287e-01 2.847500742404770677e-02
5.300000000000000078e-06 2.146097819291272191e-01 2.824547465419643272e-02
5.319999999999999886e-06 2.147625445454345861e-01 2.799043378058130305e-02
5.339999999999999695e-06 2.149296813004269169e-01 2.772079191850372604e-02
5.360000000000000350e-06 2.150318908433571652e-01 2.759699801913213096e-02
5.380000000000000159e-06 2.151465247755992849e-01 2.747305087231370624e-02
5.399999999999999967e-06 2.152617241008855653e-01 2.745669649846382496e-02
5.419999999999999776e-06 2.154949033845357242e-01 2.742310074814691481e-02
5.440000000000000431e-06 2.156953253936770565e-01 2.736738935593575547e-02
5.460000000000000240e-06 2.157405787470456360e-01 2.737690150144499526e-02
5.480000000000000048e-06 2.158972690749616508e-01 2.733740978958080006e-02
5.499999999999999857e-06 2.160731289095667029e-01 2.719575471028168323e-02
5.520000000000000513e-06 2.162585784384408738e-01 2.706172782657042739e-02
5.540000000000000321e-06 2.163893437969687805e-01 2.692320059411462338e-02
5.560000000000000130e-06 2.165697233669222066e-01 2.687080122108338395e-02
5.579999999999999938e-06 2.166876844576802463e-01 2.681357155830928901e-02
5.599999999999999747e-06 2.168265681246816790e-01 2.675442037880065502e-02
5.620000000000000402e-06 2.169991872783611220e-01 2.661972763677163817e-02
5.640000000000000211e-06 2.175062236305445318e-01 2.666000153680307683e-02
5.660000000000000019e-06 2.177630556025645925e-01 2.672623116132371787e-02
5.679999999999999828e-06 2.179572548744993232e-01 2.688672026269381399e-02
5.700000000000000483e-06 2.182439957241145700e-01 2.695565107249950007e-02
5.720000000000000292e-06 2.186515283898085027e-01 2.703248844392232286e-02
5.740000000000000100e-06 2.190852373401604436e-01 2.719406224731289040e-02
5.759999999999999909e-06 2.195650883880604087e-01 2.741895006546933924e-02
5.779999999999999717e-06 2.199216933441435762e-01 2.741490399417725182e-02
5.800000000000000373e-06 2.203802584707980072e-01 2.749726934343193693e-02
5.820000000000000181e-06 2.207822335311707407e-01 2.759712784940114919e-02
5.839999999999999990e-06 2.211201020837115228e-01 2.764332923957164498e-02
5.859999999999999798e-06 2.216012745507424941e-01 2.782151103980392073e-02
5.880000000000000454e-06 2.220277812300408271e-01 2.791904183310358473e-02
5.900000000000000262e-06 2.224445150244596103e-01 2.801172306471782364e-02
5.920000000000000071e-06 2.229431565743954791e-01 2.811245611979551126e-02
5.939999999999999879e-06 2.234740263175988284e-01 2.811158365854864866e-02
5.960000000000000535e-06 2.240605508398753054e-01 2.817687018386832304e-02
5.980000000000000343e-06 2.246839571031426785e-01 2.830026666501192154e-02
6.000000000000000152e-06 2.250942275746707910e-01 2.835684871604075147e-02
6.019999999999999961e-06 2.255577530851084478e-01 2.840027174453498005e-02
6.039999999999999769e-06 2.260093464130758512e-01 2.841642390991038283e-02
6.060000000000000425e-06 2.264211763361245744e-01 2.831701324791775429e-02
6.080000000000000233e-06 2.268416872276953211e-01 2.823988276911387069e-02
6.100000000000000042e-06 2.272192760807946743e-01 2.814504980691623359e-02
6.119999999999999850e-06 2.275783480309332141e-01 2.823426390915731443e-02
6.140000000000000506e-06 2.280359065111551287e-01 2.811063567346797770e-02
6.160000000000000314e-06 2.282989147854201373e-01 2.814410527348311722e-02
6.180000000000000123e-06 2.287068456485267243e-01 2.806340133929812256e-02
6.199999999999999931e-06 2.291324971175032754e-01 2.796589932408521592e-02
6.219999999999999740e-06 2.295205460353544336e-01 2.797749382360166515e-02
6.240000000000000395e-06 2.297977981537765446e-01 2.805619684979247103e-02
6.260000000000000204e-06 2.300679456353956209e-01 2.811538432188801298e-02
6.280000000000000012e-06 2.302952052001634720e-01 2.813106678172667616e-02
6.299999999999999821e-06 2.304162169342047484e-01 2.814204136819861007e-02
6.320000000000000476e-06 2.306412241062391622e-01 2.802524738638764376e-02
6.340000000000000285e-06 2.308744235474494699e-01 2.801500008017402538e-02
6.360000000000000093e-06 2.310929361513766045e-01 2.809655036717245008e-02
6.379999999999999902e-06 2.312684779774558941e-01 2.808487979116223998e-02
6.399999999999999710e-06 2.316582179346035053e-01 2.823708665845773083e-02
6.420000000000000366e-06 2.320586720860354779e-01 2.824577826243341791e-02
6.440000000000000174e-06 2.323071788788307335e-01 2.828232386119956809e-02
6.459999999999999983e-06 2.326534806394054966e-01 2.827861997148804069e-02
6.479999999999999791e-06 2.330267310849887252e-01 2.829213379527780597e-02
6.500000000000000447e-06 2.334682689739022154e-01 2.830566753513324638e-02
6.520000000000000256e-06 2.340309095373365178e-01 2.834446692307283217e-02
6.540000000000000064e-06 2.346586992829376717e-01 2.842904606984165972e-02
6.559999999999999873e-06 2.352791832070185718e-01 2.847828700333185012e-02
6.580000000000000528e-06 2.359273418286771673e-01 2.845264547059998470e-02
6.600000000000000337e-06 2.364591088913017558e-01 2.843964133974744360e-02
6.620000000000000145e-06 2.370993479596474052e-01 2.850398992971459391e-02
6.639999999999999954e-06 2.376637103215681890e-01 2.855858783012205776e-02
6.659999999999999762e-06 2.382080789096397699e-01 2.865836994395603785e-02
6.680000000000000418e-06 2.388592229529060140e-01 2.886757904939637673e-02
6.700000000000000226e-06 2.393970560369346190e-01 2.913879959520357041e-02
6.720000000000000035e-06 2.400613617653203913e-01 2.930394209359370519e-02
6.739999999999999843e-06 2.407586983482443710e-01 2.950926143871949320e-02
6.760000000000000499e-06 2.414247227946577090e-01 2.974350193367394229e-02
6.780000000000000307e-06 2.422219185106860018e-01 2.996617608796267249e-02
6.800000000000000116e-06 2.428082819683735905e-01 3.015190378418185213e-02
6.819999999999999924e-06 2.434331374551910454e-01 3.026659615427760783e-02
6.839999999999999733e-06 2.441146936110484278e-01 3.044595137648285765e-02
6.860000000000000388e-06 2.447504941470217965e-01 3.070850252845096912e-02
6.880000000000000197e-06 2.454816420528847520e-01 3.090761127758630961e-02
6.900000000000000005e-06 2.462801266756157181e-01 3.115590831335424485e-02
6.919999999999999814e-06 2.467854824999115293e-01 3.118633410035135528e-02
6.940000000000000469e-06 2.473736605778975028e-01 3.128831436217436451e-02
6.960000000000000278e-06 2.480157183137151056e-01 3.142359563465764449e-02
6.980000000000000086e-06 2.486864124500994810e-01 3.148313463327157002e-02
6.999999999999999895e-06 2.492958445989607030e-01 3.153486921288881084e-02
7.020000000000000551e-06 2.499410357390680903e-01 3.157902109892057885e-02
7.040000000000000359e-06 2.504005192121133705e-01 3.160374641088587594e-02
7.060000000000000168e-06 2.510590849666824442e-01 3.156357900356275559e-02
7.079999999999999976e-06 2.515705184342400536e-01 3.150660037428320431e-02
7.099999999999999785e-06 2.520524371362471983e-01 3.140587641864039936e-02
7.120000000000000440e-06 2.525689378688882325e-01 3.133644140358404773e-02
7.140000000000000249e-06 2.530082123271943373e-01 3.133172053566884996e-02
7.160000000000000057e-06 2.533711642785506646e-01 3.132019738781061102e-02
7.179999999999999866e-06 2.538810004739961435e-01 3.132215758466753985e-02
7.200000000000000521e-06 2.544322838328491043e-01 3.130149419824421880e-02
7.220000000000000330e-06 2.549080282647555040e-01 3.138651950972749100e-02
7.240000000000000138e-06 2.553756476952525611e-01 3.146373903703558739e-02
7.259999999999999947e-06 2.559469281783881556e-01 3.159659112916149426e-02
7.279999999999999755e-06 2.562754053907220220e-01 3.158512742351166080e-02
7.300000000000000411e-06 2.567989350903335799e-01 3.166973561957601990e-02
7.320000000000000219e-06 2.572882957744606625e-01 3.192681156746206977e-02
7.340000000000000028e-06 2.578333616475680934e-01 3.206185277524328803e-02
7.359999999999999836e-06 2.581683191356589080e-01 3.227472581454118861e-02
7.380000000000000492e-06 2.584559588765824589e-01 3.249232868210874536e-02
7.400000000000000300e-06 2.587614508770785249e-01 3.262355213700608714e-02
7.420000000000000109e-06 2.589348868021909555e-01 3.284491979177928817e-02
7.439999999999999917e-06 2.591206350613088349e-01 3.300427294346579277e-02
7.460000000000000573e-06 2.594446618621942258e-01 3.319740903896477996e-02
7.480000000000000381e-06 2.597730692941958575e-01 3.345513608859138760e-02
7.500000000000000190e-06 2.597915387852958169e-01 3.375373570995274936e-02
7.519999999999999999e-06 2.600445879371731661e-01 3.391741713930113838e-02
7.539999999999999807e-06 2.602755681693244005e-01 3.417567504854304716e-02
7.560000000000000463e-06 2.604623345393042855e-01 3.437199601680048650e-02
7.580000000000000271e-06 2.605971364237838483e-01 3.447130052485816720e-02
7.600000000000000080e-06 2.607062368424230003e-01 3.466333197480055139e-02
7.619999999999999888e-06 2.609703127521332267e-01 3.464819189010644868e-02
7.639999999999999697e-06 2.611094876348127314e-01 3.482970883254149497e-02
7.659999999999999505e-06 2.613991350649398915e-01 3.490991750458793952e-02
7.680000000000001008e-06 2.617742849342548084e-01 3.485959050227682016e-02
7.700000000000000816e-06 2.620083441217477827e-01 3.474547268805563971e-02
7.720000000000000625e-06 2.622260273230591077e-01 3.497338471470736593e-02
7.740000000000000433e-06 2.623359808795953096e-01 3.504259084251164225e-02
7.760000000000000242e-06 2.625733738048541821e-01 3.508522310995045024e-02
7.780000000000000050e-06 2.628034106833173067e-01 3.508553984741807907e-02
7.799999999999999859e-06 2.630719152992955223e-01 3.507256371100340303e-02
7.819999999999999667e-06 2.634288097350938607e-01 3.504324560179553766e-02
7.839999999999999476e-06 2.635518398038128596e-01 3.501846525085222650e-02
7.860000000000000978e-06 2.637769183488198887e-01 3.500790587790661434e-02
7.880000000000000787e-06 2.638980700819298919e-01 3.500347789678222993e-02
7.900000000000000595e-06 2.639962051760922357e-01 3.499273999513602407e-02
7.920000000000000404e-06 2.640890687425707095e-01 3.491886963092041135e-02
7.940000000000000212e-06 2.644080993073009145e-01 3.494700561925376259e-02
7.960000000000000021e-06 2.647450588695347551e-01 3.498490651740662760e-02
7.979999999999999829e-06 2.649191347422915066e-01 3.496161421755805687e-02
7.999999999999999638e-06 2.651041339566540533e-01 3.522980637924791325e-02
8.019999999999999446e-06 2.652999987616695421e-01 3.528608780234591263e-02
8.040000000000000949e-06 2.655419847390255716e-01 3.530986613529721319e-02
8.060000000000000758e-06 2.657062974225749552e-01 3.527724654489815953e-02
8.080000000000000566e-06 2.658760170901399156e-01 3.530573946887062553e-02
8.100000000000000375e-06 2.657811626806613758e-01 3.529071637364725178e-02
8.120000000000000183e-06 2.658671992303438536e-01 3.537131640261098608e-02
8.139999999999999992e-06 2.657703909837698664e-01 3.534924818913594974e-02
8.159999999999999800e-06 2.658584883530325516e-01 3.538730583485923814e-02
8.179999999999999609e-06 2.658217776737237248e-01 3.545505844553020758e-02
8.199999999999999417e-06 2.658451082869339177e-01 3.559561549090001914e-02
8.220000000000000920e-06 2.659103904127939622e-01 3.573829389845749327e-02
8.240000000000000728e-06 2.658232292087090998e-01 3.564340852391884029e-02
8.260000000000000537e-06 2.656381205469902085e-01 3.561042253242559935e-02
8.280000000000000345e-06 2.656099448249152895e-01 3.537702794730503836e-02
8.300000000000000154e-06 2.656170437604551404e-01 3.512508625115243199e-02
8.319999999999999962e-06 2.654151343255064521e-01 3.496375396302364713e-02
8.339999999999999771e-06 2.653668697814474675e-01 3.474368978075161735e-02
8.359999999999999579e-06 2.654384940244925439e-01 3.449814114367476953e-02
8.379999999999999388e-06 2.654322152523417300e-01 3.427954584650187014e-02
8.400000000000000890e-06 2.651739405705084707e-01 3.422289085606693149e-02
8.420000000000000699e-06 2.648841320925903742e-01 3.403398095399418066e-02
8.440000000000000507e-06 2.646655930454231975e-01 3.348664723821392214e-02
8.460000000000000316e-06 2.646466745277379351e-01 3.315279646532447166e-02
8.480000000000000124e-06 2.645375589726141619e-01 3.277653146089045538e-02
8.499999999999999933e-06 2.644995080371841389e-01 3.238113781477456460e-02
8.519999999999999742e-06 2.644985686196288377e-01 3.193472047554277854e-02
8.539999999999999550e-06 2.644747946898591828e-01 3.149162584088613381e-02
8.559999999999999359e-06 2.645630641683648920e-01 3.110323274761980783e-02
8.580000000000000861e-06 2.646531213051263043e-01 3.077277291005802232e-02
8.600000000000000670e-06 2.647317033185310198e-01 3.046440205404140483e-02
8.620000000000000478e-06 2.646557512065982887e-01 3.015603119802477347e-02
8.640000000000000287e-06 2.644950371314098159e-01 2.984766034200814558e-02
8.660000000000000095e-06 2.643088441989927539e-01 2.948008024159937471e-02
8.679999999999999904e-06 2.641816948836723800e-01 2.907288693741547775e-02
8.699999999999999712e-06 2.640081095332066363e-01 2.876717124176692703e-02
8.719999999999999521e-06 2.635795871256962908e-01 2.829490313787357686e-02
8.740000000000001023e-06 2.633349879098320079e-01 2.779163644156247906e-02
8.760000000000000832e-06 2.629000639585459820e-01 2.748672124034564831e-02
8.780000000000000640e-06 2.625032933707569516e-01 2.722586599589555886e-02
8.800000000000000449e-06 2.620838316936366930e-01 2.691173910474843264e-02
8.820000000000000257e-06 2.617623386394110074e-01 2.660023114041476164e-02
8.840000000000000066e-06 2.615679907310359820e-01 2.629990494859555522e-02
8.859999999999999874e-06 2.613808800716720393e-01 2.589065839767384219e-02
8.879999999999999683e-06 2.612644317555226081e-01 2.560870897166286561e-02
8.899999999999999491e-06 2.609464173154208422e-01 2.533566385696823034e-02
8.920000000000000994e-06 2.608686784705989692e-01 2.511058299598402724e-02
8.940000000000000802e-06 2.607927506666483097e-01 2.493731964177964625e-02
8.960000000000000611e-06 2.607347683864886800e-01 2.486863737156377180e-02
8.980000000000000419e-06 2.608057925919928244e-01 2.494532270282574793e-02
9.000000000000000228e-06 2.608609616545479737e-01 2.489387743349404103e-02
9.020000000000000037e-06 2.609624831350143559e-01 2.468316077210096215e-02
9.039999999999999845e-06 2.610119472804304230e-01 2.457168470882420061e-02
9.059999999999999654e-06 2.611026698833604498e-01 2.442799921458147991e-02
9.079999999999999462e-06 2.613042651824494800e-01 2.416493601613838721e-02
9.100000000000000965e-06 2.615137115092362463e-01 2.391775023236846626e-02
9.120000000000000773e-06 2.616758595139042631e-01 2.366351638154515907e-02
9.140000000000000582e-06 2.618333070038695864e-01 2.340191744010242797e-02
9.160000000000000390e-06 2.619421193587146424e-01 2.319667713858551000e-02
9.180000000000000199e-06 2.621445718883699816e-01 2.298458178613061245e-02
9.200000000000000007e-06 2.623499160916111239e-01 2.271939682290455981e-02
9.219999999999999816e-06 2.625668630535351600e-01 2.249794895760295205e-02
9.239999999999999624e-06 2.627509446643433999e-01 2.216778381193725694e-02
9.259999999999999433e-06 2.632196790256191021e-01 2.184758697794188936e-02
9.280000000000000935e-06 2.634207553944409863e-01 2.175420149740213069e-02
9.300000000000000744e-06 2.637851124076159848e-01 2.151464855864762896e-02
9.320000000000000552e-06 2.641451260893014075e-01 2.124442270898517851e-02
9.340000000000000361e-06 2.645140352022448682e-01 2.080850051008767757e-02
9.360000000000000169e-06 2.648376448535269545e-01 2.059281441307257363e-02
9.379999999999999978e-06 2.652591789011827794e-01 2.025860206778839698e-02
9.399999999999999786e-06 2.656806948272256164e-01 2.002100650590137726e-02
9.419999999999999595e-06 2.660978329311244894e-01 1.967103405154189966e-02
9.439999999999999403e-06 2.665028911574039983e-01 1.931424801856666124e-02
9.460000000000000906e-06 2.670104114233018966e-01 1.897917889542639208e-02
9.480000000000000715e-06 2.672468492819086161e-01 1.851968678367421975e-02
9.500000000000000523e-06 2.675168963123907839e-01 1.832788276242141787e-02
9.520000000000000332e-06 2.678883195736176392e-01 1.811577274082386627e-02
9.540000000000000140e-06 2.683212066443351751e-01 1.797258845992739940e-02
9.559999999999999949e-06 2.687795036762596901e-01 1.778718861050177305e-02
9.579999999999999757e-06 2.691929426158009564e-01 1.763089632852534935e-02
9.599999999999999566e-06 2.695185451650267683e-01 1.751678562637756786e-02
9.619999999999999374e-06 2.699267034567628953e-01 1.737773128693364047e-02
9.640000000000000877e-06 2.703600470547689594e-01 1.750317201511846985e-02
9.660000000000000685e-06 2.707663291014379969e-01 1.738966237280362842e-02
9.680000000000000494e-06 2.712626425734016578e-01 1.737264556918586417e-02
9.700000000000000302e-06 2.717963569566979043e-01 1.737141554904154950e-02
9.720000000000000111e-06 2.724104826647451016e-01 1.733814608309137278e-02
9.739999999999999919e-06 2.730398472174221935e-01 1.751703791765904863e-02
9.759999999999999728e-06 2.737475029767065249e-01 1.756134299537841226e-02
9.779999999999999536e-06 2.745309232763837315e-01 1.761120889005114709e-02
9.800000000000001039e-06 2.753162152488103920e-01 1.761121306310223927e-02
9.820000000000000847e-06 2.760510221074582438e-01 1.760696727363191341e-02
9.840000000000000656e-06 2.768910798244942906e-01 1.750996433450240086e-02
9.860000000000000464e-06 2.775931577007387796e-01 1.763666212916179324e-02
9.880000000000000273e-06 2.782092056048365847e-01 1.766917897576955609e-02
9.900000000000000081e-06 2.788738951894049189e-01 1.761021204515684710e-02
9.919999999999999890e-06 2.794253386817261986e-01 1.759579249800868883e-02
9.939999999999999698e-06 2.799692493918453096e-01 1.759898871634884079e-02
9.959999999999999507e-06 2.804179099816612730e-01 1.759560919519963240e-02
9.980000000000001010e-06 2.809137951810727896e-01 1.753769466833939722e-02
1.000000000000000082e-05 2.814025130221622373e-01 1.745833125527921845e-02
1.002000000000000063e-05 2.818481487122466156e-01 1.729987510550737989e-02
1.004000000000000044e-05 2.822812444500719109e-01 1.720920479259186592e-02
1.006000000000000024e-05 2.826807422018884353e-01 1.717172308590265289e-02
1.008000000000000005e-05 2.830682624225209776e-01 1.716692890643396405e-02
1.009999999999999986e-05 2.834698466416185059e-01 1.715138819208320009e-02
1.011999999999999967e-05 2.838129272451746510e-01 1.715915691946552288e-02
1.013999999999999948e-05 2.841810952297262327e-01 1.716084339070012357e-02
1.016000000000000098e-05 2.844604369021409562e-01 1.718799563457774557e-02
1.018000000000000079e-05 2.846767446775940735e-01 1.717063551525709053e-02
1.020000000000000060e-05 2.848315078906259457e-01 1.709687118160562944e-02
1.022000000000000041e-05 2.849448035152006842e-01 1.706137784158232723e-02
1.024000000000000021e-05 2.851239883213882442e-01 1.697079173911395650e-02
1.026000000000000002e-05 2.852230346788589554e-01 1.689169897788551575e-02
1.027999999999999983e-05 2.853536594816766803e-01 1.679194206142311727e-02
1.029999999999999964e-05 2.854519683696761789e-01 1.668904756172788495e-02
1.031999999999999945e-05 2.854456796786260520e-01 1.654506839434975035e-02
1.034000000000000095e-05 2.855057253976687748e-01 1.636231962318778280e-02
1.036000000000000076e-05 2.856156292993349277e-01 1.619105742110967666e-02
1.038000000000000057e-05 2.857218759267132757e-01 1.601588784332830251e-02
1.040000000000000038e-05 2.859376074425220571e-01 1.592779285931582300e-02
1.042000000000000018e-05 2.861505113242121534e-01 1.578563070207173596e-02
1.043999999999999999e-05 2.865418262700911156e-01 1.569595350501094486e-02
1.045999999999999980e-05 2.869320766799001721e-01 1.537433593526405656e-02
1.047999999999999961e-05 2.872449079915492254e-01 1.526651322967062692e-02
1.049999999999999942e-05 2.874929413989543159e-01 1.512029910567576525e-02
1.052000000000000092e-05 2.878253735645976419e-01 1.500806206521964302e-02
1.054000000000000073e-05 2.878637822895082077e-01 1.490667015201906954e-02
1.056000000000000054e-05 2.879977814834864813e-01 1.484985540958931247e-02
1.058000000000000035e-05 2.881973234843594467e-01 1.484365499583529396e-02
1.060000000000000016e-05 2.881451487054791927e-01 1.484630097661921756e-02
1.061999999999999996e-05 2.882338498903275203e-01 1.478564144260119395e-02
1.063999999999999977e-05 2.884024006751175206e-01 1.462702165831387437e-02
1.065999999999999958e-05 2.885732146726062708e-01 1.453784591914088382e-02
1.067999999999999939e-05 2.886712172205228022e-01 1.440454076684989301e-02
1.070000000000000089e-05 2.886241858311251463e-01 1.430136671834873752e-02
1.072000000000000070e-05 2.885496156498691955e-01 1.423755014056947953e-02
1.074000000000000051e-05 2.883964771590406539e-01 1.418053629294688950e-02
1.076000000000000032e-05 2.882796543914405429e-01 1.420416473834994718e-02
1.078000000000000013e-05 2.881797934193500166e-01 1.426446229140803518e-02
1.079999999999999993e-05 2.881186914799903076e-01 1.448292943580191221e-02
1.081999999999999974e-05 2.881294946228556419e-01 1.455966257645474778e-02
1.083999999999999955e-05 2.882942021497529872e-01 1.474091970484414475e-02
1.086000000000000105e-05 2.884771682290728223e-01 1.490482470269535904e-02
1.088000000000000086e-05 2.883801197313959896e-01 1.504043640653913473e-02
1.090000000000000067e-05 2.885800241188446469e-01 1.518540414303042388e-02
1.092000000000000048e-05 2.887013698666505146e-01 1.527090048542796563e-02
1.094000000000000029e-05 2.887657208799253583e-01 1.545760256590926474e-02
1.096000000000000010e-05 2.892151638464829921e-01 1.556431418001641247e-02
1.097999999999999991e-05 2.893278350872821592e-01 1.581453682800271904e-02
1.099999999999999971e-05 2.893827476483056826e-01 1.593539175903408225e-02
1.101999999999999952e-05 2.894689312753638277e-01 1.595664600452624537e-02
1.104000000000000103e-05 2.895352543094255049e-01 1.595265866530592991e-02
1.106000000000000083e-05 2.895378743448940306e-01 1.592726392813922226e-02
1.108000000000000064e-05 2.895995769164046996e-01 1.593267941110695918e-02
1.110000000000000045e-05 2.896442792544080547e-01 1.597239896335289275e-02
1.112000000000000026e-05 2.896954421303826743e-01 1.596706664892563396e-02
1.114000000000000007e-05 2.898068063542728057e-01 1.596620740903088517e-02
1.115999999999999988e-05 2.899474782354969360e-01 1.596923375702843234e-02
1.117999999999999968e-05 2.901850618114403813e-01 1.589943555119180743e-02
1.119999999999999949e-05 2.903831873638324512e-01 1.593679558588693979e-02
1.122000000000000100e-05 2.904297167412305813e-01 1.586750115772917955e-02
1.124000000000000080e-05 2.906440333955930821e-01 1.590977424134221510e-02
1.126000000000000061e-05 2.907668278518616423e-01 1.579349367343250987e-02
1.128000000000000042e-05 2.908825011563285212e-01 1.570856771852603348e-02
1.130000000000000023e-05 2.909201599908848856e-01 1.561618459480943258e-02
1.132000000000000004e-05 2.910807411516783683e-01 1.545390316151827939e-02
1.133999999999999985e-05 2.913265918902893103e-01 1.538131285762624895e-02
1.135999999999999966e-05 2.915023528811643283e-01 1.533849064090498683e-02
1.137999999999999946e-05 2.917881685882187659e-01 1.523762259053917933e-02
1.140000000000000097e-05 2.921775155188343631e-01 1.517578136416618782e-02
1.142000000000000077e-05 2.925469341230025333e-01 1.515945953131561490e-02
1.144000000000000058e-05 2.930098522379837034e-01 1.518172889275615396e-02
1.146000000000000039e-05 2.935113772606915972e-01 1.521699902183310145e-02
1.148000000000000020e-05 2.939792713031710858e-01 1.515179891133600076e-02
1.150000000000000001e-05 2.944688439367377231e-01 1.521231160020766575e-02
1.151999999999999982e-05 2.949523990832965126e-01 1.525475746397269607e-02
1.153999999999999963e-05 2.954694884759523354e-01 1.534632703148610181e-02
1.155999999999999943e-05 2.960230179991914512e-01 1.534180047634843211e-02
1.158000000000000094e-05 2.966348452170141092e-01 1.540815069268587981e-02
1.160000000000000075e-05 2.972132264071938312e-01 1.534633601505721798e-02
1.162000000000000055e-05 2.977722961938655821e-01 1.532027982225659356e-02
1.164000000000000036e-05 2.983483319303019687e-01 1.527678466474695178e-02
1.166000000000000017e-05 2.989233499170073638e-01 1.509170158917006420e-02
1.167999999999999998e-05 2.995737606072744197e-01 1.486769310741057476e-02
1.169999999999999979e-05 3.002415051176979821e-01 1.465006139031828532e-02
1.171999999999999960e-05 3.010191965186106433e-01 1.442922438375274750e-02
1.173999999999999941e-05 3.016487715485665078e-01 1.447189727601105001e-02
1.176000000000000091e-05 3.023965536136337118e-01 1.405742063507730601e-02
1.178000000000000072e-05 3.028247617922357193e-01 1.378131996895560520e-02
1.180000000000000052e-05 3.032111267452839987e-01 1.358902602441957284e-02
1.182000000000000033e-05 3.037038551739151271e-01 1.340332537373297925e-02
1.184000000000000014e-05 3.040715071781676104e-01 1.312400236358278113e-02
1.185999999999999995e-05 3.044029473502564698e-01 1.287128232575637451e-02
1.187999999999999976e-05 3.045892604609030663e-01 1.267635254986650313e-02
1.189999999999999957e-05 3.047978644578496765e-01 1.247436455031266517e-02
1.192000000000000107e-05 3.050188152945109143e-01 1.211634802248672850e-02
1.194000000000000088e-05 3.053828134919951975e-01 1.179377706684912527e-02
1.196000000000000069e-05 3.056729759548776348e-01 1.157849315715244257e-02
1.198000000000000050e-05 3.060417106811577637e-01 1.134645252258792252e-02
1.200000000000000030e-05 3.064482960924085342e-01 1.111024618127869762e-02
1.202000000000000011e-05 3.067981512326685700e-01 1.093237141430797484e-02
1.203999999999999992e-05 3.070764967810198365e-01 1.077121929701550448e-02
1.205999999999999973e-05 3.074120438712222847e-01 1.068149434833483465e-02
1.207999999999999954e-05 3.077202056237389183e-01 1.047076232834063397e-02
1.210000000000000104e-05 3.081476972843081308e-01 1.021604215384225474e-02
1.212000000000000085e-05 3.086136566889083332e-01 1.011688234679808916e-02
1.214000000000000066e-05 3.091193124175136697e-01 9.848638751591509352e-03
1.216000000000000047e-05 3.096335968141670225e-01 9.647519515034150978e-03
1.218000000000000027e-05 3.101121621532929029e-01 9.534636064492774815e-03
1.220000000000000008e-05 3.105819202099774912e-01 9.369801406636946856e-03
1.221999999999999989e-05 3.111483759384543468e-01 9.248334470032234036e-03
1.223999999999999970e-05 3.115878378042240548e-01 9.018969008730878811e-03
1.225999999999999951e-05 3.120543424154538781e-01 8.770549054688520085e-03
1.228000000000000101e-05 3.124983590145370971e-01 8.551994521953217021e-03
1.230000000000000082e-05 3.129684366137617246e-01 8.294572683742498440e-03
1.232000000000000063e-05 3.134804708473335477e-01 8.058093126600801570e-03
1.234000000000000044e-05 3.138753889028513822e-01 7.771930616197896338e-03
1.236000000000000025e-05 3.141578029200898237e-01 7.333448100866021488e-03
1.238000000000000005e-05 3.144485224750308006e-01 7.033044437537509276e-03
1.239999999999999986e-05 3.145420288191088654e-01 7.002369363036720085e-03
1.241999999999999967e-05 3.146532105177942684e-01 6.797686969610835898e-03
1.243999999999999948e-05 3.146789584718232557e-01 6.602543087952303207e-03
1.246000000000000098e-05 3.146869789651072780e-01 6.404597037692649070e-03
1.248000000000000079e-05 3.146771763020957402e-01 6.190189980797915562e-03
1.250000000000000060e-05 3.147485789329575456e-01 5.956492765013718903e-03
1.252000000000000041e-05 3.148267908523010861e-01 5.720837110854351190e-03
1.254000000000000022e-05 3.148553713968795797e-01 5.494874571933994374e-03
1.256000000000000002e-05 3.149759756753062745e-01 5.261575876765062568e-03
1.257999999999999983e-05 3.150812915371173362e-01 5.063455777243134129e-03
1.259999999999999964e-05 3.152012685126759362e-01 4.952985807133807733e-03
1.261999999999999945e-05 3.152601269570460829e-01 4.720353194664749646e-03
1.264000000000000095e-05 3.153171714358248834e-01 4.400251502817927908e-03
1.266000000000000076e-05 3.152267969221406729e-01 4.168947492227478499e-03
1.268000000000000057e-05 3.150223163509402458e-01 3.946863766022189364e-03
1.270000000000000038e-05 3.148819709721404903e-01 3.811770344263431913e-03
1.272000000000000019e-05 3.146630069431239907e-01 3.673895236014760191e-03
1.274000000000000000e-05 3.144059821593634396e-01 3.494078574242206591e-03
1.275999999999999980e-05 3.142197831541904685e-01 3.327318853736170850e-03
1.277999999999999961e-05 3.140626871349462834e-01 3.225807758704000040e-03
1.279999999999999942e-05 3.138846000957396520e-01 3.102406556317267687e-03
1.282000000000000092e-05 3.137456106131045752e-01 2.966740284426219385e-03
1.284000000000000073e-05 3.136583374600088736e-01 3.014225562422522334e-03
1.286000000000000054e-05 3.136355771212999133e-01 2.948955829188525200e-03
1.288000000000000035e-05 3.135067281423499219e-01 3.006815086449282550e-03
1.290000000000000016e-05 3.135042190678180019e-01 3.267468851243029559e-03
1.291999999999999997e-05 3.135678842876887806e-01 3.475760937118438452e-03
1.293999999999999977e-05 3.136675548210021147e-01 3.641761381599965038e-03
1.295999999999999958e-05 3.138733739807891832e-01 3.806824645291403530e-03
1.298000000000000109e-05 3.142699827134240453e-01 3.948247242754373242e-03
1.300000000000000089e-05 3.146978938268548132e-01 4.114502766179057615e-03
1.302000000000000070e-05 3.151319578007782396e-01 4.147068796376378319e-03
1.304000000000000051e-05 3.156337787416625962e-01 4.272346602069274427e-03
1.306000000000000032e-05 3.160392690153027151e-01 4.370502554373205395e-03
1.308000000000000013e-05 3.163306454033926185e-01 4.380160941114702791e-03
1.309999999999999994e-05 3.165861174372596176e-01 4.408091759177779935e-03
1.311999999999999975e-05 3.167783736862887500e-01 4.429792724506487027e-03
1.313999999999999955e-05 3.170961070754145794e-01 4.580220583991672159e-03
1.316000000000000106e-05 3.174070397723772752e-01 4.609595862322723829e-03
1.318000000000000086e-05 3.177411724250626679e-01 4.656648317828723620e-03
1.320000000000000067e-05 3.181398324550192003e-01 4.719604514580401367e-03
1.322000000000000048e-05 3.184855743771687897e-01 4.811797633134029181e-03
1.324000000000000029e-05 3.188670813532450410e-01 4.933825910278282628e-03
1.326000000000000010e-05 3.194674554310181769e-01 4.944869890262730897e-03
1.327999999999999991e-05 3.198644799477582401e-01 5.183824150684316658e-03
1.329999999999999972e-05 3.204437054601438906e-01 5.496441636099113834e-03
1.331999999999999952e-05 3.210829554527000473e-01 5.609991415926488499e-03
1.334000000000000103e-05 3.217137187366162498e-01 5.724618835746390390e-03
1.336000000000000084e-05 3.223209568598420782e-01 5.875091387333961600e-03
1.338000000000000064e-05 3.229347105886845037e-01 5.964516834866272904e-03
1.340000000000000045e-05 3.234854430865991004e-01 6.104144926717510605e-03
1.342000000000000026e-05 3.239379159166906885e-01 6.226775521574685716e-03
1.344000000000000007e-05 3.243964975782192561e-01 6.423995515780480878e-03
1.345999999999999988e-05 3.247187561547174584e-01 6.623606937538305435e-03
1.347999999999999969e-05 3.250486014882798536e-01 6.787788912098383261e-03
1.349999999999999949e-05 3.253862755504985937e-01 7.007842059397518392e-03
1.352000000000000100e-05 3.258007930967585231e-01 7.232275764836795275e-03
1.354000000000000081e-05 3.261448204928475980e-01 7.503252895570228405e-03
1.356000000000000061e-05 3.264232386078683157e-01 7.721076929487371947e-03
1.358000000000000042e-05 3.267759432480160098e-01 8.071509925211465750e-03
1.360000000000000023e-05 3.270497899875250969e-01 8.400533792941833680e-03
1.362000000000000004e-05 3.275998237844213179e-01 8.540572265902070942e-03
1.363999999999999985e-05 3.278791660970391542e-01 8.949656415738001594e-03
1.365999999999999966e-05 3.280666354715405797e-01 9.400559357887172326e-03
1.367999999999999947e-05 3.282717868435970909e-01 9.943924690924735646e-03
1.370000000000000097e-05 3.282728663851575690e-01 1.030346093729396506e-02
1.372000000000000078e-05 3.283661470927679016e-01 1.064506722301815193e-02
1.374000000000000059e-05 3.284148533698122430e-01 1.101094002954057863e-02
1.376000000000000039e-05 3.284897471984543071e-01 1.141971086139621956e-02
1.378000000000000020e-05 3.286219553185782405e-01 1.181580583871216263e-02
1.380000000000000001e-05 3.289184561595074885e-01 1.219070563082366894e-02
1.381999999999999982e-05 3.293135245431546010e-01 1.254985066791124149e-02
1.383999999999999963e-05 3.295829066793928286e-01 1.293316852850654244e-02
1.386000000000000113e-05 3.299299980660794218e-01 1.322633460573219115e-02
1.388000000000000094e-05 3.302169765713124372e-01 1.356673886681919634e-02
1.390000000000000075e-05 3.305169853008267378e-01 1.387027755931745029e-02
1.392000000000000056e-05 3.309921050027454514e-01 1.417892026454654203e-02
1.394000000000000036e-05 3.314507809081465028e-01 1.452639005765172728e-02
1.396000000000000017e-05 3.319367517232553189e-01 1.488440859198849643e-02
1.397999999999999998e-05 3.322343963807356526e-01 1.526773712988297414e-02
1.399999999999999979e-05 3.323029434239705981e-01 1.557954764993845290e-02
1.401999999999999960e-05 3.324406567124265077e-01 1.587657670074123922e-02
1.404000000000000110e-05 3.325281288395620094e-01 1.628042773044843100e-02
1.406000000000000091e-05 3.324699392044618840e-01 1.664449863326834464e-02
1.408000000000000072e-05 3.325139836147216754e-01 1.687376519359328267e-02
1.410000000000000053e-05 3.324090973637399138e-01 1.698488233938082875e-02
1.412000000000000034e-05 3.323807331864055414e-01 1.719647888907464145e-02
1.414000000000000014e-05 3.323063543113981000e-01 1.747184907052029210e-02
1.415999999999999995e-05 3.323530637843072344e-01 1.773424365174729872e-02
1.417999999999999976e-05 3.324309392406396557e-01 1.795881129747546254e-02
1.419999999999999957e-05 3.324626943814271707e-01 1.811469436143487918e-02
1.422000000000000107e-05 3.325099562357810568e-01 1.829367113034632147e-02
1.424000000000000088e-05 3.325283261966623383e-01 1.848247580036688556e-02
1.426000000000000069e-05 3.326723957747172999e-01 1.866771173079452215e-02
1.428000000000000050e-05 3.328011953888067032e-01 1.879457242726459074e-02
1.430000000000000031e-05 3.329351388106698284e-01 1.897785077781889013e-02
1.432000000000000011e-05 3.330117256215654464e-01 1.914876462148453265e-02
1.433999999999999992e-05 3.330915036095726256e-01 1.931777762898513259e-02
1.435999999999999973e-05 3.332547340189540019e-01 1.936203363743971631e-02
1.437999999999999954e-05 3.333355567889549342e-01 1.955680786590248757e-02
1.440000000000000104e-05 3.334525038503589056e-01 1.968851821999721002e-02
1.442000000000000085e-05 3.335504162409851925e-01 1.985477582135742811e-02
1.444000000000000066e-05 3.337136809078448119e-01 2.000946612310001982e-02
1.446000000000000047e-05 3.339058165148452995e-01 2.016319632792131292e-02
1.448000000000000028e-05 3.340823356672920630e-01 2.034020851287433873e-02
1.450000000000000009e-05 3.342493475013820770e-01 2.056188029323237701e-02
1.451999999999999989e-05 3.342270747935410791e-01 2.081771944858860912e-02
1.453999999999999970e-05 3.341919539091751101e-01 2.100133047460761224e-02
1.455999999999999951e-05 3.341882388354950884e-01 2.127524726672417460e-02
1.458000000000000101e-05 3.340354598959581756e-01 2.133429370228720132e-02
1.460000000000000082e-05 3.339067346912891199e-01 2.143266741830626709e-02
1.462000000000000063e-05 3.338618553938060285e-01 2.133202174479317467e-02
1.464000000000000044e-05 3.337511238268893732e-01 2.146413988275309992e-02
1.466000000000000025e-05 3.334754807680165301e-01 2.147262887454766053e-02
1.468000000000000006e-05 3.333344085591669059e-01 2.161936974240157017e-02
1.469999999999999986e-05 3.331352402829423909e-01 2.171640929984676449e-02
1.471999999999999967e-05 3.329934749905627545e-01 2.165731716809985580e-02
1.473999999999999948e-05 3.329393206108698378e-01 2.165877218734787654e-02
1.476000000000000098e-05 3.328400895074905552e-01 2.170333818763729022e-02
1.478000000000000079e-05 3.329237001814772667e-01 2.167499381245624815e-02
1.480000000000000060e-05 3.329004269656832826e-01 2.158889519863901180e-02
1.482000000000000041e-05 3.328783993528018903e-01 2.143966920439810755e-02
1.484000000000000022e-05 3.328582613188963979e-01 2.132541477074118702e-02
1.486000000000000003e-05 3.330228044511431285e-01 2.127356280357762044e-02
1.487999999999999983e-05 3.331189714559969484e-01 2.112963123071820090e-02
1.489999999999999964e-05 3.331986541323218032e-01 2.108165235705088819e-02
1.492000000000000115e-05 3.334090197741115258e-01 2.102977774122526122e-02
1.494000000000000095e-05 3.335948178474550940e-01 2.097834565069546520e-02
1.496000000000000076e-05 3.335765724878568261e-01 2.081607219223605490e-02
1.498000000000000057e-05 3.335753471114850099e-01 2.071594765151114903e-02
1.500000000000000038e-05 3.334866135776135554e-01 2.065210486108955135e-02
1.502000000000000019e-05 3.333417062778669671e-01 2.036250318886239155e-02
1.504000000000000000e-05 3.331402431152953869e-01 2.018053704828889558e-02
1.505999999999999981e-05 3.329589610837387359e-01 2.002796931945606887e-02
1.507999999999999961e-05 3.328987213387761823e-01 1.995253007782222046e-02
1.510000000000000112e-05 3.328381490345230231e-01 1.985797713466992340e-02
1.512000000000000093e-05 3.328234672725311483e-01 1.979342428917910124e-02
1.514000000000000073e-05 3.328816675957860793e-01 1.976807304420439421e-02
1.516000000000000054e-05 3.328973957771586556e-01 1.971317205582602539e-02
1.518000000000000035e-05 3.329146376685697128e-01 1.963308519292884108e-02
1.520000000000000016e-05 3.328903641092635923e-01 1.958319166445696147e-02
1.521999999999999997e-05 3.328844540655264139e-01 1.948464662514291443e-02
1.523999999999999978e-05 3.328793964133050509e-01 1.944238085885206108e-02
1.525999999999999958e-05 3.329835746974969535e-01 1.946953419657168616e-02
1.527999999999999939e-05 3.330991293161605360e-01 1.949920338915124909e-02
1.529999999999999920e-05 3.331405458737324299e-01 1.963282635854404767e-02
1.531999999999999901e-05 3.331825401953038002e-01 1.975880750765396029e-02
1.533999999999999882e-05 3.332212352211239015e-01 1.980112269453233528e-02
1.536000000000000202e-05 3.332463179813325294e-01 1.981748789808129158e-02
1.538000000000000182e-05 3.333144774308902658e-01 1.975463120631781866e-02
1.540000000000000163e-05 3.334334091902019237e-01 1.974703249268874861e-02
1.542000000000000144e-05 3.335189910455200191e-01 1.977315053619321805e-02
1.544000000000000125e-05 3.334665951785581450e-01 1.987932101363275653e-02
1.546000000000000106e-05 3.336064343655746889e-01 1.989111147587286146e-02
1.548000000000000087e-05 3.338022166781358102e-01 1.996462559446310001e-02
1.550000000000000068e-05 3.340351748726692604e-01 2.000008709032213491e-02
1.552000000000000048e-05 3.343132185524241851e-01 2.001445494852435031e-02
1.554000000000000029e-05 3.344584525969313549e-01 2.006966078664301073e-02
1.556000000000000010e-05 3.346810439196158393e-01 2.013674446449092645e-02
1.557999999999999991e-05 3.349193510914686422e-01 2.020108149828010735e-02
1.559999999999999972e-05 3.351464061909493197e-01 2.024788610594600163e-02
1.561999999999999953e-05 3.352342549423519280e-01 2.021856734926212595e-02
1.563999999999999933e-05 3.353699147347405374e-01 2.021548027235282180e-02
1.565999999999999914e-05 3.355323526491031383e-01 2.018015108145290032e-02
1.567999999999999895e-05 3.356750807080736143e-01 2.010264428339246165e-02
1.569999999999999876e-05 3.358583010414926129e-01 2.005645957524298736e-02
1.572000000000000196e-05 3.361039719863155861e-01 2.001687409310899668e-02
1.574000000000000177e-05 3.361879048328355601e-01 1.996910353639495123e-02
1.576000000000000157e-05 3.363540399775080125e-01 1.985754473413867821e-02
1.578000000000000138e-05 3.365396130768488203e-01 1.976010958910897133e-02
1.580000000000000119e-05 3.366548296189210143e-01 1.962369955093491367e-02
1.582000000000000100e-05 3.368560765871424501e-01 1.947807149082524114e-02
1.584000000000000081e-05 3.371412759030551487e-01 1.921679104733720056e-02
1.586000000000000062e-05 3.373607106919236376e-01 1.897534873678924719e-02
1.588000000000000042e-05 3.376386787349429097e-01 1.876538902429408448e-02
1.590000000000000023e-05 3.378892240750828169e-01 1.881537272377055425e-02
1.592000000000000004e-05 3.381109139182414958e-01 1.866428273360572210e-02
1.593999999999999985e-05 3.383176358529861871e-01 1.854856698654823097e-02
1.595999999999999966e-05 3.385187989366669203e-01 1.835228131791113299e-02
1.597999999999999947e-05 3.388450553656558450e-01 1.818887771315700827e-02
1.599999999999999928e-05 3.391573716262129556e-01 1.801044420258245474e-02
1.601999999999999908e-05 3.395021941792336628e-01 1.778329841083120186e-02
1.603999999999999889e-05 3.398318634544662542e-01 1.759380931212885246e-02
1.605999999999999870e-05 3.401662218246310765e-01 1.733349358157187589e-02
1.608000000000000190e-05 3.404503134876346038e-01 1.705039495979980904e-02
1.610000000000000171e-05 3.407024362809045193e-01 1.672637302313091656e-02
1.612000000000000152e-05 3.410068629146397745e-01 1.639528393505912743e-02
1.614000000000000132e-05 3.413409602881969929e-01 1.607410752082237548e-02
1.616000000000000113e-05 3.415082247064627485e-01 1.566835455014968514e-02
1.618000000000000094e-05 3.417871975479843116e-01 1.534834875825541456e-02
1.620000000000000075e-05 3.420914267483561311e-01 1.492204550835177050e-02
1.622000000000000056e-05 3.424095732395977532e-01 1.467487222078811375e-02
1.624000000000000037e-05 3.427579572389300999e-01 1.445029224972762573e-02
1.626000000000000017e-05 3.428543849719701830e-01 1.418795524458178053e-02
1.627999999999999998e-05 3.431291262818234600e-01 1.398608484312996274e-02
1.629999999999999979e-05 3.434056768426011486e-01 1.366752941429102627e-02
1.631999999999999960e-05 3.436674450261260616e-01 1.330903523356188542e-02
1.633999999999999941e-05 3.437565485152883626e-01 1.299072413886562423e-02
1.635999999999999922e-05 3.440001231130983550e-01 1.268335240961737144e-02
1.637999999999999903e-05 3.441789291923443295e-01 1.237813299257822970e-02
1.639999999999999883e-05 3.443203137666836500e-01 1.211335274112689681e-02
1.642000000000000203e-05 3.445696260640089270e-01 1.185822067919083990e-02
1.644000000000000184e-05 3.446868780736949134e-01 1.161484087842284789e-02
1.646000000000000165e-05 3.448656137734396609e-01 1.136715389196697734e-02
1.648000000000000146e-05 3.450529148582704986e-01 1.110513431310622932e-02
1.650000000000000127e-05 3.452681508179856196e-01 1.107119216003972506e-02
1.652000000000000107e-05 3.453801962971022044e-01 1.091575297684031776e-02
1.654000000000000088e-05 3.455133385550977487e-01 1.075718025445926949e-02
1.656000000000000069e-05 3.457011821683667052e-01 1.056872099558961615e-02
1.658000000000000050e-05 3.459023336325811604e-01 1.052349959990437310e-02
1.660000000000000031e-05 3.459805569697914640e-01 1.038864884918960091e-02
1.662000000000000012e-05 3.461940700550764083e-01 1.009825331831081842e-02
1.663999999999999992e-05 3.462897342025864633e-01 9.991673254418111105e-03
1.665999999999999973e-05 3.463628701290212275e-01 9.866955218962194032e-03
1.667999999999999954e-05 3.465051614751828435e-01 9.681850590012721497e-03
1.669999999999999935e-05 3.466384983954105548e-01 9.517773037958063981e-03
1.671999999999999916e-05 3.467998064252495460e-01 9.353695485903408199e-03
1.673999999999999897e-05 3.469346738262633068e-01 9.220909701822642759e-03
1.675999999999999878e-05 3.469964206982839028e-01 9.051664782398742212e-03
1.678000000000000197e-05 3.470124647504058135e-01 8.900496182320773858e-03
1.680000000000000178e-05 3.469806745859135844e-01 8.848552893212145720e-03
1.682000000000000159e-05 3.469010576059076700e-01 8.783719316487555509e-03
1.684000000000000140e-05 3.468663083645601719e-01 8.718885739762977441e-03
1.686000000000000121e-05 3.468837185276085755e-01 8.659233058359434160e-03
1.688000000000000101e-05 3.469147774511624482e-01 8.649311394231801522e-03
1.690000000000000082e-05 3.469257857101727960e-01 8.645584245576881308e-03
1.692000000000000063e-05 3.469931969009856232e-01 8.635989230484088577e-03
1.694000000000000044e-05 3.471164243950803918e-01 8.601786708948672491e-03
1.696000000000000025e-05 3.472687947231598571e-01 8.591722839785202737e-03
1.698000000000000006e-05 3.474203029200353399e-01 8.567202856381284787e-03
1.699999999999999987e-05 3.478031107179002657e-01 8.665295790132167969e-03
1.701999999999999967e-05 3.481719090285384510e-01 8.671702943230850946e-03
1.703999999999999948e-05 3.485960740711591677e-01 8.785218532383507958e-03
1.705999999999999929e-05 3.488518587825900630e-01 8.827906269980805021e-03
1.707999999999999910e-05 3.493353881176898268e-01 8.834075723333570385e-03
1.709999999999999891e-05 3.497826274124334334e-01 8.876759574457491683e-03
1.711999999999999872e-05 3.501982327839981979e-01 8.992993325168140151e-03
1.714000000000000191e-05 3.506888453829378194e-01 9.163818757739883650e-03
1.716000000000000172e-05 3.512602077402799949e-01 9.258311809448784013e-03
1.718000000000000153e-05 3.517444538988822589e-01 9.484769386666510108e-03
1.720000000000000134e-05 3.520559373339163245e-01 9.541641571387215331e-03
1.722000000000000115e-05 3.523896811684359420e-01 9.612381586555467095e-03
1.724000000000000096e-05 3.527846391456641029e-01 9.664277588596940916e-03
1.726000000000000076e-05 3.530515641530372895e-01 9.678097755941441477e-03
1.728000000000000057e-05 3.533563944721943573e-01 9.701615287679089122e-03
1.730000000000000038e-05 3.536653411799057789e-01 9.701041260580777967e-03
1.732000000000000019e-05 3.539820215232421519e-01 9.700467233482472015e-03
1.734000000000000000e-05 3.542479748623801328e-01 9.705071309236267679e-03
1.735999999999999981e-05 3.543915716596945376e-01 9.732928285824575879e-03
1.737999999999999962e-05 3.544446667744604595e-01 9.795518765984972953e-03
1.739999999999999942e-05 3.544723730864436928e-01 9.784405201814014644e-03
1.741999999999999923e-05 3.544817284430565874e-01 9.718332933252464556e-03
1.743999999999999904e-05 3.544348629011729312e-01 9.619654229737359397e-03
1.745999999999999885e-05 3.543729107238881015e-01 9.510064355313560189e-03
1.748000000000000205e-05 3.543036286991109174e-01 9.426264784366726254e-03
1.750000000000000186e-05 3.542250991918195480e-01 9.331421292566154796e-03
1.752000000000000166e-05 3.541308035582587110e-01 9.203628266055896220e-03
1.754000000000000147e-05 3.539531889971014311e-01 9.193197502582420300e-03
1.756000000000000128e-05 3.537675411462110620e-01 9.099882306670102616e-03
1.758000000000000109e-05 3.536139487146588989e-01 8.983071279076553992e-03
1.760000000000000090e-05 3.535763855263882038e-01 8.885430705810088911e-03
1.762000000000000071e-05 3.535270920004034978e-01 8.696410564498307377e-03
1.764000000000000051e-05 3.535902908918460152e-01 8.596594860322765222e-03
1.766000000000000032e-05 3.535571679891590935e-01 8.397417593985500445e-03
1.768000000000000013e-05 3.535657777413365732e-01 8.250999113324820194e-03
1.769999999999999994e-05 3.535789434921701169e-01 8.037683512713295758e-03
1.771999999999999975e-05 3.536075463954796438e-01 7.836955215607357972e-03
1.773999999999999956e-05 3.536992141393065503e-01 7.666811850280369489e-03
1.775999999999999937e-05 3.538704306228444563e-01 7.518836404415138626e-03
1.777999999999999917e-05 3.538977417766007161e-01 7.402564102373307246e-03
1.779999999999999898e-05 3.541328932504030913e-01 7.280215835133575612e-03
1.781999999999999879e-05 3.543488201957458728e-01 7.132655704298673099e-03
1.784000000000000199e-05 3.545530649046170768e-01 6.945945162892710849e-03
1.786000000000000180e-05 3.547926454588380962e-01 6.777961422881363489e-03
1.788000000000000160e-05 3.549956195081754862e-01 6.322900585102455423e-03
1.790000000000000141e-05 3.553183347741882270e-01 6.048736369810442555e-03
1.792000000000000122e-05 3.556924400807402464e-01 5.789973920812641756e-03
1.794000000000000103e-05 3.560145589376000341e-01 5.522304709612637329e-03
1.796000000000000084e-05 3.561460566893852597e-01 5.266242372452969479e-03
1.798000000000000065e-05 3.562942099315881128e-01 5.037544402129141320e-03
1.800000000000000046e-05 3.565080010327393856e-01 4.818354012465534200e-03
1.802000000000000026e-05 3.567375135413958231e-01 4.549691695206272563e-03
1.804000000000000007e-05 3.569684217169323270e-01 4.278260278787630877e-03
1.805999999999999988e-05 3.571154629130494640e-01 4.008370308577520989e-03
1.807999999999999969e-05 3.572672052933746900e-01 3.770727523873875896e-03
1.809999999999999950e-05 3.573150687563297345e-01 3.421990066100485950e-03
1.811999999999999931e-05 3.574863367361341693e-01 3.199864648105371634e-03
1.813999999999999912e-05 3.575826328014310995e-01 2.937450390611021697e-03
1.815999999999999892e-05 3.576178001062450540e-01 2.679616818374660689e-03
1.817999999999999873e-05 3.577394128353622582e-01 2.441982282974172833e-03
1.820000000000000193e-05 3.578096714054816996e-01 2.176273993729047670e-03
1.822000000000000174e-05 3.579451075414747940e-01 1.923766979462751287e-03
1.824000000000000155e-05 3.580922934893179255e-01 1.696291543708552301e-03
1.826000000000000135e-05 3.581721582662904524e-01 1.515219496378024128e-03
1.828000000000000116e-05 3.583685606871918616e-01 1.269051741734143280e-03
1.830000000000000097e-05 3.586078489733141583e-01 9.874102529545351198e-04
1.832000000000000078e-05 3.588553030085057660e-01 6.952595320707452564e-04
1.834000000000000059e-05 3.591219406765530642e-01 3.424040649501442044e-04
1.836000000000000040e-05 3.593716749952964862e-01 -2.989116242533756948e-05
1.838000000000000021e-05 3.595470179827824908e-01 -3.724970485305970297e-04
1.840000000000000001e-05 3.597192026701089285e-01 -7.105253954675511130e-04
1.841999999999999982e-05 3.594243539312083069e-01 -1.133484314370832025e-03
1.843999999999999963e-05 3.593672969457915589e-01 -1.469373763585040196e-03
1.845999999999999944e-05 3.594341176921034831e-01 -1.821251503262361548e-03
1.847999999999999925e-05 3.596648974610833771e-01 -2.099034449599542114e-03
1.849999999999999906e-05 3.596585532986299460e-01 -2.473566057794978398e-03
1.851999999999999887e-05 3.598035676079899825e-01 -2.747894634843892590e-03
1.854000000000000206e-05 3.601549911319419373e-01 -3.165164544791983052e-03
1.856000000000000187e-05 3.600909147111047148e-01 -3.601338453095796061e-03
1.858000000000000168e-05 3.601867297992658035e-01 -4.074467110018093613e-03
1.860000000000000149e-05 3.604308176406058606e-01 -4.494779560431436463e-03
1.862000000000000130e-05 3.606674725573025819e-01 -4.973549825407511289e-03
1.864000000000000110e-05 3.608812660264930638e-01 -5.428641909025518596e-03
1.866000000000000091e-05 3.612245853055159883e-01 -5.830388218346646036e-03
1.868000000000000072e-05 3.615761586201638456e-01 -6.329587506903426586e-03
1.870000000000000053e-05 3.619348752000563496e-01 -6.788976219416760320e-03
1.872000000000000034e-05 3.622817629433244258e-01 -7.187559271083678557e-03
1.874000000000000015e-05 3.624209405462348599e-01 -7.673531537552617798e-03
1.875999999999999996e-05 3.626529769086858646e-01 -8.120277172944211433e-03
1.877999999999999976e-05 3.629183892602728112e-01 -8.517948338219647614e-03
1.879999999999999957e-05 3.632960464122807487e-01 -8.834410552286495188e-03
1.881999999999999938e-05 3.637469808050725062e-01 -9.134623882624752500e-03
1.883999999999999919e-05 3.641612947174949766e-01 -9.458973682616854395e-03
1.885999999999999900e-05 3.645707424648823025e-01 -9.783323482608958024e-03
1.887999999999999881e-05 3.648576247277959261e-01 -1.007507870175964985e-02
1.890000000000000200e-05 3.650316453173003683e-01 -1.038015789024019503e-02
1.892000000000000181e-05 3.652183267672510225e-01 -1.067821752301003832e-02
1.894000000000000162e-05 3.653427952565172498e-01 -1.094433290319434676e-02
1.896000000000000143e-05 3.654201013562971001e-01 -1.126131236831809206e-02
1.898000000000000124e-05 3.654827788981461212e-01 -1.154364804311271489e-02
1.900000000000000105e-05 3.654416462777793084e-01 -1.182890337124870711e-02
1.902000000000000085e-05 3.654053575836901935e-01 -1.215234755074602081e-02
1.904000000000000066e-05 3.653097222619220430e-01 -1.249255986438421381e-02
1.906000000000000047e-05 3.652429579781690250e-01 -1.281188802910897956e-02
1.908000000000000028e-05 3.652045701514045062e-01 -1.291020078818090264e-02
1.910000000000000009e-05 3.651940610451879232e-01 -1.327799279699924673e-02
1.911999999999999990e-05 3.653102174632856247e-01 -1.352381816473024502e-02
1.913999999999999971e-05 3.655039311863790830e-01 -1.382179120070422401e-02
1.915999999999999951e-05 3.655794659966224436e-01 -1.406713715888062953e-02
1.917999999999999932e-05 3.656824779090327993e-01 -1.424923304509986138e-02
1.919999999999999913e-05 3.657567000131967672e-01 -1.440226847020990159e-02
1.921999999999999894e-05 3.658205834358437825e-01 -1.451077529977269805e-02
1.923999999999999875e-05 3.657087161395956576e-01 -1.455715780483857365e-02
1.926000000000000194e-05 3.656257587914465979e-01 -1.467982567257749421e-02
1.928000000000000175e-05 3.655928017322557233e-01 -1.479098817618480950e-02
1.930000000000000156e-05 3.655907042049231781e-01 -1.493413083910804032e-02
1.932000000000000137e-05 3.656042375607583272e-01 -1.507727350203127287e-02
1.934000000000000118e-05 3.655465550259607843e-01 -1.524471743945445337e-02
1.936000000000000099e-05 3.655008554913535823e-01 -1.541925035357753597e-02
1.938000000000000080e-05 3.654775175852848501e-01 -1.555777470222780706e-02
1.940000000000000060e-05 3.655704659545868651e-01 -1.563592413329113057e-02
1.942000000000000041e-05 3.655524540203725636e-01 -1.579557421350549773e-02
1.944000000000000022e-05 3.653755900667474132e-01 -1.588826796900518618e-02
1.946000000000000003e-05 3.652325252960119673e-01 -1.599417414451621139e-02
1.947999999999999984e-05 3.651168144048959618e-01 -1.612688630402553044e-02
1.949999999999999965e-05 3.650070402299949723e-01 -1.624791808324993828e-02
1.951999999999999946e-05 3.649644378587122429e-01 -1.634144948992454979e-02
1.953999999999999926e-05 3.649184347139827755e-01 -1.640015862788760798e-02
1.955999999999999907e-05 3.649229929260668359e-01 -1.647549052565240243e-02
1.957999999999999888e-05 3.649607805019212670e-01 -1.651703526260601962e-02
1.960000000000000208e-05 3.650805929139074313e-01 -1.656022103629012018e-02
1.962000000000000189e-05 3.652693494767136895e-01 -1.661228944673931104e-02
1.964000000000000169e-05 3.653991055595850468e-01 -1.670469019864399135e-02
1.966000000000000150e-05 3.655338332209343011e-01 -1.669636501976815707e-02
1.968000000000000131e-05 3.656777266257139059e-01 -1.672070747372164656e-02
1.970000000000000112e-05 3.656819630259228182e-01 -1.683569734160553916e-02
1.972000000000000093e-05 3.656961495980139976e-01 -1.666998981170740579e-02
1.974000000000000074e-05 3.657211721083942213e-01 -1.668483128974499602e-02
1.976000000000000055e-05 3.658046063624176281e-01 -1.677087577929034512e-02
1.978000000000000035e-05 3.659121044967097447e-01 -1.682561716198587368e-02
1.980000000000000016e-05 3.660850751056994867e-01 -1.689033700441712818e-02
1.981999999999999997e-05 3.663063433768274924e-01 -1.694182343220812167e-02
1.983999999999999978e-05 3.664740056182766437e-01 -1.693894224435597839e-02
1.985999999999999959e-05 3.667282073079172755e-01 -1.703277198572164530e-02
1.987999999999999940e-05 3.669627798729571677e-01 -1.700130683538005061e-02
1.989999999999999921e-05 3.672806441892443319e-01 -1.699918483382632101e-02
1.991999999999999901e-05 3.676167912354181277e-01 -1.702179801225056285e-02
1.993999999999999882e-05 3.678688326248018559e-01 -1.710987445027590051e-02
1.996000000000000202e-05 3.681484417916980889e-01 -1.723994867952171467e-02
1.998000000000000183e-05 3.684933807875555023e-01 -1.741333253847475795e-02
